200 199 20
153 70 5229
25 141 8414
101 118 7091
20 195 4675
70 55 223
48 81 5999
154 181 7295
144 175 1806
114 133 7386
156 176 52
85 47 3882
161 27 4970
189 108 9044
191 145 4334
45 160 6959
162 200 830
89 84 9273
69 108 2591
169 197 7611
19 71 4989
117 133 9268
158 92 7602
178 169 6061
101 146 852
90 129 4169
18 63 6728
45 174 2106
61 20 1627
160 29 2935
74 65 9089
23 142 3959
176 81 4315
76 61 2732
186 102 9976
172 148 5949
15 5 5123
72 102 8459
43 147 2058
114 198 452
30 18 5303
13 60 4657
54 152 7479
161 2 9780
48 199 7535
146 75 1856
95 58 3559
2 190 4331
89 187 6161
157 191 159
141 68 8777
58 198 5246
151 181 1396
83 80 8789
70 114 1192
123 61 4159
78 97 7087
30 198 4606
174 100 5420
153 161 4988
197 126 1458
116 72 5315
65 95 529
175 77 5709
27 144 2988
15 99 6640
75 60 6997
45 51 1508
23 200 8870
12 56 697
180 46 7858
112 59 9190
148 82 7663
42 29 2134
95 116 4132
39 58 5146
166 70 1616
78 63 8075
126 160 472
96 191 2902
102 116 6057
177 171 2141
199 97 5507
168 86 7096
147 176 1697
11 20 6630
134 79 6066
199 146 6109
119 37 1681
32 137 5681
16 93 4609
96 74 4837
98 70 3487
150 67 8774
167 196 1959
138 69 2101
21 143 6090
126 76 1287
120 42 4089
102 47 5204
199 46 506
154 190 2026
82 177 2538
53 10 2606
147 26 8231
147 17 3678
49 126 532
60 141 2634
138 147 9441
162 60 716
126 32 5293
118 133 7278
7 43 164
101 86 8469
152 69 4212
20 60 4705
60 35 1662
112 128 4878
37 115 7572
82 188 9425
116 30 5950
72 49 8805
10 77 5113
32 93 5563
27 102 3778
50 153 2261
179 1 819
37 48 6851
175 54 9441
74 15 1601
10 25 1143
26 71 1107
164 169 7060
166 23 757
199 162 2065
141 186 4670
89 62 280
116 37 3913
47 181 3010
134 125 5035
22 132 563
146 35 99
159 192 4992
162 45 7182
139 67 2267
83 126 2199
61 41 6205
147 145 8125
138 41 9388
50 39 28
21 197 6221
1 108 2218
164 167 6599
101 45 5560
9 1 315
179 181 922
175 48 9035
193 138 4962
104 34 8171
93 147 1501
178 91 5763
92 86 4316
173 118 8425
138 38 51
89 151 1247
36 10 3201
58 118 2329
102 187 9939
139 2 382
159 194 8662
168 139 4251
81 126 5046
173 115 620
177 50 1131
85 118 2756
25 188 9638
117 153 1409
160 120 5471
108 197 9526
151 129 5725
100 91 3211
56 93 8557
31 144 8877
4 83 3924
27 196 3123
185 27 9885
128 64 7890
106 3 1852
163 14 4655
116 12 3172
55 61 3158
197 139 9788
83 139 5194
147 109 4042
136 14 3806
4 184 8298
31 61 4346
156 38 7451
79 44 1247
148 98 9705
0 16
0 12
0 10
1 56 61 628 18
0 15
1 32 84 4452 6
0 9
0 7
0 17
0 1
1 53 106 9898 13
0 5
1 103 198 1636 2
0 8
0 14
0 11
1 34 174 7015 4
1 131 109 7490 19
1 164 175 1047 20
0 3
