600 600 349
387 303 2458
429 25 6715
96 279 1187
289 283 5819
464 455 8919
329 475 9688
283 389 6765
118 361 6732
187 508 2115
83 184 5327
294 388 8158
593 187 1400
280 18 3023
575 460 5951
564 335 8793
10 34 1454
136 297 2390
17 544 9883
553 425 4038
378 219 8998
49 484 8674
173 495 1378
488 69 3626
402 486 2165
303 162 9968
33 75 2304
526 8 6651
516 567 5450
67 377 6218
343 166 2045
592 447 1920
300 325 8516
68 217 2201
16 332 7576
394 280 1813
451 97 9922
414 294 359
346 537 657
448 99 9628
521 504 1229
229 8 7402
597 393 3732
576 578 3688
225 539 4938
310 273 7305
529 577 4529
333 175 2821
233 234 7877
495 453 4332
551 238 3334
57 408 4346
58 548 2674
274 100 5043
241 303 3929
418 323 9227
383 253 7711
191 521 2698
581 87 4799
270 129 11
476 52 6869
149 120 5240
397 548 1547
526 432 5297
374 444 4838
461 258 452
144 241 7875
19 273 2470
132 152 3705
37 302 7256
272 86 7755
81 403 2365
263 166 5894
30 215 2950
360 519 3539
161 85 1155
325 119 807
246 345 9164
445 440 9311
114 534 4223
469 99 203
312 287 7610
96 100 7724
583 129 462
417 149 5209
525 360 948
482 40 8092
180 577 620
194 44 6513
9 486 8399
19 40 979
575 217 6762
576 8 1334
171 570 3542
237 316 8544
455 565 3008
171 593 599
189 251 4261
387 162 7509
519 389 6385
539 304 2164
52 182 1615
286 115 670
109 537 30
366 487 7063
254 18 749
370 15 9618
276 182 156
404 33 9453
266 38 4712
372 549 1311
460 299 3957
253 174 4328
9 530 8560
396 591 8432
457 492 2654
204 571 2975
41 115 1827
92 524 5507
306 465 3667
102 472 8831
281 233 1455
16 266 7690
136 398 4041
471 293 2634
204 305 7645
425 551 8640
239 152 121
291 366 1373
327 332 5074
342 377 9944
20 491 8138
53 299 6798
142 488 3968
55 213 3760
79 368 117
241 297 4496
196 455 2466
130 522 7764
171 314 3550
314 297 4128
515 311 2214
319 566 8285
445 158 5973
39 28 3942
116 500 1291
294 368 4615
266 457 3424
341 225 6330
310 594 9352
433 59 9295
542 97 1736
29 16 5467
386 551 1939
110 14 3881
83 395 7412
205 535 9531
115 30 8206
562 387 9102
86 112 8112
387 537 8790
592 267 3388
52 152 5107
451 335 1835
477 75 7484
357 106 1651
427 223 9970
511 306 4033
141 335 2484
319 549 62
66 180 4285
556 406 3536
459 480 1470
80 11 4826
254 153 5422
448 414 9726
401 395 724
127 98 1371
372 42 6726
101 567 4779
65 371 9631
156 115 2547
224 173 3627
593 2 347
68 314 675
46 534 4968
412 567 2125
489 254 1432
515 439 3767
565 123 9822
252 445 8982
583 6 4800
246 389 502
127 575 1937
426 151 3540
394 240 8430
521 214 2248
562 300 1427
64 264 5110
97 138 3610
600 307 7284
361 347 3315
209 236 180
385 448 4238
205 579 2806
342 382 5553
212 506 204
20 228 5636
414 235 9719
29 522 4262
264 122 1178
355 385 8063
559 470 7089
304 47 5753
278 107 8087
465 554 2098
216 74 461
190 594 5837
439 285 8566
400 98 8837
582 404 9573
417 515 1916
98 583 4281
118 545 560
357 399 9556
327 345 2212
263 225 1626
53 132 6119
309 426 8821
300 359 5712
525 26 5561
88 19 773
245 440 3747
395 353 6868
373 139 9105
52 191 5416
411 36 8900
351 248 3315
382 31 3310
417 533 1163
596 417 4618
449 276 8112
144 268 1764
589 508 646
276 242 927
436 458 2300
316 396 8186
456 59 7537
313 202 103
124 96 3404
170 304 1204
92 107 380
83 528 3489
9 365 2965
459 110 1200
156 590 8027
190 454 8055
190 562 3598
564 451 677
167 459 4577
339 225 9003
271 41 9498
246 262 9415
483 284 553
376 577 3491
485 333 971
34 431 4448
579 121 1642
40 272 6953
232 394 445
128 547 2735
225 433 1372
286 268 8029
483 218 6124
103 360 6351
347 69 3170
241 265 5098
122 417 155
51 346 9006
245 171 4695
58 21 6140
251 271 7903
374 145 7127
26 248 9032
125 530 5338
300 127 3965
292 169 353
384 567 6355
113 528 6084
207 265 4188
120 499 3506
409 345 3545
584 222 3804
50 391 5476
246 109 6247
554 170 8383
569 111 8364
448 396 642
15 157 9942
369 45 5902
350 561 9776
19 348 7817
592 307 5898
230 434 5767
57 29 4025
215 306 6176
600 20 9048
303 129 1326
592 349 2800
530 535 8878
36 82 5495
163 94 5018
163 370 9330
38 28 3870
9 281 2926
509 467 7938
140 481 3827
530 354 7851
330 394 7149
429 303 5962
399 55 2178
546 17 4978
239 435 2710
469 286 9562
464 181 7471
515 265 8776
394 575 742
504 127 3744
436 425 9655
580 114 3011
455 332 286
300 249 8308
85 288 2344
119 66 4377
480 21 7225
232 383 7157
334 317 7274
394 397 8441
83 359 4149
47 572 723
589 548 6755
368 1 9283
556 192 1407
581 214 5339
146 132 8094
172 233 6951
524 562 6602
489 245 445
496 574 2310
159 482 5084
183 381 7734
410 105 4161
96 206 2129
473 39 726
49 395 2677
379 204 5680
484 436 3734
531 21 9621
494 356 7065
382 217 5180
45 190 989
233 159 6475
288 119 720
40 156 5188
81 118 2595
580 56 6067
445 507 5659
459 385 8405
259 294 8964
279 261 5259
246 324 4486
11 79 4763
22 555 2705
110 135 1121
45 347 3794
386 421 1464
169 586 7638
114 96 1823
26 194 4391
126 379 710
287 589 128
98 289 7887
56 509 3584
60 239 1897
540 307 7088
130 374 7890
430 309 3420
401 498 4874
296 112 2598
10 28 5215
570 502 7760
246 103 296
486 531 7894
350 402 32
439 204 9383
338 252 1699
345 218 4549
305 118 100
510 206 1701
9 586 1045
116 568 8927
525 435 5736
417 164 65
532 362 9160
242 421 5013
179 166 56
351 263 9989
91 262 5537
247 299 4609
472 225 5341
52 231 3745
63 284 8342
416 87 1116
478 581 5898
371 92 5104
195 20 1491
297 45 6477
376 231 3376
284 246 5272
446 275 4204
212 360 1505
518 593 7828
527 441 2866
416 534 6725
553 212 1858
278 183 7877
45 155 7230
25 333 8690
467 191 1640
587 202 8123
111 357 8891
211 42 2143
21 347 4081
486 362 1147
408 251 846
131 466 2061
239 89 9102
481 510 5872
120 449 2669
453 580 8362
73 189 2354
109 115 3440
164 345 359
39 253 7168
553 373 8456
461 148 5099
385 163 6336
241 481 5603
201 597 4319
278 153 8092
563 183 4817
311 191 8752
244 512 1152
337 139 4839
576 193 9333
337 243 6499
427 68 3765
599 351 5355
384 310 1533
182 483 1259
27 189 213
468 491 5171
169 24 995
215 532 5662
355 403 9690
503 435 1089
364 125 6080
499 58 8845
389 439 9163
295 5 6800
349 148 6060
525 129 1201
587 564 8988
599 455 3695
172 107 9709
134 122 9435
393 596 7367
431 311 347
252 337 6076
217 539 9153
139 227 7041
401 563 2551
451 314 3967
193 466 9435
374 164 3876
205 6 8992
360 357 8829
103 412 7012
251 245 5884
470 242 8035
95 7 8467
429 589 9744
552 14 9166
274 243 3919
327 177 836
463 336 5845
333 436 1415
138 439 6189
556 453 1288
52 414 7349
266 453 693
105 32 3088
211 284 424
581 485 8161
519 65 6719
451 145 5471
483 245 7953
236 530 8274
8 20 781
440 425 5525
368 502 4389
294 578 5031
148 341 3579
426 379 3315
356 324 1210
474 288 8738
345 348 4643
126 267 1067
99 181 5280
486 435 434
474 261 4439
54 367 5613
441 416 483
222 595 5098
307 462 9245
458 47 4804
162 277 2969
38 113 1578
291 322 563
579 221 1105
379 188 8916
10 583 6296
275 588 3833
301 54 6890
532 572 4761
392 366 1678
551 441 8075
284 12 6335
34 403 623
439 523 3202
324 262 8094
51 549 9901
548 435 2868
117 18 6883
370 535 9187
444 353 8357
169 353 8554
582 142 4890
59 257 7326
147 343 8534
81 340 640
588 181 9794
55 12 6813
138 41 7905
590 447 4125
25 457 4708
568 557 5353
224 22 8898
462 134 5816
217 425 7942
75 568 1522
21 81 6917
206 13 7189
492 268 6831
62 489 2468
263 136 4256
304 408 7367
188 228 5710
13 411 67
542 187 5922
489 555 9498
368 155 9838
225 547 1190
571 576 4051
113 186 3229
239 79 5669
473 458 505
310 497 8988
70 143 7284
417 386 432
36 178 535
561 26 8464
18 8 3326
11 112 6310
493 28 9061
363 317 5890
24 232 9473
405 67 8379
495 77 7645
123 419 6732
98 326 5114
61 281 3094
522 579 4875
257 124 2741
356 411 4468
542 448 4676
457 90 2317
264 539 1057
160 184 6804
473 453 2407
352 402 6908
1 132 16 6750 208
0 302
1 473 505 6699 235
0 96
1 268 446 6552 105
0 60
1 476 65 102 47
0 226
0 268
1 16 420 609 192
0 65
1 14 541 3251 187
0 19
0 91
0 122
0 301
1 269 496 3833 337
0 37
0 88
1 173 61 1424 250
0 150
0 145
0 305
1 76 533 8154 295
0 232
0 266
1 303 109 1004 131
1 303 252 8680 300
1 303 231 1030 241
0 123
1 496 104 6823 190
0 253
1 214 567 9114 233
1 93 402 4958 217
0 283
1 464 533 5225 141
1 99 368 8628 116
0 99
1 276 345 3535 244
0 59
0 143
0 339
0 56
0 93
0 87
0 315
0 129
0 171
0 313
0 205
0 40
0 70
0 174
0 78
0 57
0 328
0 224
0 234
0 86
0 332
0 24
0 31
0 209
0 114
0 101
0 67
1 525 117 4069 270
0 142
1 51 422 3595 259
1 227 336 2318 291
1 336 480 9976 97
0 326
0 103
1 291 557 2032 72
1 395 217 1629 124
0 242
0 298
1 416 225 234 308
1 258 134 1669 237
0 257
0 277
0 94
0 181
0 329
0 6
0 263
0 104
0 73
0 288
0 90
0 164
0 319
1 64 507 5962 345
0 200
0 304
1 543 446 7576 162
1 437 521 8527 348
1 341 301 6180 223
1 84 25 9881 243
0 292
0 21
0 132
0 166
0 2
0 188
0 240
1 201 537 6961 320
0 138
0 185
1 416 291 5815 76
0 16
0 106
0 75
1 431 579 115 119
1 346 174 2908 30
1 570 396 4681 115
0 92
0 225
1 101 433 8553 317
1 318 205 8064 221
0 151
0 340
0 50
1 270 268 2521 107
0 314
0 1
0 258
0 194
0 248
0 44
0 136
1 328 453 6356 213
0 58
0 251
0 297
0 25
1 39 576 4285 272
1 471 186 9935 5
1 591 52 4393 20
1 479 299 700 98
1 375 243 2422 247
0 180
0 286
0 271
1 14 285 7470 269
0 176
0 239
0 144
0 230
1 189 390 8862 262
0 149
0 120
0 189
1 452 93 1579 184
0 89
0 284
1 146 500 6656 215
1 516 259 8859 127
0 323
0 198
1 324 365 346 156
1 38 453 1072 201
0 28
1 481 129 470 146
0 71
0 256
0 279
0 53
0 82
0 163
0 170
0 9
1 416 540 246 112
0 160
0 287
1 110 571 4515 334
0 130
0 64
1 317 498 9739 322
0 294
1 108 469 2811 10
1 593 231 4470 100
0 236
0 22
0 66
0 109
0 83
0 227
0 69
1 82 1 1356 186
0 61
0 336
0 172
0 309
1 453 534 8853 80
0 249
0 267
0 195
0 210
0 62
1 400 223 2418 51
1 269 4 536 265
0 46
0 113
1 291 37 3341 48
1 99 196 9221 196
0 278
0 52
0 169
0 282
1 207 435 3208 175
0 199
0 252
0 296
0 290
0 35
0 161
0 42
0 108
0 155
1 12 33 6508 81
0 173
0 110
1 145 574 8471 311
1 325 486 7197 338
0 214
1 303 544 8072 211
0 135
0 254
1 310 58 8277 303
0 41
1 391 320 2061 310
0 231
1 458 55 2961 306
1 530 20 1487 74
0 218
1 528 230 8496 245
0 152
0 95
1 524 266 2059 293
0 264
0 219
1 397 488 3830 206
1 552 209 1565 220
0 193
0 333
0 121
1 64 392 579 347
1 327 238 8353 17
0 7
0 276
1 224 478 8765 118
1 528 182 3743 43
0 197
0 260
0 153
0 183
1 380 425 1844 273
0 255
0 18
1 147 197 1096 29
0 111
0 39
0 84
1 117 159 8974 154
0 49
0 54
0 316
0 165
0 11
0 346
1 26 454 2083 191
1 497 297 8307 126
0 55
0 177
1 478 63 1614 4
0 212
0 179
1 234 111 4609 349
0 325
0 159
0 137
0 147
0 27
0 204
1 315 291 413 178
0 15
0 202
0 125
1 591 422 120 330
0 207
0 168
0 33
0 238
0 324
0 335
0 68
0 281
0 299
0 246
1 569 29 32 79
1 140 64 1432 157
1 91 408 920 167
0 85
0 32
0 274
0 133
1 334 594 1030 13
1 94 428 629 148
1 278 589 9678 34
0 128
0 63
0 312
0 77
0 321
0 285
0 327
1 454 36 9259 12
1 533 173 8875 289
0 343
1 244 575 298 341
0 102
1 202 346 5416 280
0 203
0 228
0 216
0 3
0 117
1 508 117 5290 342
1 239 291 8386 23
1 308 546 1798 26
1 381 475 3504 139
0 331
0 36
1 297 43 6172 318
0 8
0 38
1 302 409 2408 140
0 261
0 158
1 350 355 4138 45
0 344
1 524 239 1823 134
0 307
1 42 268 6980 182
0 222
0 275
1 183 66 3448 229
1 107 516 3194 14
