400 399 164
88 61 6180
27 238 7951
307 42 9108
238 169 6030
218 153 7297
182 122 6198
152 184 8384
110 291 1987
45 347 5904
82 357 4060
117 248 9119
90 40 9966
200 88 5306
86 274 4074
62 295 1283
200 73 1474
375 158 7847
139 177 8016
72 147 1746
313 240 1496
338 263 4581
116 336 2904
359 146 2884
83 361 8399
64 397 5705
368 120 9184
14 364 3898
369 245 7509
356 352 7725
4 260 68
196 110 9141
173 89 5462
343 272 9724
27 365 2425
348 308 1895
339 250 8667
250 156 8756
400 273 106
291 392 2396
214 93 6539
44 163 8581
116 255 54
228 293 5932
233 73 5989
146 210 4964
226 258 8801
283 288 8116
161 106 6797
258 293 9677
279 226 2961
95 50 701
156 13 1816
259 256 8125
148 159 5924
135 183 6755
203 344 1965
103 313 8650
204 106 1678
99 79 8971
335 278 4062
234 347 4587
152 62 3591
258 357 3744
186 105 3322
248 167 1288
128 282 7746
169 240 4295
283 289 8204
146 268 684
236 266 9227
22 293 5795
291 175 5411
76 62 6419
222 261 4532
273 398 55
182 1 9228
270 268 7194
345 18 6194
3 237 5137
126 299 954
8 100 4084
60 25 1036
50 310 7610
34 66 6276
346 354 6199
70 293 845
216 110 3549
1 278 5515
232 190 2622
21 395 7879
343 282 7013
286 391 6007
195 289 6048
15 36 3157
18 273 4623
386 271 7201
200 19 3880
201 360 9031
63 97 8201
330 133 1806
14 9 5256
218 22 3842
43 358 7953
214 221 2423
216 76 3865
97 48 983
17 357 2923
66 387 2108
3 192 7580
356 276 4998
38 358 7981
104 239 903
159 339 7347
260 238 268
17 241 522
79 282 5667
256 306 1816
190 314 298
179 143 6064
50 265 7971
245 160 159
305 358 8677
373 378 37
35 141 6748
23 159 7688
212 398 794
260 24 9657
175 277 8842
184 99 4958
366 216 6632
339 93 6623
155 308 7774
70 129 9823
115 81 4669
365 30 8802
79 10 2715
79 365 8241
117 317 6385
27 154 4990
268 262 4939
228 54 5194
68 400 4363
399 235 6048
77 345 270
323 301 2177
14 339 5334
66 151 5784
274 350 5144
302 377 9641
240 318 1523
272 117 1251
148 280 9253
239 76 8485
293 8 8288
303 122 7447
292 252 6334
23 369 9228
206 75 5238
349 33 3212
87 305 2346
178 364 255
264 59 3837
116 211 3321
147 301 2441
147 104 3463
157 156 3585
176 214 9201
49 154 6541
383 22 387
49 75 8946
135 323 8526
239 182 3416
198 185 679
188 16 9115
347 195 560
270 133 9372
191 203 7158
297 88 2862
148 232 8353
367 214 5900
242 160 4552
94 279 7642
7 119 9681
398 308 183
361 250 7545
388 267 7551
32 213 8077
290 308 3232
70 144 2208
76 36 8662
224 149 6654
165 240 7351
268 128 3332
180 314 8488
385 302 4056
290 172 4350
315 120 3528
153 260 5488
293 256 5624
280 31 6757
200 246 2482
365 314 8124
231 177 7998
285 247 1621
298 137 8406
8 113 6809
13 326 408
24 158 8047
77 232 2442
367 279 771
176 11 9983
16 313 9167
93 353 4966
137 376 1269
218 22 1793
41 185 8113
262 128 1429
255 163 4833
80 86 3398
229 112 293
253 225 3426
24 306 2963
156 365 4178
255 214 5867
126 190 3577
157 397 6200
365 58 2618
368 39 5890
201 392 1809
179 266 3547
121 371 5636
48 329 6262
353 298 3739
158 260 2181
274 386 4374
171 160 7137
113 149 4503
235 391 1616
120 82 290
387 156 811
299 365 2494
337 164 1222
228 322 896
114 378 9780
391 215 5489
305 281 4187
265 303 7851
316 393 4086
282 227 9784
344 42 115
26 211 2055
278 303 9595
273 59 1927
64 109 9104
59 185 1805
328 302 3501
61 207 4672
156 92 8216
334 193 7472
389 72 9959
199 266 1329
344 314 6058
348 279 3565
351 387 9959
115 391 9579
242 140 6881
169 200 9249
392 133 8967
166 321 6231
18 48 7833
281 117 9021
79 37 7046
206 255 1045
10 97 7973
129 313 7084
9 171 7788
211 375 152
182 90 3578
347 157 6887
3 339 5910
39 370 2290
211 394 8656
34 282 3830
373 115 3913
7 90 6197
309 375 5502
136 343 5007
214 136 8564
65 316 475
355 377 7636
249 29 6407
167 92 5186
221 301 5707
42 395 7801
228 40 4797
83 160 5519
387 205 442
6 350 4198
353 42 8702
129 328 1895
1 330 8138
76 243 7945
16 162 1190
128 321 8410
104 29 8129
61 68 289
107 194 9743
61 102 567
306 94 6511
310 272 4398
37 131 9700
82 282 6053
329 142 6470
379 345 4426
72 107 9864
263 118 14
115 135 22
347 259 929
77 302 4889
3 208 6441
25 293 847
257 380 2224
89 302 3159
82 376 4939
163 16 7182
181 277 7700
264 248 136
324 262 8406
274 374 7751
216 26 4384
70 182 6163
373 259 9305
46 238 3726
210 246 8821
44 397 4537
338 54 2594
118 19 2784
121 94 3395
319 213 1894
191 116 9482
101 302 9718
225 275 5044
187 327 3404
362 121 4381
390 297 7278
89 362 2610
223 53 8114
391 2 5457
69 62 5459
259 372 2812
26 268 2427
100 153 8044
174 81 1694
389 42 6957
303 295 2881
23 355 3674
223 353 5153
53 29 5366
262 344 8225
155 80 6328
209 283 8828
151 347 73
77 84 9281
25 180 7293
187 80 907
349 11 6554
359 78 3848
115 248 69
350 366 7405
318 150 4415
159 32 886
66 139 852
339 76 7741
196 39 5240
133 55 5633
399 166 8073
152 241 6904
86 182 7278
389 166 5430
238 128 6315
389 16 8504
81 209 4397
166 66 5157
149 297 9086
206 81 5129
161 303 5532
155 104 1444
109 281 661
270 220 3618
10 153 7797
174 205 3891
143 293 830
295 180 3933
267 393 9948
264 280 7123
49 34 1016
348 201 9684
183 46 9394
341 370 7868
0 9
0 132
0 28
1 167 294 6657 111
0 20
1 9 169 2082 65
1 323 181 1420 17
0 48
0 43
0 42
0 80
0 18
0 149
0 163
0 1
0 100
0 37
1 290 319 6805 120
0 61
0 135
0 54
0 97
0 134
0 6
0 77
1 97 211 5968 131
0 161
0 126
0 129
0 106
0 105
1 8 128 6006 13
1 137 359 9712 118
0 147
1 345 152 4543 130
0 46
0 4
1 33 274 7224 142
0 122
0 47
1 391 243 4013 128
0 160
0 55
0 127
0 144
0 45
0 94
0 123
1 57 320 9137 31
0 14
0 62
0 90
1 160 125 4766 154
0 7
0 30
0 67
0 16
0 22
0 36
0 41
0 110
1 263 98 4366 44
0 71
0 25
0 121
0 2
0 10
0 50
0 125
1 90 199 8608 29
0 146
0 39
1 194 391 3310 151
0 73
1 185 222 4168 136
0 84
1 256 329 4607 141
0 33
1 374 207 29 113
0 124
1 196 347 6254 79
0 108
0 137
1 113 358 2273 49
1 88 16 2790 58
1 211 185 4863 27
1 310 226 4722 155
0 140
0 53
0 87
0 152
1 94 88 6034 64
0 57
1 117 123 4103 99
0 117
0 52
0 82
1 45 376 2284 19
1 392 169 1535 51
0 158
0 21
0 5
1 363 229 6015 150
0 78
1 46 40 1297 24
0 98
1 65 315 9580 143
0 75
0 119
0 138
0 12
0 91
1 58 185 3236 114
0 34
0 96
1 233 21 3896 101
0 72
1 103 17 8903 92
1 71 303 6590 23
0 95
0 93
0 86
0 38
1 108 256 6589 116
0 11
1 184 364 5432 164
0 68
0 70
0 8
1 302 92 7296 66
0 139
0 162
0 69
0 145
1 56 321 5523 148
0 32
0 56
0 102
0 103
1 375 153 2528 40
0 109
0 88
0 112
0 76
1 83 224 7558 107
0 89
0 159
0 81
1 329 238 531 85
0 156
1 21 45 6771 83
0 15
0 35
0 133
1 16 160 580 26
1 298 140 3821 115
0 157
0 60
0 153
1 16 380 3964 74
0 63
1 104 157 9120 104
1 185 52 4162 3
1 14 331 9674 59
