1000 999 165
774 658 6720
909 427 2849
187 88 4690
693 810 6146
101 519 2711
533 185 376
806 337 2903
68 280 5436
521 503 1481
99 230 4318
115 348 1964
287 605 3962
404 588 7817
545 559 8792
516 370 9066
113 544 59
582 687 5038
375 643 5957
519 322 5875
974 705 9211
565 798 9842
687 189 9867
178 599 1168
245 699 9482
372 939 7728
294 699 6768
655 628 9960
163 874 5740
948 38 7467
759 577 2325
221 652 9678
378 225 5263
377 816 3697
29 304 5718
236 793 906
574 659 8136
228 618 5423
646 6 357
558 880 9761
94 754 344
995 990 8794
397 781 8313
945 930 4068
299 222 8584
304 122 7511
127 988 9662
642 309 2973
591 730 4999
422 344 3766
552 484 5283
487 430 338
61 627 9143
981 916 6327
306 157 4265
177 194 1728
458 393 1052
297 1000 4609
953 551 9731
849 323 708
191 712 1874
397 286 1821
868 155 7728
229 733 2150
279 751 6768
123 96 1278
68 970 6516
557 118 9836
919 879 5694
301 799 3925
501 711 839
19 192 4444
591 848 9382
540 282 5550
77 543 4227
552 997 6872
980 437 5487
333 505 486
255 737 4871
995 963 1233
475 715 1676
744 9 4876
63 343 6510
874 714 2179
613 73 1909
640 815 6756
4 777 1861
656 624 4385
931 176 9963
553 47 2974
146 698 4022
198 37 8445
712 876 8720
693 750 8227
29 587 6691
556 544 5997
829 95 2422
122 801 3821
824 691 5510
187 251 5679
329 889 3922
372 973 8310
4 630 8237
377 936 8134
511 26 8890
381 251 3474
82 297 8234
237 300 6180
107 887 1848
344 620 9802
329 935 9777
327 139 5728
668 15 564
94 393 5448
971 605 5289
961 842 494
869 114 9016
26 550 8097
210 263 8669
528 40 5021
426 624 2682
145 320 8108
471 11 7880
9 218 4275
269 340 4411
51 774 3641
774 409 2088
109 547 3348
433 593 8891
707 243 6865
496 13 2451
924 661 4970
441 448 3022
197 57 9395
638 376 1023
631 640 7163
23 600 4845
18 461 7272
435 266 3633
396 291 406
328 601 4164
277 770 4508
554 562 662
246 644 5367
174 512 636
267 194 8299
677 874 1148
23 209 1962
901 330 2851
444 35 8559
583 774 2083
522 878 9636
701 819 8520
827 831 7988
728 754 5675
120 517 4070
76 292 6463
251 607 1047
788 532 7278
781 319 9791
463 789 9278
362 250 1921
731 496 3443
305 499 6456
346 937 5451
406 299 6327
895 158 1174
783 606 4294
867 56 5315
701 91 2291
68 929 7969
366 282 7622
437 752 2743
866 603 6187
515 867 6182
934 865 5698
216 806 2004
579 169 1791
38 2 1758
381 617 4452
763 954 2691
214 646 3704
29 372 3039
542 490 784
253 919 3180
40 79 8659
473 425 1252
504 946 6269
425 886 1279
396 947 7707
300 485 3736
89 85 3458
784 218 2698
181 372 5171
167 326 310
894 51 4217
816 560 3345
278 911 7305
683 881 6853
602 83 1642
345 919 8012
227 202 8953
768 945 1863
116 646 4923
257 216 3800
593 526 8105
836 255 5103
580 811 9949
598 557 3440
108 392 5935
535 518 7528
539 452 8710
788 922 4140
206 734 1678
669 725 5293
56 104 124
890 848 8723
644 182 3063
999 852 2220
649 773 9362
412 467 3378
322 30 8827
54 756 9954
669 532 9620
814 109 2456
936 474 6105
505 22 8489
939 221 498
348 317 3566
532 51 7646
791 164 342
328 389 2425
201 146 6770
602 981 8637
638 869 3296
43 421 3974
429 190 7938
766 192 4301
826 445 8604
837 24 4978
737 241 2191
558 403 4855
719 697 7499
884 35 5469
106 527 4778
626 639 2350
381 347 9282
608 661 6791
629 178 5469
181 981 4134
447 499 9996
522 124 2027
5 540 4311
514 715 3506
843 616 2522
510 682 6419
541 109 823
812 794 8705
902 896 6919
910 330 1464
247 457 1325
229 342 5032
788 904 3917
276 167 57
856 907 4246
43 369 8606
454 867 1192
607 660 1600
361 975 4553
485 602 3327
578 168 6878
318 878 9559
675 287 3163
973 401 903
593 625 3885
562 628 8908
246 395 7564
748 446 1303
192 918 3273
545 454 6544
139 727 2586
362 963 1579
115 624 2020
642 953 1055
980 586 4319
324 534 4339
287 571 9874
287 198 4921
569 266 7735
146 718 7725
415 360 539
803 556 7357
408 394 560
852 58 3114
706 609 4351
934 35 6548
813 281 9589
842 33 4067
56 527 5962
418 871 893
924 353 6448
597 634 8269
551 844 8278
326 231 5173
9 84 1023
822 939 7818
675 254 7690
336 378 5710
840 184 4334
255 251 2629
705 29 3981
252 394 4122
477 148 1531
512 929 4255
407 614 5672
496 376 7608
616 994 8066
722 388 2623
740 30 8490
324 479 5643
428 858 8518
897 383 2218
494 586 3093
271 28 3824
201 719 6201
787 121 3311
194 453 9924
885 862 1373
510 10 3236
42 591 7166
274 617 2803
945 886 7323
441 93 3781
326 685 9406
614 611 100
167 540 3232
606 713 7366
182 130 6072
323 379 4314
768 77 7188
298 893 7139
497 27 1658
294 98 2081
800 212 3442
489 234 8987
397 117 250
301 206 8545
77 68 7296
483 738 8000
581 922 9821
745 397 3361
87 516 5740
582 79 5694
904 262 334
680 636 1078
2 434 5066
976 933 7343
852 866 2023
417 105 1441
994 154 7401
453 362 5606
750 148 4493
776 256 7733
652 91 7098
802 956 8280
894 844 7279
168 706 5947
271 690 7849
391 241 3607
949 381 6008
655 407 732
422 536 7427
837 427 2027
609 868 3304
383 909 2685
291 462 5020
495 713 6377
203 879 3154
614 292 7410
853 629 4012
620 10 1887
231 447 3362
25 373 601
714 79 1444
443 30 1625
314 381 5122
358 680 1876
305 673 4508
944 92 6793
192 399 3528
778 740 9410
58 36 5030
410 94 4241
248 534 7792
561 913 9982
783 391 8738
570 588 9562
149 958 6486
554 758 2679
767 880 2694
221 435 2439
657 481 9690
332 356 7205
200 315 4689
207 19 2852
417 238 1841
143 906 3956
686 607 7555
293 208 5587
147 839 731
369 689 7809
443 387 3765
155 714 8908
697 757 9328
371 728 4545
170 244 1189
362 823 969
443 305 8588
347 260 9223
390 381 968
655 212 7216
579 693 948
248 991 1033
277 714 7905
437 196 3612
830 528 7198
965 939 3039
741 95 5864
797 509 2622
807 340 8067
460 858 8015
564 501 9315
320 969 1560
941 904 5012
587 550 6397
232 241 888
946 88 4733
485 279 6183
747 537 4242
506 450 8139
947 137 8405
472 396 9254
98 469 6253
131 93 4048
372 224 5394
47 838 5109
282 224 24
652 203 6349
776 714 8802
832 120 7938
698 347 6563
737 186 8749
960 403 1839
316 926 3262
668 116 4734
434 184 8060
88 126 2757
973 598 8178
844 994 3280
434 489 8772
665 141 163
638 427 5497
748 337 2241
349 987 6185
826 916 7404
302 625 9157
974 301 5790
941 591 6372
607 696 4581
180 361 3942
390 195 4947
499 97 577
738 166 1136
694 519 7590
11 699 955
185 492 6988
639 739 3027
519 867 4208
183 759 6676
219 916 172
418 109 8923
80 886 5406
966 105 9494
72 975 6154
746 682 7617
151 3 2121
237 694 9989
221 914 2318
381 954 4880
326 123 7330
146 936 9217
587 626 7718
858 124 2310
524 779 1578
704 431 3091
110 786 3226
789 156 1401
809 482 7880
893 633 3174
671 741 6702
43 105 7269
565 81 8062
602 624 3505
682 294 5778
527 459 7431
458 108 615
81 163 8863
561 389 6003
671 336 4069
992 811 6059
963 350 698
117 216 9791
171 838 131
65 82 1666
871 2 7482
909 101 7507
507 530 9206
127 796 2056
573 262 1425
680 371 2639
532 543 5590
974 296 8145
340 801 3793
607 995 5841
587 474 2559
337 388 1464
616 74 6316
572 102 715
22 411 7301
833 531 7289
811 66 1592
772 139 5846
622 663 4893
515 736 4985
382 69 110
268 150 7759
443 830 8748
834 34 4695
289 277 2091
706 591 6386
201 639 966
834 456 1450
467 113 804
220 862 6436
795 444 6776
726 747 4269
388 984 7518
397 757 4057
966 819 1826
49 926 3715
830 355 1630
6 502 2554
179 520 9255
912 712 2526
812 4 6455
24 934 2312
204 911 2096
161 772 7536
827 53 1979
752 902 6738
473 214 6532
932 985 4481
684 144 9864
58 948 2860
172 661 2330
666 876 5790
505 743 2770
230 47 5156
946 43 211
905 761 9938
906 360 7774
329 433 3645
157 504 4237
642 216 9217
644 795 9907
915 484 1260
456 643 7128
811 799 6626
901 942 2802
289 586 7914
230 149 5229
36 171 1791
870 289 7914
868 996 9767
930 906 1637
110 327 8775
323 184 8903
708 478 3196
191 247 7462
84 86 3565
864 288 1155
217 849 2213
732 779 7003
228 268 3436
394 172 1280
147 844 2083
794 191 9862
251 633 3250
306 38 551
449 125 5249
906 75 9485
536 507 5933
795 575 6910
315 268 9166
355 978 3426
33 83 3110
383 259 3809
830 468 7590
367 685 8222
961 630 4071
344 950 9477
394 380 667
625 488 7846
948 357 670
767 676 2222
423 242 1438
920 2 2189
226 937 6383
39 232 5391
253 833 5162
733 964 9487
831 275 4631
267 621 7792
251 795 1818
734 869 8815
831 152 2352
780 431 4927
60 597 8922
792 13 7213
631 556 5148
480 53 5788
179 398 2351
562 757 1437
252 937 9463
118 517 492
52 161 5922
660 655 8015
562 249 7201
320 113 3806
531 84 2418
834 822 1909
896 546 8713
592 413 3536
359 817 7800
160 629 8608
855 147 8853
840 142 4409
489 442 862
343 767 3968
15 946 9461
610 54 9301
2 191 9156
20 13 5073
496 761 7132
152 241 3396
241 180 7527
942 677 8027
113 723 2617
340 892 7889
7 198 7264
434 608 8955
267 551 5614
150 655 4658
308 142 5534
548 581 1255
852 723 652
434 523 1765
819 553 3023
246 82 9092
268 12 2474
143 129 1423
193 907 2603
208 985 8091
747 936 2641
150 414 8719
675 651 9561
962 614 7796
776 810 5199
879 321 4969
378 373 2800
302 284 1191
983 774 9703
282 252 3435
968 416 8779
306 252 7855
605 267 6271
861 963 6553
32 67 4233
60 872 7832
400 316 4727
796 917 4899
169 322 7314
903 527 4407
598 847 5622
3 951 5070
207 935 1569
785 864 75
951 793 7151
942 856 7643
824 327 3876
50 292 7324
401 845 3838
16 646 4127
518 750 5790
551 182 3426
367 460 1145
148 264 3137
950 467 3343
889 75 6600
741 373 9151
966 389 3195
319 556 913
149 764 4255
106 514 5401
512 205 365
585 979 7095
490 448 930
54 94 8601
989 945 2173
432 579 8881
196 517 693
331 225 9732
768 983 8706
79 822 6199
196 815 1966
141 47 468
466 65 2778
657 779 5516
598 932 523
588 949 7898
728 819 470
32 380 679
126 726 1183
992 657 3727
668 833 4951
825 51 335
473 913 542
879 991 5959
199 872 7255
374 944 6789
597 384 5233
933 663 5909
98 259 494
900 742 5690
762 428 6749
253 38 4240
231 708 8160
936 350 2821
902 332 1258
672 109 4931
615 426 3698
501 60 9634
710 322 8415
475 617 2717
400 38 6695
223 659 217
770 179 4371
125 805 6616
733 908 8391
996 654 1241
868 13 7702
304 753 9395
804 642 2138
454 688 3250
956 327 5765
381 982 2778
85 810 3588
374 441 4743
867 731 9791
479 836 9727
24 440 5651
407 610 6467
590 524 1687
542 645 6221
670 565 6776
79 925 3031
918 517 8311
102 444 6276
554 585 3404
698 381 2784
631 359 3391
794 268 6691
673 534 151
696 157 2391
703 31 5161
271 871 6050
293 929 530
99 441 1180
239 884 5489
29 537 5554
353 196 1208
736 447 4620
159 886 2888
40 610 1442
208 721 6844
123 857 4411
410 799 8738
5 620 1711
780 504 5751
545 900 4050
642 568 401
785 791 9865
15 218 6679
457 261 6575
490 759 1091
793 687 6165
798 234 6383
838 292 5560
904 484 5440
287 232 5113
406 279 8783
210 543 9182
414 99 9785
895 725 9711
146 231 7369
965 870 5253
580 478 8760
64 923 7066
117 44 5800
573 697 4807
707 133 9944
742 549 1132
657 309 4836
253 197 9282
801 288 838
914 394 8879
540 561 4836
562 704 7982
855 376 7753
745 61 704
809 421 3720
474 997 9975
237 32 1625
902 507 2144
355 749 4600
271 393 1632
987 109 3318
61 105 6555
928 282 9806
989 911 6360
235 517 5153
52 97 2992
742 12 4098
159 766 1243
307 722 5800
28 18 7126
479 51 8471
147 406 6076
741 170 1090
413 290 9521
698 108 8261
690 480 657
114 544 2696
931 410 3707
771 420 7107
809 826 9616
591 518 6450
742 408 2989
583 936 7433
255 321 1276
404 192 8200
601 223 5822
430 701 1973
11 568 415
692 924 7827
327 102 476
714 364 9498
1000 826 1874
510 61 1068
142 47 5292
211 504 1682
467 835 6261
847 461 6779
669 269 7990
523 202 1115
572 332 5090
777 590 8530
763 476 2093
754 101 7960
628 448 4006
998 180 9464
496 597 7791
949 482 3787
975 258 721
882 593 8677
26 745 1247
333 528 4948
580 474 6161
829 541 8297
645 991 1650
783 892 3417
930 783 6876
748 95 7394
484 609 2176
623 632 5882
351 325 2628
922 409 9440
442 497 4460
334 786 4883
518 220 1865
33 819 655
153 371 6571
984 692 4042
760 858 7959
601 847 3989
460 968 106
806 685 8428
648 272 7296
894 342 4047
597 357 2706
755 558 5081
216 970 9368
703 943 7194
485 519 4237
896 856 4241
11 394 254
523 176 7937
544 310 3
870 637 5768
686 440 7985
384 918 1559
341 726 7793
309 873 1076
34 121 2642
555 149 3216
938 566 9567
780 987 8438
129 584 3328
327 1 955
945 59 5900
632 916 1506
983 763 9498
899 306 2807
143 185 7762
25 671 8725
206 907 9195
689 503 2632
49 310 1009
208 986 4670
401 425 9069
297 800 4561
991 160 6344
405 155 7689
480 986 3995
612 645 2254
416 354 4673
517 619 3392
985 724 2214
440 640 3781
911 512 1679
569 783 581
521 761 578
276 812 5578
947 967 7477
174 678 5956
865 681 719
99 684 3711
868 475 3496
571 747 5128
543 313 8996
128 724 1989
374 529 9856
886 312 5755
241 376 6069
248 114 701
472 30 5773
652 475 2674
112 908 4014
937 358 7684
779 533 1809
308 525 2986
634 576 6217
650 745 1495
753 867 4867
408 455 5633
342 34 7722
737 163 7346
206 617 810
529 157 9707
962 225 841
150 47 2941
161 812 2623
526 433 3250
638 835 3916
776 270 6246
87 864 7250
315 1000 7095
985 959 8471
490 372 5964
897 102 2970
37 626 2522
589 334 1427
10 790 6237
740 839 606
778 234 440
374 892 3802
782 240 6361
63 412 4258
47 807 6356
167 794 6659
0 57
0 39
0 143
0 110
0 21
0 42
0 146
0 135
0 28
0 151
0 7
0 130
0 15
1 533 813 7940 158
0 83
0 114
0 92
0 103
0 78
1 685 454 5359 155
0 40
0 157
0 160
0 49
0 162
1 951 373 9050 161
0 74
1 683 54 3936 59
1 314 969 4013 76
0 99
0 48
0 123
0 16
0 23
0 56
0 1
0 119
0 139
0 62
1 58 790 2351 163
0 71
0 91
0 72
0 80
0 109
1 12 35 9652 26
0 97
0 19
0 101
0 46
0 128
0 165
0 106
1 420 716 3508 120
0 37
1 471 626 8074 132
0 122
0 154
1 935 889 9257 38
1 651 541 4860 11
0 127
1 921 552 5814 142
1 322 442 9971 87
1 493 923 3819 117
1 125 875 9943 77
0 144
0 164
0 22
0 159
0 17
0 79
0 108
0 147
0 73
0 51
0 105
0 45
0 98
0 136
0 24
0 86
0 35
0 129
0 13
0 52
1 121 589 5388 95
1 507 317 3918 32
0 137
0 104
0 8
1 885 449 3093 85
0 6
1 264 395 3741 140
0 9
1 633 321 4359 69
0 96
0 5
0 113
0 102
1 798 735 2935 116
0 125
1 66 123 37 93
0 61
0 60
1 636 350 4465 54
1 73 55 3992 118
0 115
0 30
0 10
0 89
0 34
0 12
0 150
0 138
1 551 279 7347 3
0 82
0 14
0 58
0 141
1 507 890 4269 100
1 14 926 7066 53
1 909 636 2966 50
0 152
0 134
0 90
0 124
1 641 723 4309 68
0 4
1 212 258 6906 43
0 94
0 41
0 107
0 47
0 44
0 25
1 834 946 358 64
1 468 488 80 126
0 148
0 63
1 863 127 6947 88
0 149
0 27
0 75
0 20
1 882 839 852 65
0 133
0 145
0 18
0 31
0 81
0 131
1 34 730 2733 111
0 84
1 378 566 61 153
1 68 443 1541 55
1 501 428 3089 36
0 67
0 121
0 156
1 615 942 5860 112
0 70
0 29
1 415 700 1381 33
0 66
0 2
