1400 1399 1054
1003 521 3088
723 773 7774
137 502 2427
751 291 5388
805 1289 6539
1309 1091 2473
566 1016 3228
1005 1260 3835
484 15 4353
1226 643 69
797 702 3877
1337 461 8911
27 1399 2860
330 872 6496
152 770 6409
1192 806 866
227 223 7649
442 1175 8731
654 321 8849
1082 1111 1748
508 1143 9496
1070 1155 2178
1200 57 460
899 1150 7072
601 517 7071
549 475 7534
1360 967 4726
614 852 1594
609 590 8310
475 880 5121
930 1384 8880
922 412 7058
476 618 2227
330 279 81
1361 720 7642
418 1246 9255
1271 1398 5163
517 1216 5481
646 367 3038
1002 289 382
432 1037 8267
349 1074 9651
495 704 1554
1374 871 1481
1176 1252 9481
1267 545 32
502 343 1247
1167 179 6302
1114 39 3151
1158 523 4560
1299 604 1891
729 1182 3094
828 35 319
1040 1157 2498
605 640 6628
496 757 1049
1253 756 1153
1352 1302 6966
606 793 535
1382 1276 8872
470 925 1200
929 1319 8694
1336 306 5726
328 1205 8
202 940 1162
730 1353 7961
923 1290 5952
527 299 5601
714 753 4311
844 181 6321
897 12 7536
75 84 7011
692 107 6329
192 648 3263
739 1172 3975
858 466 7421
1210 1265 5713
177 1283 3420
461 899 1886
309 398 7669
1 607 1807
759 302 746
521 323 1564
1236 220 9381
1382 193 86
1136 378 9263
191 606 1315
69 275 2248
863 642 6207
169 464 2422
269 902 4454
775 89 6836
943 822 3369
1062 309 7320
1279 275 2159
700 598 107
217 1036 695
639 1163 3788
360 568 1350
1112 1125 3554
36 797 3404
541 12 140
297 1315 4880
590 825 2947
1178 325 5410
1020 687 8616
563 709 6422
1184 413 5609
608 517 3261
95 991 4851
1 350 7597
762 1375 916
479 412 5591
1227 1286 6897
565 269 3849
890 990 4379
1088 836 1465
144 453 360
1077 946 6202
768 1232 6021
1031 1001 7375
7 1031 7762
794 260 8160
1073 404 1038
1060 269 8512
1367 204 8312
291 1305 343
988 289 436
832 407 1375
46 1258 9917
210 794 2842
172 1335 4157
909 853 6369
1222 235 1700
709 211 1321
726 1186 3383
768 1059 7565
348 900 5342
528 839 3970
1333 582 7449
1092 684 28
1376 956 9498
1338 1323 8212
365 1072 5901
772 1388 5277
649 576 2646
599 676 7302
1366 1166 4179
420 471 3936
1265 345 2110
1101 949 1113
197 180 7503
1381 782 6074
440 527 9493
257 516 2112
287 1372 5969
565 13 8685
91 214 9489
1111 379 5937
1266 975 2883
805 495 9351
1200 287 283
955 1313 3513
72 201 6722
1343 840 3038
666 292 8150
126 61 6670
733 808 2570
204 414 1614
1364 1054 3173
391 428 6377
901 449 1464
774 623 1651
1154 55 4461
524 362 5761
1039 1376 578
397 972 8118
367 762 2271
451 123 7939
409 1337 5828
735 726 9525
1314 986 3260
529 818 8861
54 388 4847
563 829 6592
1123 849 3460
1347 852 8307
1010 571 5973
217 801 9041
590 1118 1349
636 211 30
466 259 6636
1080 1382 5528
168 345 410
404 642 6024
1218 1338 2535
88 1154 5335
688 926 3259
213 449 3525
508 669 4065
426 1191 6249
413 645 7823
1103 728 160
1039 95 4209
887 546 4103
287 33 1622
1181 700 3126
695 793 4702
1391 406 4003
351 393 7548
706 307 8724
1126 240 1771
1116 1379 2457
195 310 76
297 911 7090
1029 1299 6086
917 354 6011
191 842 5445
1037 1251 1029
1060 663 6326
620 938 4557
536 861 6303
372 500 4880
123 766 2038
714 307 3575
657 790 6465
588 440 4097
394 272 9639
796 665 288
1327 584 3888
580 1147 147
1304 1034 2329
980 822 148
1171 117 7601
932 1322 7343
334 530 7143
1106 751 7564
421 208 1895
69 1181 4424
1376 202 4156
641 800 7994
1149 1391 1548
857 88 6899
636 456 8176
446 44 8243
149 1030 9764
760 192 84
993 252 1315
1025 6 589
1163 676 1795
827 785 4551
782 1216 4038
665 1119 3822
541 411 2070
664 540 1958
349 397 8509
564 688 1715
1142 25 8901
556 1003 8564
1083 141 7069
1082 478 875
1120 214 8750
672 448 3932
1363 123 6350
797 430 4670
1319 160 1952
305 25 7046
655 677 6912
1133 478 5710
1221 310 8465
137 666 2730
473 386 3663
44 677 7540
768 529 4047
847 1182 4554
828 307 9185
92 615 185
797 949 7684
566 1179 2699
641 1281 4724
1153 1175 2212
839 219 6379
1113 66 6539
716 1027 5665
84 1157 1229
775 1256 3380
383 133 527
1195 1141 408
833 916 8301
391 1027 4199
114 426 1157
1102 1398 7651
105 633 3013
1090 1138 1322
483 574 4929
1100 1013 5675
477 500 4427
1046 1099 3440
693 910 9981
660 976 8010
1216 322 3541
67 404 8530
141 617 9530
1132 155 6110
1379 864 7560
904 359 6459
1076 1343 5219
1059 935 2520
983 394 4063
184 511 3242
273 763 1389
1273 204 2948
822 19 5481
458 460 2675
603 44 4794
895 1256 4094
342 444 6138
1067 1211 5315
1190 737 6686
540 821 7421
459 1170 8460
950 543 9876
1028 85 8886
106 255 2449
1072 1198 1856
1076 39 4622
557 35 3134
395 506 9366
748 22 92
1057 1352 9811
668 424 4466
139 288 3951
484 341 2339
152 1380 1989
726 741 6882
82 1316 1918
1084 1283 7654
295 293 6193
134 999 2998
1209 79 9973
28 57 8467
1282 39 7106
276 86 9128
1248 772 9275
1199 273 9928
248 866 3161
212 1312 1905
803 1023 3563
490 65 6805
1014 700 9112
851 139 3683
1152 521 9824
361 781 5592
325 47 2933
611 1038 9354
248 236 630
125 1019 9597
581 1164 6980
594 855 350
1153 417 5060
352 425 3631
782 696 5695
26 1395 5440
3 717 8776
1026 209 85
375 967 7531
1045 967 9729
942 1303 3927
791 962 4038
460 1091 70
932 226 5554
232 924 2114
554 990 7218
310 906 3314
336 73 2228
1190 1333 4404
304 202 5248
399 661 5897
951 497 4630
1211 1290 7970
287 1304 8503
416 794 4465
1152 1290 4079
586 599 5914
20 232 3789
932 865 8103
949 686 3836
299 118 1175
220 215 9649
1073 842 8747
430 1123 2171
1286 626 5565
787 802 9281
846 445 7467
234 809 5740
322 427 4906
221 916 5529
524 122 73
769 1209 6564
442 1037 8455
361 1092 4238
432 213 8919
1352 274 404
357 260 5753
347 885 9422
154 515 2671
309 348 2744
60 365 9068
549 532 1005
1185 100 9404
726 949 688
228 129 4629
637 193 5846
145 332 9787
96 652 9610
1030 626 7729
365 1240 1653
438 347 7833
1386 1227 9276
428 595 9152
1294 84 8888
177 832 4592
1306 1158 1556
1386 263 4657
482 1025 7509
629 432 9538
1283 591 5003
741 1162 1128
1274 288 2713
26 1286 1392
487 1057 7507
104 503 437
126 543 2575
317 335 7210
994 662 4698
1299 357 4229
361 1273 2606
697 1102 7435
477 160 398
473 689 2193
661 77 1908
1117 757 1784
1353 453 7962
347 461 5108
17 750 5070
875 282 297
600 1068 1161
1157 704 1616
1280 359 3509
29 478 4278
1327 1216 4942
511 1197 2200
70 363 3870
950 1231 2937
53 166 4180
1314 954 3008
576 736 4436
403 493 1388
78 355 4974
155 1172 3038
794 1125 3532
613 617 4549
403 61 2578
917 578 709
737 552 2158
1235 914 1277
1116 1214 711
1072 462 1487
781 1186 781
324 320 3961
174 727 7377
977 499 1402
1139 693 40
1277 462 2751
651 184 1320
574 3 3289
734 1135 6797
231 820 3016
127 514 9552
1116 1065 1100
693 685 6495
1017 1310 7204
1254 1240 7966
643 1310 5423
379 169 1225
1379 534 1991
435 844 5880
1179 891 2900
1168 1295 7746
1392 54 3599
1005 1119 2735
1250 1232 4712
751 1111 8215
937 312 8824
1021 970 2174
1011 605 908
1334 664 5639
62 66 5800
1076 735 2004
422 113 8475
415 42 666
1205 1059 1223
1253 312 180
1224 581 9068
891 511 9186
165 782 3416
815 973 7370
124 1335 2135
120 191 4634
370 687 6285
763 171 6069
1280 385 6265
398 329 4421
877 700 519
911 251 1062
1294 690 365
201 59 9963
1259 621 730
373 1340 8411
114 64 953
1257 166 1761
1343 83 2409
136 534 1596
852 185 21
1393 235 8381
686 174 5854
948 230 7064
946 536 2259
454 1121 759
1219 362 5256
1030 561 2955
891 655 8795
67 344 1058
448 970 7504
1323 526 5129
951 719 5454
523 358 8906
1384 759 6069
907 617 929
1187 144 2997
1054 1220 1712
1022 203 4385
1256 240 7367
690 1178 8495
448 753 1859
604 1308 9644
486 868 5014
962 278 81
1058 165 7714
325 649 7563
1338 105 4115
1129 734 6038
194 196 3393
1078 870 1956
454 1157 5355
336 197 86
599 725 7679
84 827 3512
312 862 5870
234 1254 8598
437 425 2447
403 991 9570
1008 263 5477
1317 88 1210
1302 567 6587
761 1278 4799
1181 1137 1262
1169 132 3349
707 735 15
1020 555 3869
237 263 871
615 881 2420
699 999 4065
825 734 9663
133 1255 3594
575 469 2470
69 1373 8991
297 378 371
144 1167 3444
472 1122 7706
790 263 638
16 982 4860
778 278 822
843 187 9516
89 1161 4521
1043 1213 5779
745 199 2480
1241 662 5664
454 554 847
247 1257 6278
1300 1357 1879
1075 611 574
452 525 4151
948 1242 6171
1009 1210 7351
327 102 6449
1326 1344 9335
894 1344 7046
1174 84 7190
897 1103 5229
650 681 2510
479 862 4807
287 1061 5740
709 668 8532
74 901 6126
74 698 3998
175 683 2521
153 1248 9311
1022 1246 7247
1368 1130 8150
1052 1182 4035
1169 1277 4803
369 382 1371
1318 285 4903
111 64 2141
711 32 515
1297 1257 9860
1184 1044 5277
884 644 8145
738 111 8806
187 50 1044
178 357 2834
38 416 2923
819 292 5316
347 248 2315
127 560 3582
810 1058 2434
1389 444 4808
1274 129 9919
1223 227 1361
226 205 7797
804 943 435
899 822 4671
980 713 1402
722 792 3732
21 115 2403
849 18 1235
1146 1058 1261
315 29 5252
864 591 136
1346 831 7037
34 901 9416
74 516 1521
697 639 3420
824 430 2899
1193 1265 7034
556 1130 1594
375 1250 1977
257 1183 1270
1145 475 6728
1363 786 5166
208 36 9593
1096 901 8200
1128 333 686
575 345 9124
1118 517 2385
452 1234 5665
244 1066 5176
894 212 8074
1197 649 9406
883 1360 5280
326 698 2212
1371 204 1823
813 51 3880
454 51 2175
360 935 4846
734 1129 7228
242 781 8809
722 84 1055
371 1357 1616
845 698 2341
1185 297 6501
581 167 3651
363 1171 4796
590 757 7555
1055 706 4093
354 180 1635
268 1198 7118
1322 1367 1790
766 1210 7809
460 114 2622
1185 1282 5907
1112 647 4391
1014 1033 5455
246 719 5819
1274 61 7876
231 1304 8237
460 192 1922
296 787 9256
77 579 6753
95 1115 1319
27 430 6772
1008 795 5742
1038 1364 8313
666 317 8581
1367 1239 718
497 135 1450
343 418 9467
1374 284 6064
657 332 7893
529 1200 6734
981 691 9232
1252 766 2029
1061 1071 5586
49 633 894
1111 1074 5221
439 15 5419
1338 89 178
20 381 297
402 1111 9454
565 1136 4705
571 511 1919
1221 401 2560
1160 912 8449
404 314 56
364 1154 1898
1068 35 9419
779 663 1302
184 569 7464
1171 1281 691
1281 1342 8392
1081 1017 423
900 1018 1711
561 697 5617
1120 1107 3412
1113 1082 5070
992 1189 8457
779 1043 1876
954 415 5491
289 128 7609
1143 1373 9757
104 666 5812
993 759 7025
368 302 5815
413 123 1676
165 780 8112
208 1118 8385
138 694 5873
1263 619 9258
580 891 6087
1217 884 8587
1079 387 3705
332 841 9047
1322 120 1084
1140 78 3157
1028 1291 2480
861 590 2120
1195 1068 7976
719 70 3223
839 900 8700
400 1342 194
380 1303 5728
782 1170 4854
515 860 6129
254 659 6555
1365 194 1602
1359 811 8667
1088 795 2478
1098 107 6350
796 850 1470
342 510 1065
254 1224 1819
244 784 2341
1326 151 5498
171 1071 9110
1336 337 7330
730 874 4489
144 148 5929
488 619 4114
776 916 8696
963 724 6494
507 832 2773
850 277 2856
1094 283 2011
1307 1018 1787
912 638 127
1029 1262 6663
1274 561 6474
465 1098 4512
551 373 4959
885 975 375
731 1264 4373
1287 341 4419
1078 468 4723
97 746 5591
1194 1101 5284
799 718 9439
531 1109 7827
1378 195 18
1075 1269 8931
879 317 6543
224 511 8994
617 821 2856
649 316 7537
1087 331 5590
1278 466 7229
992 189 6397
1374 146 7819
38 1378 1797
1030 383 7445
858 836 8046
572 485 9981
1270 1307 7088
173 683 6564
644 1289 8590
479 1211 37
493 188 3834
747 1162 4743
289 301 7247
921 1292 8931
1261 229 7467
940 297 496
27 520 9754
740 666 2678
930 1353 1854
20 160 6475
739 714 4978
506 201 9652
1066 220 857
11 1339 7296
236 1303 9387
390 975 8644
53 448 1224
175 21 9445
856 104 7906
1242 3 6342
265 799 4123
973 1119 8299
472 1004 9984
817 1022 2556
1076 171 3341
1082 767 9812
1001 323 5775
308 1387 8629
872 36 6165
828 1030 6107
1094 603 2487
691 217 776
66 1126 5955
997 364 9851
67 20 4704
816 729 5328
1194 662 3671
53 822 9632
1097 136 6878
191 1329 3259
1008 738 6169
603 643 6812
179 365 6513
251 1243 4756
935 895 4406
775 858 3446
1184 91 7802
197 719 4217
870 1347 7651
884 1319 6180
681 456 5539
1371 106 1463
252 992 2839
1314 557 2828
1153 1167 7426
1235 21 24
1120 1248 7114
388 859 140
415 355 6930
109 332 8538
390 133 5892
250 31 575
446 624 2351
1247 1385 6156
230 1071 4220
351 740 8816
360 393 2017
647 680 4306
376 1182 5008
1251 127 4551
284 1376 530
1239 807 1484
1253 1395 111
436 415 2665
818 600 7915
832 812 8238
574 1294 6402
1233 697 5569
836 1015 9735
1137 200 7942
521 221 5563
1123 1377 1006
864 879 8594
1337 973 8624
495 1041 3355
904 798 2654
533 766 5071
452 502 9577
1067 991 4369
450 1181 2934
236 1009 1385
540 955 512
418 1306 5555
16 489 9102
624 627 9799
167 66 6408
89 1259 8443
1347 82 3577
354 51 6869
367 988 3970
581 777 7902
312 514 9679
758 192 8123
567 537 1900
1212 801 7064
923 665 3162
220 594 8391
455 450 3417
41 572 9171
349 594 4034
1318 965 7183
1112 187 3483
141 1185 2310
182 19 5596
1365 218 1899
1020 865 9964
409 118 2510
308 27 748
492 252 3171
1186 613 9020
817 964 8815
169 906 6856
257 874 2826
959 605 8204
90 1141 5981
312 465 5516
1361 1270 7153
490 1003 6470
1320 4 9525
471 755 1389
1235 39 9628
840 214 3430
157 984 32
970 913 9894
761 27 3453
1265 790 8008
1139 547 9321
731 434 1759
858 369 5420
1141 809 4422
950 169 5633
1024 1397 8351
687 410 7996
473 142 4325
1294 341 1834
160 928 4613
195 360 869
76 1325 9079
1368 560 7286
710 237 7983
1231 824 461
1081 890 7204
1143 1375 6101
69 207 2457
2 13 9263
1067 1195 4767
689 1158 6406
1220 302 9606
618 1189 2252
682 1223 9202
244 498 7531
901 104 7815
1221 978 8115
1233 1359 3676
985 417 7904
1158 340 1899
841 110 6480
1036 340 85
1106 50 7457
154 409 3420
1303 462 6447
128 532 8847
377 346 2721
1061 1016 5678
720 930 5929
799 499 9555
1322 1377 9237
439 521 6218
657 1169 6346
563 589 3533
441 1392 4975
706 667 7494
1215 1047 5649
1158 1094 922
1018 1001 9403
979 1324 4968
231 50 8905
324 906 8429
1208 610 3349
759 756 1502
1330 913 2567
724 1271 6445
478 701 3670
141 841 1673
701 595 5757
147 55 3764
253 1305 5717
945 909 3391
781 684 1034
378 784 9796
713 58 8713
223 1060 8071
618 1022 6531
1309 1101 2064
1099 816 1205
585 201 2698
589 285 9565
1254 241 4639
578 177 652
810 472 4139
1186 943 7979
26 325 5045
1390 1365 9326
424 278 1777
1088 1191 6447
745 784 8401
845 937 6651
1032 580 6229
672 70 7426
956 1388 8404
624 196 9646
412 1236 3467
1307 646 2617
1159 674 5805
953 696 3441
1167 670 3746
488 749 7418
228 607 8042
675 38 9139
721 1098 8137
458 970 1017
82 37 9609
789 1114 3093
207 1200 4009
301 675 5441
24 664 417
704 87 1960
1206 587 2715
96 850 6818
1061 1067 5470
242 582 356
1222 842 8866
881 1066 4091
616 353 5683
1269 993 7370
1354 1235 9261
941 244 5574
434 1140 2261
1015 938 2753
128 161 6302
21 1277 4436
1166 249 1263
1362 1140 2918
881 1030 7022
841 1043 8742
262 1003 2893
1057 853 7033
471 410 2424
408 495 8465
53 418 4719
597 1257 1301
478 572 7023
204 367 31
1262 772 7756
780 1162 4392
996 43 2717
226 960 8954
761 431 7630
223 1130 9266
447 1019 7404
695 414 4606
1247 489 7979
1176 421 1540
1248 1168 7306
604 814 2415
838 503 3749
114 480 1250
192 987 4459
485 563 4357
984 10 1549
247 1375 1418
1332 1379 5183
1041 524 3569
712 416 6280
420 43 6116
578 587 9993
9 579 7393
228 1290 5611
911 324 5287
1365 231 3768
686 664 20
1393 91 8665
615 267 9642
1157 962 2774
866 1079 3709
782 796 3345
776 1391 9606
495 1134 4568
32 634 886
746 705 5025
861 350 3987
552 150 1589
534 119 9412
123 1333 743
1047 1397 7235
783 1185 1746
741 56 7239
1287 462 8910
748 771 620
1362 448 7666
202 722 6921
162 1211 8822
644 237 3766
1130 1030 2987
934 216 6393
900 880 3270
751 596 2213
1171 707 6569
1161 1075 1160
743 1382 442
465 1278 4000
62 692 9393
453 216 3322
269 419 2960
660 425 727
999 1238 7457
265 951 4036
515 850 5032
369 918 7512
459 106 7896
1090 964 8404
324 723 8233
1145 1169 2487
110 564 8231
1360 1374 6514
146 1067 1436
1020 272 2777
1135 880 4082
1014 219 4348
1374 586 8162
130 1283 7200
1208 1328 2254
1356 247 3778
988 585 5691
399 504 807
222 658 2251
277 1164 6966
1027 1 9739
1269 53 1306
1386 525 1804
1156 904 7564
571 6 4253
901 885 4916
998 1197 2676
691 932 9361
261 1285 8880
6 735 6832
352 53 432
971 439 7438
1354 502 307
1227 1280 8183
308 904 198
1060 171 1347
656 933 8407
608 784 6051
105 488 1191
412 231 4791
1301 1041 3372
1319 355 1140
321 5 8644
1033 1092 3700
370 614 5435
450 384 3988
1273 515 1859
1092 1019 6784
903 981 9913
271 829 3772
922 411 2785
827 1380 7169
580 466 4566
567 1324 9803
1376 1184 2429
609 623 2960
1115 917 2440
31 88 5621
164 522 4772
670 171 9933
1345 1394 6510
1227 86 8667
419 195 9900
185 498 7721
736 564 4327
1072 926 3084
581 900 6854
228 104 3762
1303 125 6297
1166 247 8317
284 867 6762
1256 680 7981
175 345 4252
343 935 4703
1372 1293 8351
512 7 6927
469 1098 4416
337 1354 318
111 322 1332
89 536 1907
100 201 1848
271 1074 802
1370 524 2017
1174 454 2649
367 431 4797
7 1369 6783
475 140 3958
312 698 1235
144 766 7577
1001 468 5711
454 1166 3781
516 322 410
1265 323 3257
566 1054 8801
4 92 2221
101 1119 3796
1320 1213 7749
1042 360 8132
1216 981 7554
666 1110 5946
1068 1360 3542
3 1247 4441
511 755 8666
299 1249 6585
971 346 1804
842 1105 9623
503 948 8333
267 1100 3323
1201 33 5655
139 1242 5636
887 777 650
398 757 1377
480 1019 9424
483 282 3506
543 954 9342
330 421 2762
1077 244 7647
801 854 4834
785 992 6654
446 846 2035
1341 541 7733
1059 443 3562
465 1257 5188
635 157 3115
1194 97 3211
125 396 1145
331 150 8831
133 627 9807
31 1377 8278
1021 180 9107
522 389 7328
266 1110 6566
1083 280 8959
529 1300 7841
545 1199 7602
257 223 8179
176 491 3618
72 768 6303
912 141 7829
1259 1320 9746
1313 342 8645
1237 19 983
791 804 9548
1179 249 3723
1352 449 8905
990 376 8211
545 1112 9554
1301 1353 7487
805 146 6586
850 216 408
1096 1336 1706
61 1345 1456
946 521 3627
767 643 3941
923 1178 7312
1357 1092 2170
896 70 8484
775 745 1415
233 778 3621
541 766 2993
771 1148 1497
1134 1119 3987
239 1315 9355
1336 213 8617
689 518 2367
1028 1330 2640
775 369 8361
1259 723 5692
801 1087 4840
1390 833 5845
1252 270 1863
779 902 8176
806 55 5706
1265 775 8700
374 25 4345
441 379 8239
290 90 747
383 626 2908
313 856 8684
343 1228 2401
612 1080 3038
115 540 5900
1150 914 3341
531 1180 3092
1266 228 2274
1095 163 771
1323 36 8022
251 75 3719
1184 263 1120
50 997 4548
187 1000 6711
1286 890 9480
423 831 1742
515 1149 7034
86 47 7363
1261 55 6795
356 505 6280
1400 493 6741
739 779 1800
461 1346 9136
766 687 6870
990 876 5045
573 1119 7710
321 853 7414
990 879 5548
822 670 7670
1363 1081 9246
1151 1113 1871
831 53 2149
1398 1052 554
874 606 447
944 168 4162
1318 41 7241
526 189 6442
194 1184 915
749 876 3007
483 1065 9199
1060 388 425
31 978 4716
292 670 8336
1238 1382 706
180 1168 8838
958 1105 2701
346 5 1141
137 229 8795
904 1020 7596
620 140 2453
1139 496 4285
1253 1346 8372
713 68 7265
408 583 5404
1087 337 5377
166 287 1606
775 898 6719
492 158 6575
399 914 1437
569 242 4221
446 307 4941
155 152 7152
1360 1382 9767
483 435 2444
1212 170 9311
717 628 5880
11 610 8652
35 28 7058
1195 79 9387
1078 170 3581
696 252 594
1032 921 2157
156 68 6534
219 388 5157
62 778 7964
524 701 4814
452 24 624
555 997 6163
1097 432 3161
806 1333 7458
160 205 2675
713 1336 2229
776 785 7667
1343 354 5950
132 213 1805
1138 870 6377
837 446 3234
737 459 6454
1240 655 4139
0 826
0 276
1 967 611 4429 649
0 406
1 625 65 9792 696
0 47
1 316 238 7934 1014
0 106
0 282
0 896
0 607
1 217 177 113 232
0 265
0 629
1 1397 824 6786 740
0 359
0 963
0 334
0 264
0 331
0 571
0 384
0 460
0 538
0 1039
1 655 1370 7803 176
1 258 1150 2969 220
0 310
1 139 199 299 656
1 778 1245 1784 361
0 878
0 293
0 180
0 564
1 947 1098 3581 68
0 261
1 1392 840 3410 260
0 137
0 194
0 233
1 455 844 2397 875
1 210 187 431 527
0 245
0 216
1 73 388 3556 798
0 181
0 832
0 488
0 695
1 1210 269 8372 86
1 1071 181 3588 149
1 1159 924 6327 1046
1 1258 1303 1984 821
0 536
0 56
0 568
0 1042
1 137 22 7079 815
1 872 949 6598 374
1 697 1316 7653 1023
0 132
1 1191 449 2882 839
0 405
0 856
0 852
0 1048
0 21
1 1245 982 1437 385
0 275
1 111 715 8358 750
1 748 825 9093 728
1 617 536 8338 774
0 940
1 1128 939 3975 103
1 1341 307 6049 781
0 84
0 192
0 314
0 668
0 290
1 756 637 2703 582
0 610
0 319
0 908
1 807 614 298 1011
1 680 1001 1868 609
0 918
0 1025
1 332 1267 3848 858
0 1001
0 244
0 945
1 1067 1075 8775 70
0 108
0 490
0 694
0 784
1 311 588 4457 892
0 151
0 912
0 88
0 843
0 267
0 919
0 653
0 830
0 266
1 331 448 7188 1033
0 741
0 169
0 472
1 697 1026 9601 627
0 98
0 74
0 904
0 809
1 1147 681 3310 879
0 877
1 256 1099 7986 444
1 143 1179 644 923
0 636
0 1036
0 436
1 200 1036 1790 450
1 817 553 5091 433
0 496
0 543
0 441
0 24
1 1036 1306 5078 69
0 163
0 231
0 894
1 1161 1365 2767 618
1 885 1361 7667 663
1 384 907 7331 1043
0 841
0 897
0 580
1 320 1379 2611 913
1 140 1234 5076 410
1 145 1206 9530 594
1 41 175 1217 643
0 921
0 718
0 632
0 325
1 822 715 2441 1053
1 334 1361 5849 178
0 193
1 1012 1361 5992 307
0 604
1 721 1084 3094 129
0 599
0 101
0 417
0 749
0 446
0 1012
0 224
0 128
0 965
1 35 89 1756 759
0 356
1 784 650 1748 145
0 358
0 457
0 995
1 1397 467 6432 167
1 1311 89 1304 381
1 315 1388 4632 39
0 933
0 97
0 854
1 1118 976 2589 984
0 463
0 932
0 367
0 626
1 999 531 3159 557
0 426
1 246 34 7796 866
0 238
1 942 213 4990 96
0 782
0 150
1 491 194 6998 970
0 937
0 673
1 534 104 3535 355
0 46
0 640
0 631
1 434 219 1172 959
1 640 966 906 771
0 680
0 547
0 975
1 725 1116 7904 721
0 785
0 676
0 1004
0 206
0 829
0 563
0 569
1 1337 1085 1093 456
0 659
0 910
0 308
1 42 792 6444 806
0 318
0 81
0 6
1 765 614 3908 736
1 829 1213 3206 42
1 305 1371 9843 595
0 165
0 925
0 651
1 17 488 1994 513
1 817 1130 9970 837
0 353
0 742
0 94
0 551
0 530
0 168
0 20
0 765
0 666
0 672
0 5
0 1021
0 746
0 836
1 1216 1054 9112 203
0 305
0 851
1 1240 753 7396 191
0 860
1 1139 63 486 394
0 389
0 1050
1 548 1002 6276 516
0 553
0 44
0 23
0 404
0 669
0 127
0 170
0 555
0 1032
1 852 491 4910 177
1 854 1335 5107 201
0 1031
1 111 535 9849 971
0 209
0 257
0 906
1 120 1375 9823 748
0 802
0 874
1 1217 5 5413 507
0 271
0 907
1 172 230 1314 787
0 379
1 189 256 2485 835
1 845 908 5056 294
0 242
1 72 825 2698 372
0 133
0 891
1 849 976 9905 138
1 92 1049 6300 682
1 1002 1304 4056 189
0 288
0 591
1 886 672 7034 237
0 285
0 418
0 226
0 351
0 988
1 183 901 626 33
0 130
0 819
1 846 686 5646 146
0 249
0 724
0 797
1 461 92 7984 986
1 1132 273 5793 566
0 333
0 526
1 290 320 3272 650
0 469
0 452
0 849
0 481
1 1009 567 7665 579
1 874 154 6609 634
1 1363 206 1809 52
1 850 966 6496 409
0 10
0 791
1 593 1308 4923 681
0 714
0 430
1 750 1201 392 853
0 1017
0 259
0 917
0 246
0 278
0 952
0 606
0 545
0 764
0 729
1 1091 662 3870 752
1 262 180 3517 280
0 613
1 1377 789 2896 583
0 1037
1 369 51 3530 479
0 624
0 1026
0 326
1 779 207 9698 365
0 725
1 1134 609 2186 152
0 312
0 713
0 996
0 768
0 87
1 1059 1338 2245 790
0 241
1 487 1158 4924 292
0 670
1 1385 937 2297 979
0 31
0 296
0 440
0 281
0 388
0 424
0 65
0 26
1 129 6 579 321
0 141
0 432
0 429
0 279
0 587
0 63
0 80
0 368
0 552
1 243 372 7581 572
0 462
0 112
1 303 488 4497 315
1 1211 1243 1353 332
0 182
0 172
1 369 1163 3071 523
0 339
0 716
0 756
0 677
0 947
0 978
0 943
0 225
1 986 107 5132 51
1 567 47 5649 407
0 789
1 1010 549 4564 445
0 773
0 79
1 925 327 9490 842
0 371
0 303
1 591 1173 3578 306
0 738
1 218 1301 7967 135
1 853 521 1568 171
0 489
1 400 1089 9694 157
0 187
0 938
1 769 132 7214 981
0 29
0 766
0 512
0 899
0 258
0 204
0 962
0 1041
0 560
0 30
1 883 497 6502 354
1 1093 1144 875 799
0 1003
0 102
0 1035
0 880
0 859
0 327
0 401
0 435
1 1113 530 7508 684
0 1038
0 998
0 391
1 517 4 1517 683
1 1039 339 7476 136
0 198
0 45
1 824 37 9821 382
0 890
1 898 689 135 720
1 1086 1221 2966 993
1 1094 646 2667 602
1 204 20 502 665
0 363
0 778
0 645
1 1091 1173 6531 324
0 12
0 214
0 470
0 390
0 105
1 75 120 8719 598
0 882
0 166
0 732
0 248
0 1034
0 833
0 846
1 1342 375 2317 708
1 1251 1125 1862 423
1 529 326 322 366
0 992
1 991 424 969 1000
0 421
0 1024
0 521
0 1016
1 1093 916 5831 1015
0 869
1 926 371 1770 585
0 36
0 72
0 269
1 1003 915 2653 461
0 976
0 825
1 240 995 623 671
0 320
1 1097 42 1685 994
0 500
0 126
0 498
0 872
0 255
1 279 119 2832 706
0 71
0 230
1 886 947 4588 202
0 1005
0 1040
1 1326 687 8040 492
0 442
1 662 1335 6924 616
0 378
1 302 1054 6268 396
1 506 1045 5909 464
1 98 1078 1590 13
0 562
1 350 346 661 637
0 703
1 329 1286 5198 316
0 95
0 338
0 700
1 993 120 6553 847
1 876 1065 4413 775
1 406 112 9659 596
0 252
0 808
0 589
0 753
0 517
0 38
0 977
0 188
0 987
1 427 1143 8861 701
0 399
0 364
1 127 329 5443 453
0 726
0 972
0 951
1 112 454 6492 581
1 713 33 5116 412
0 466
0 1010
0 491
0 349
1 86 939 1204 524
0 251
0 873
0 346
0 508
1 437 834 7206 946
0 575
0 638
1 429 1186 9332 620
1 122 703 9459 485
0 370
0 443
0 537
1 957 722 2765 107
1 317 605 2779 622
0 377
0 531
0 519
0 743
0 298
0 546
1 1015 883 7263 715
0 865
0 109
0 692
0 118
0 642
0 8
0 78
0 200
0 960
0 949
0 427
1 1168 286 1462 60
0 966
1 1124 1068 7556 221
0 422
0 92
0 941
1 930 548 6570 930
0 357
1 951 131 1808 754
0 501
0 3
1 744 774 3012 567
0 763
0 522
1 277 649 2486 420
1 900 453 4527 731
0 528
0 317
0 889
0 449
0 115
1 218 1098 4919 155
0 903
0 623
1 564 226 6544 811
0 817
0 603
1 1176 928 7111 438
0 482
1 195 37 323 311
0 111
0 263
0 41
1 445 1251 1739 395
0 711
0 499
0 1029
0 160
1 910 1311 6541 104
0 161
0 722
1 616 238 2261 657
0 19
0 887
0 614
1 1362 1166 8003 335
1 845 929 1430 49
0 633
0 801
0 863
0 855
0 14
0 515
0 813
0 758
0 25
0 286
0 124
0 964
0 1045
1 797 1107 7131 886
0 954
1 831 335 3793 619
0 328
0 147
0 360
1 1332 1222 5818 800
0 468
1 1098 214 1838 883
0 541
0 64
1 906 954 4394 900
0 762
0 18
0 686
0 678
1 448 1262 7680 162
0 745
0 989
1 1320 4 1769 195
0 870
1 434 874 6651 75
0 831
0 630
0 559
0 955
0 1047
0 439
0 120
0 134
0 1020
1 818 145 8762 690
0 573
0 283
1 468 1025 3622 83
1 983 1028 263 876
0 999
0 93
1 137 347 8283 845
0 735
0 660
0 301
0 1008
1 498 1273 1824 352
1 306 549 7922 818
0 465
0 184
0 888
0 240
1 1196 229 1216 17
1 1373 148 359 398
1 166 822 6730 247
0 969
0 387
1 738 606 2697 28
1 457 247 6246 1022
0 27
0 520
0 533
1 749 35 2693 348
0 727
0 861
0 478
0 911
0 437
0 58
1 918 360 2010 243
0 661
0 924
0 807
1 1263 640 6297 542
0 881
0 477
0 565
0 66
0 484
0 228
0 211
1 496 808 5499 510
0 734
0 823
0 175
1 170 1139 1960 131
0 704
0 474
1 1052 602 5532 227
0 289
0 117
0 392
1 164 1398 775 467
1 1151 519 1152 679
0 497
0 234
0 893
0 739
0 884
0 329
1 21 344 7412 205
1 1330 156 415 344
1 272 1381 5436 229
0 85
0 1027
0 574
0 950
0 871
1 423 428 9256 505
0 529
0 641
0 447
0 967
1 851 1040 6814 1049
1 1395 507 7435 273
0 123
0 1018
0 534
0 942
0 330
0 274
0 268
1 215 1242 2531 699
0 164
0 901
0 416
0 210
0 480
1 799 1167 6711 199
0 337
0 862
0 15
0 22
1 1257 798 233 652
0 140
1 502 429 5734 578
0 336
0 471
0 48
1 127 827 6174 558
1 1084 1316 1044 767
0 323
1 341 512 1594 342
0 57
0 600
0 816
0 820
0 300
1 424 1234 1811 844
0 788
0 664
0 747
0 795
0 116
0 40
0 612
0 122
0 218
1 791 782 9921 944
1 92 380 5829 90
0 535
0 675
1 1046 59 5841 777
0 340
1 504 323 9243 7
1 855 387 1053 803
0 961
0 89
0 341
0 780
1 1098 14 1245 2
0 222
0 100
0 262
0 53
0 1013
1 457 387 8998 544
0 425
0 770
0 597
0 419
0 514
0 254
0 1030
0 313
0 196
0 922
0 548
0 737
0 834
0 760
0 239
0 840
0 804
0 730
0 895
0 662
1 70 93 7420 144
0 493
1 1119 127 2163 476
1 1314 361 2705 270
0 250
0 415
0 982
0 974
1 560 1186 7228 61
0 554
0 213
0 455
1 890 663 1030 685
0 733
0 1051
1 78 651 364 362
0 309
1 858 48 705 159
0 561
1 760 678 5661 253
0 948
1 964 1283 2090 414
1 1240 1059 7582 125
0 772
1 293 847 3690 32
0 779
1 873 1344 5237 304
0 605
0 495
0 838
0 757
1 1237 1126 7294 73
1 1085 941 2253 215
1 284 1225 6207 473
0 158
0 902
0 459
0 719
0 383
0 588
0 658
0 156
0 502
0 776
0 957
0 197
0 688
0 991
0 646
0 375
0 931
1 6 561 3 868
0 769
0 139
1 356 62 167 110
1 585 295 9146 687
1 822 374 4271 532
0 475
0 617
1 176 1205 9785 483
0 402
0 185
0 608
0 11
0 828
1 162 512 9470 1054
0 76
1 197 1350 3082 648
0 625
0 761
1 373 877 2953 486
0 793
1 557 1387 5390 717
1 586 1129 4563 297
1 108 315 2866 400
0 284
1 1340 783 1145 710
0 796
0 751
0 934
0 121
0 639
0 373
0 812
0 635
0 299
0 914
0 935
0 909
0 345
0 343
0 983
0 898
0 792
0 173
1 326 991 1270 295
0 235
1 507 251 827 458
0 291
0 691
1 304 539 1247 302
1 1242 1336 4468 576
1 773 942 2980 397
0 920
1 1200 907 7691 956
1 157 588 1293 525
0 16
1 20 494 3349 674
0 885
0 693
0 434
0 926
0 67
0 408
0 814
0 35
1 825 23 8760 1019
0 62
0 864
0 4
0 219
0 698
0 411
1 626 1326 7240 539
1 1242 1340 2540 697
0 702
1 188 709 1587 707
1 716 1067 6223 794
0 1006
0 451
0 550
0 621
0 43
0 584
0 628
0 494
0 570
0 54
0 939
0 927
0 431
0 518
1 254 1162 9937 386
0 487
1 18 463 6346 709
0 755
0 905
1 12 1065 6044 91
0 615
1 336 1395 1742 586
0 712
0 34
0 504
1 980 1356 6634 667
0 511
0 958
0 549
0 287
0 1
1 272 242 4568 428
0 644
0 1009
1 825 577 6 208
0 347
0 1052
0 277
1 766 1026 9525 217
0 953
1 1173 1265 2040 454
1 609 1204 5190 113
0 1007
1 987 359 733 654
1 451 511 9715 50
1 1261 5 8973 827
0 590
1 293 565 1882 154
1 1045 756 6095 556
0 190
1 370 999 5242 186
1 7 1279 8455 601
0 322
0 509
1 762 972 6326 540
0 916
0 148
1 248 267 2011 82
0 77
0 380
0 37
0 850
0 744
0 448
0 997
1 285 1348 5042 143
0 376
0 272
0 506
1 153 549 8015 55
0 1028
1 316 901 9880 980
0 114
0 929
0 256
1 784 605 6488 985
0 973
1 175 425 8850 503
1 830 601 440 119
0 936
1 633 1374 5481 867
0 647
0 592
0 915
0 9
0 783
1 1239 1078 4677 689
0 99
0 810
1 872 275 3199 223
0 413
1 1260 344 6331 968
0 212
1 377 370 6304 611
0 822
0 183
1 944 429 3766 207
0 1002
0 928
1 26 49 2292 705
0 236
0 393
1 104 297 3498 369
0 350
0 1044
0 824
1 1099 694 5250 403
0 174
0 655
0 805
0 723
0 59
1 1208 288 5064 857
0 990
0 577
0 142
1 39 478 6339 153
1 76 904 9086 593
1 797 222 376 848
1 81 878 4131 786
0 179
