1200 1200 1033
1102 1103 8145
513 194 7137
882 372 6658
1109 53 9614
552 464 1832
862 446 5954
948 136 8677
72 1145 8391
1059 573 6679
936 972 7709
29 1150 7390
12 916 8324
31 373 73
292 68 3218
94 534 2006
1024 881 6928
165 867 4354
347 238 4982
9 161 7621
382 428 6710
682 230 4759
822 858 854
229 474 4110
1047 1105 304
826 604 7323
1053 681 4293
262 433 2189
383 593 1826
140 207 8895
731 1140 2218
1114 513 2173
782 1199 7597
505 918 6095
684 38 4014
586 410 3599
1195 258 1797
130 676 8911
522 696 6607
930 286 1119
891 1129 5539
763 140 9719
928 257 1589
78 1101 5728
841 332 7704
492 664 5816
903 698 2435
326 933 9226
61 204 3898
1036 936 4871
918 411 5240
487 187 2455
562 1009 6812
156 531 8606
1048 521 2220
494 233 8856
136 1014 8845
1058 784 6842
8 467 3502
494 641 6886
707 993 2537
777 789 8687
1022 1021 4785
529 864 3935
161 1038 7298
343 619 491
66 674 4765
198 1075 1654
781 939 341
1124 543 3676
543 622 9568
297 969 5916
841 4 2968
741 73 8499
180 112 1003
1162 159 4352
199 589 2817
948 888 3327
276 706 7659
937 951 3570
241 458 9661
200 317 4811
326 798 387
369 131 8510
1169 675 1058
316 1158 1443
1058 1061 8892
8 525 3598
237 413 6988
616 1106 1505
515 79 1297
993 715 383
372 578 2259
823 279 4310
641 337 8034
371 590 1707
852 46 9618
395 568 8883
41 1047 5444
456 588 542
999 1104 7043
284 437 6547
658 939 6815
260 1068 8605
884 565 8887
476 754 3321
127 236 7280
300 119 6293
182 1191 3885
196 716 1807
1023 494 9222
209 314 9142
154 410 5076
373 405 5989
670 663 6851
348 1044 1518
440 569 585
1094 748 2691
247 1077 1798
1026 865 9477
295 316 8572
490 940 2144
150 593 1761
677 345 4632
386 688 1219
1122 1125 1854
510 792 2798
474 877 6724
856 464 7291
256 290 8309
958 917 9960
839 556 6910
1159 1109 2608
1141 644 45
133 122 2397
577 511 6214
885 68 1146
2 256 7618
667 836 9545
25 652 6322
682 1031 7698
1151 876 7700
1198 525 5312
322 699 6275
153 154 8486
623 1180 3269
947 838 156
589 1086 8641
551 344 3842
660 478 8938
565 1074 8579
586 958 1143
488 445 1198
485 343 2952
221 946 4041
540 798 8252
6 424 8131
949 1151 1856
813 639 9775
295 117 5336
100 137 5532
174 24 1725
1164 813 3289
597 923 6649
1091 1079 5487
580 174 6335
162 686 6396
689 231 8595
968 985 9032
1122 483 6415
955 159 5953
442 741 6283
915 1173 9132
397 775 5713
1013 284 6072
1082 915 5924
740 687 7536
70 735 2299
423 917 9815
789 542 6992
861 103 4512
601 29 7857
735 689 5995
859 490 9332
527 955 3505
855 302 9179
247 398 7060
404 527 7328
493 1000 207
1119 673 8725
429 860 2136
605 494 9992
659 817 6639
25 78 7533
874 494 1100
743 542 8795
385 345 3106
1028 261 2212
828 645 9299
882 366 6161
1044 196 3788
743 795 7891
1107 646 9846
453 732 8446
1114 833 4573
710 550 4912
1070 400 6239
316 1200 1303
379 576 9915
27 991 2962
875 926 2284
1013 1008 9671
900 308 9705
422 38 2706
406 917 3924
908 768 2477
725 1096 4403
1162 418 9735
827 1161 4667
1089 512 2210
696 191 7822
18 264 2876
667 706 5739
748 678 3553
309 932 2773
907 1121 8169
1038 776 5005
224 214 8807
1102 1119 6805
587 116 9783
1188 1020 4382
112 1019 6955
789 359 139
64 501 3585
647 338 6400
1169 665 1336
255 246 9793
901 616 8348
639 28 6535
520 726 10
49 423 7472
159 43 1083
612 946 6749
449 412 8902
251 492 3932
610 120 8355
317 25 8992
1040 1152 3074
566 165 5173
86 659 6766
953 74 8522
475 317 1133
801 919 3982
48 677 4895
676 727 3154
978 182 120
1009 948 8846
1095 69 8880
50 717 3770
830 843 8244
21 944 1510
600 986 9872
23 853 9572
465 192 1560
461 960 1672
939 682 3181
907 878 5719
215 151 5191
174 545 6517
682 191 9539
1074 950 9354
953 652 4978
32 716 3921
492 489 8573
895 645 1409
911 1069 3398
805 589 6063
421 43 4438
216 857 3666
163 1099 8105
792 1016 1642
1031 764 7754
46 274 2902
840 63 4700
246 1175 3683
711 61 1668
1071 462 9643
22 334 4475
1113 501 5395
542 182 2419
115 444 8273
357 98 3264
530 151 3770
213 585 1510
796 762 6431
653 1024 2880
427 181 3338
929 221 3837
652 667 5891
260 792 160
984 1026 5016
895 864 7043
745 1090 8
1096 37 4780
1048 407 3835
1143 793 1643
646 253 5599
1056 498 1903
295 73 174
53 51 1982
224 1151 5833
635 929 1693
144 4 5279
381 256 3283
1112 1057 9218
343 577 3849
301 1159 7378
99 559 9349
1114 430 573
325 24 7750
1031 298 6738
510 368 2746
734 956 546
52 347 545
65 1115 664
321 502 3316
870 187 3034
50 341 2960
804 643 2323
75 598 967
1121 392 8613
888 716 4917
726 822 6754
220 757 9685
338 787 1863
449 408 2520
917 859 6988
1122 866 1979
54 1198 8575
1040 1020 1461
496 17 3589
1186 214 2386
499 1193 2437
741 391 5108
191 313 3960
244 195 6654
748 938 7868
512 1114 2544
1065 712 8058
395 928 3914
473 382 9443
513 139 9336
353 287 4173
514 439 9055
545 652 4781
75 206 2003
207 1045 1467
356 170 9472
661 827 1333
336 306 2781
243 370 1503
920 1007 4966
74 679 8447
641 633 9957
127 48 3632
114 673 4473
515 684 9654
349 1027 3192
1177 652 3616
581 309 5560
693 449 3821
574 281 9728
735 216 6675
796 918 8539
160 1191 4853
617 743 8942
689 614 351
870 696 1453
688 542 916
78 709 3210
552 66 3144
583 931 6143
932 1081 3857
5 651 9162
790 836 1391
738 808 2311
17 983 606
39 152 5410
250 573 2253
538 92 6891
796 433 9347
366 704 5044
952 1112 7127
637 1120 418
270 116 9755
51 949 3897
1055 418 8361
177 744 5940
469 452 7897
1185 105 5874
342 873 8629
261 214 9329
229 189 7703
140 392 9220
811 315 705
1165 1111 2066
917 590 6570
71 255 6456
311 954 2743
990 622 6643
281 957 7486
939 594 3784
150 852 3569
86 205 6302
1124 1031 3677
378 558 7317
769 486 2212
776 35 7068
812 245 4445
411 729 7173
144 39 4623
1083 725 355
309 893 5762
681 659 9227
1061 441 1227
250 779 801
664 754 3415
242 981 1346
277 892 8151
476 406 8296
127 267 2285
489 716 6702
823 523 9534
624 799 4377
855 388 2710
215 891 8970
32 669 123
181 962 1639
147 40 7408
1150 367 9214
615 570 7572
782 387 5642
547 801 1846
974 1100 5469
261 226 2056
677 193 9321
766 1127 5227
291 201 442
510 342 9193
759 460 5650
1158 441 3791
338 364 2809
675 78 308
89 393 1811
722 99 8464
993 1082 4281
698 200 8910
891 573 2631
605 573 2273
694 295 183
354 9 9854
514 505 4673
133 167 115
723 126 9907
506 307 3404
432 570 7227
184 811 1166
955 594 7945
997 352 593
63 469 1108
227 1157 5588
141 1075 3127
962 140 7237
859 58 5161
717 802 5393
704 871 4774
771 858 9707
327 259 1615
281 9 4852
907 390 4896
70 670 3173
13 281 5551
379 1103 9572
330 832 7991
769 1194 2521
584 394 8302
68 178 4303
329 679 2485
772 170 9652
116 605 2976
1156 956 7831
56 627 2227
826 365 532
208 1046 6029
1044 205 8127
208 114 9872
275 942 4223
1094 841 5970
508 1078 7259
873 160 6408
898 553 8559
805 1054 9707
480 1137 7066
719 450 861
989 80 3328
529 68 8272
976 215 8948
586 1197 6328
874 595 3049
719 350 3139
3 635 4332
491 150 3282
924 545 3477
1144 85 3800
1120 1001 7156
825 132 741
700 1037 804
341 881 2995
334 479 3743
228 1198 2742
603 1110 2310
278 984 6460
860 1031 7277
907 319 4536
251 635 3387
858 521 5809
534 1077 9613
1008 599 1624
33 291 7348
1031 830 6997
969 1000 4650
1005 212 136
714 578 7247
329 1096 5541
270 807 1304
482 765 9426
130 103 7519
19 804 6548
620 1186 2439
380 33 9682
710 1002 1255
1172 591 1565
231 512 3235
1080 432 9411
1091 226 9327
1196 381 6572
684 553 3592
562 292 2518
1095 781 1099
355 93 6187
719 669 3736
1132 693 4383
499 794 9439
396 183 5682
635 10 3379
209 629 1546
32 884 4727
514 250 239
434 771 3694
1016 850 2046
897 319 3407
258 515 4388
1095 1162 4538
1052 104 4418
835 872 4027
710 494 7028
864 184 4667
419 510 3479
420 252 5999
655 983 455
946 969 9282
1180 1 7265
24 962 3467
235 1115 8315
241 897 2037
1141 304 6854
864 434 4937
91 916 8456
1007 275 4045
41 958 5130
845 569 5080
198 280 7402
286 642 1468
252 103 3711
378 974 5376
1018 127 7113
1043 1149 6543
781 1132 2392
185 938 2306
554 1007 8092
523 720 4034
843 152 1475
875 241 6825
50 276 2526
561 601 281
1158 1083 4948
407 342 8292
970 348 3549
863 111 7525
110 580 1279
337 708 8011
527 964 2830
933 517 5445
555 1013 6205
166 725 6709
138 453 723
130 1007 2028
165 193 537
1090 121 6740
483 893 8412
504 45 1428
76 1025 7757
924 1179 6609
319 273 497
34 1157 9378
205 200 3641
1168 23 9790
775 343 2169
135 437 1718
663 1094 7896
958 8 7925
1103 877 9814
163 949 3339
835 711 9944
332 1170 3257
654 259 7854
295 359 9840
1009 615 8524
321 268 5579
159 403 3033
137 276 3963
72 742 8992
761 272 9140
808 126 4904
376 347 8142
915 875 8465
220 625 6228
547 1039 8666
124 405 4222
282 344 8846
76 253 9018
966 139 6936
1036 1111 374
460 814 4351
969 587 7071
425 881 8340
1169 253 7711
828 367 5209
985 83 2634
517 86 2000
359 214 4718
959 737 4789
595 990 229
601 553 6073
342 656 2043
105 1048 4542
390 53 1413
1149 409 9908
1123 936 7292
774 844 8994
6 1049 3815
380 478 2721
986 877 9285
661 403 4683
619 665 6018
315 307 6944
492 644 2218
1191 697 5409
332 669 7328
899 1076 3471
962 724 2424
106 347 1580
481 544 4708
708 390 9456
258 542 341
6 447 7196
1087 1161 550
180 57 1108
879 372 7855
663 128 7405
590 90 8454
71 891 5284
674 49 1630
557 988 4787
696 728 7687
1109 120 5919
48 517 9534
658 315 5807
1149 399 3831
929 448 8717
329 985 1861
303 950 8843
616 563 6086
928 308 5839
105 177 7908
422 619 3853
941 735 87
548 987 8323
1185 712 9658
929 835 8890
515 593 9348
123 1117 6304
890 898 7443
612 1018 3043
1178 542 5301
642 967 5511
24 237 3936
396 277 19
536 210 3422
687 10 5846
1150 1134 1075
85 464 9385
171 1077 3086
445 141 3262
271 579 5833
685 1051 2733
693 715 6785
837 1041 6769
886 545 4502
945 423 7771
25 766 7116
612 208 8099
624 825 570
532 1046 6056
1168 190 6008
1188 126 2833
966 552 8513
367 674 5472
271 358 668
773 1059 7183
268 584 139
6 269 2639
126 796 2955
507 781 1688
1143 826 2546
1077 572 7465
559 941 4871
1131 1072 1298
261 39 3578
1003 112 6821
64 198 3980
705 162 6286
630 252 6965
192 965 7370
1054 980 3370
1120 752 9089
163 728 4238
247 90 2511
159 803 1445
469 1116 4313
1124 137 4828
1052 858 449
1084 32 2641
1092 933 9192
1016 170 994
27 441 5145
615 912 9369
696 820 3400
729 865 9310
453 23 3067
762 968 7539
1053 309 7590
154 850 6367
1107 967 2344
1020 999 4891
1050 508 5840
832 121 2758
1070 8 1882
803 120 6028
616 1151 3048
1015 579 322
403 748 7834
469 99 1615
331 291 8737
736 1118 8586
159 347 6043
613 27 6224
818 1196 5695
500 118 7476
910 356 2831
140 460 6872
1026 296 5851
1158 1094 7686
161 1034 26
342 947 8572
543 1199 3467
31 196 6751
193 300 5873
25 947 1830
168 823 3449
300 384 1098
241 887 8630
450 563 6416
1183 703 9574
76 681 7397
323 810 2113
222 941 3011
120 330 3606
85 354 3140
459 2 1215
593 180 9328
393 101 5937
359 1199 4498
646 1062 6220
660 1157 4642
691 912 5081
973 656 8507
101 696 3927
869 794 3751
690 413 6805
652 651 7990
858 513 4666
1093 291 6420
944 141 7433
505 853 7067
691 804 2405
1113 98 2833
671 78 5330
1006 545 3767
28 704 2453
514 856 7176
532 1158 8330
1191 361 5851
537 871 2373
690 49 2386
1163 791 3324
569 706 630
881 83 9524
159 520 5940
1183 652 8306
699 668 5459
395 329 2123
432 282 6350
597 28 5523
1138 120 2755
653 132 5406
258 920 4374
540 701 3205
359 780 1766
931 1129 6181
756 50 2633
336 1154 625
727 570 641
375 84 6065
110 522 1364
706 1048 2081
1109 40 6330
458 420 2092
195 180 5614
245 614 9286
853 479 3806
639 1184 2230
880 478 1382
488 106 9315
1139 779 2460
1141 947 4613
522 253 433
63 939 6199
762 319 2846
74 457 3428
528 479 8310
297 473 7300
551 390 2163
399 128 1435
579 313 3671
596 678 983
862 246 780
101 25 9779
240 573 1831
158 368 9647
711 756 4495
617 1081 3601
1125 149 7933
1159 625 8247
297 339 8501
880 994 277
212 713 1897
73 990 9225
417 456 7402
59 522 8269
1196 463 2577
1099 1008 2129
52 344 1361
272 330 5980
839 596 7307
1151 1015 8725
216 815 511
373 21 7362
883 525 1288
539 413 488
657 300 4900
733 380 7451
410 661 8215
1007 19 6563
434 412 1669
559 89 5990
924 378 8591
656 714 3488
1189 745 3642
687 873 6598
898 818 8302
894 1036 3236
264 830 2317
1154 1178 4318
758 217 1811
40 766 4554
329 1037 4121
1021 121 4468
262 500 4531
35 342 7409
1123 1065 1014
582 1154 9675
134 441 3591
1112 50 9037
1109 544 3458
1 5 4855
966 515 65
1040 679 9231
821 479 1899
450 25 745
588 457 5139
131 402 7306
713 292 4608
268 783 4985
854 982 6484
654 836 4782
105 397 4198
550 726 4172
140 194 7794
132 276 1107
1086 643 7537
994 871 5167
879 1037 4011
1132 1059 9615
834 985 7564
462 240 937
822 1179 8095
310 135 392
1035 1013 237
75 237 5127
22 1122 1521
170 401 8258
753 547 8762
763 120 1852
1190 1136 2130
494 1184 6398
51 14 2699
192 294 3253
800 962 1334
747 416 5390
95 807 5110
226 263 7674
1022 931 8613
1008 624 1054
98 497 1729
819 43 5216
714 611 6258
665 627 7647
776 300 4031
817 527 9233
62 274 1038
63 178 1313
363 677 2707
1043 759 1360
262 606 5298
545 781 7887
495 445 1174
478 429 5906
856 295 7553
418 542 3946
695 30 9910
967 502 5713
847 829 4819
837 184 6770
871 796 2156
6 249 3037
18 993 2421
859 238 9893
1167 866 7818
605 915 2537
1114 529 9848
684 640 7601
939 843 4752
802 532 9859
1025 181 5621
649 916 3064
764 369 4562
346 651 5632
537 819 2545
475 240 9519
793 402 5120
342 901 8665
732 196 7236
684 1023 9874
123 15 935
1169 148 9620
522 874 9160
1054 705 5989
31 84 6497
535 252 1756
1165 41 8718
70 777 309
931 1029 890
609 656 4128
490 39 5188
857 227 7089
682 1107 9620
480 835 9951
1173 396 5894
653 329 4370
93 533 2937
1015 834 178
64 357 2267
541 210 324
901 734 8466
112 167 8249
970 575 872
1141 882 9797
241 344 3977
809 660 2952
323 163 3794
1174 42 2577
799 136 1643
650 997 650
325 689 5725
269 493 9006
240 933 5846
374 1167 3147
387 851 8995
851 652 983
905 645 4006
898 1156 1056
219 210 6690
621 118 7378
153 866 7317
882 681 2144
119 644 6033
338 63 3034
1192 544 5555
562 1173 2302
970 685 8926
607 1025 6915
218 1196 9956
139 46 9839
329 384 7534
725 56 6803
871 805 1875
392 905 131
53 92 787
1134 433 5747
381 1088 7278
801 855 2033
713 67 6139
7 502 3248
563 355 5118
912 1030 942
707 313 4507
1184 497 142
348 967 5526
506 680 8681
845 425 2551
395 340 5328
58 913 1922
447 85 3503
888 224 3935
1129 79 2024
519 119 7885
1195 363 3847
1130 761 1946
644 366 8847
890 48 1767
234 20 5658
93 787 3575
571 679 1495
714 877 2707
251 417 1998
838 1190 824
1123 310 6955
399 828 1962
1196 1164 7879
455 529 9391
275 431 5198
207 703 9189
1070 720 3167
129 809 3551
101 300 5814
801 757 5830
716 117 1254
510 1004 119
997 805 6716
420 79 6357
221 666 4078
1154 321 5984
682 676 3498
1105 891 3241
39 708 887
146 140 7042
26 66 3067
335 1125 4625
1187 464 5348
627 276 5913
797 749 9663
667 100 657
1028 600 442
965 409 9377
53 1145 8568
582 249 5991
237 478 196
936 790 2220
649 285 9086
780 507 6754
1170 1049 3246
1027 48 2057
10 759 9988
216 954 3349
96 981 4896
943 424 903
1133 244 5906
961 1128 5582
1113 951 502
399 628 4058
764 1106 2886
337 172 3956
739 596 4518
885 27 4086
69 324 5436
1070 1082 8843
989 173 5028
451 652 2386
871 635 5919
271 771 4012
673 1120 4367
1075 1038 8247
1095 476 9187
693 1016 3235
716 767 4197
543 1148 2856
807 277 6777
910 172 2746
1092 575 4888
751 208 2310
179 203 8275
408 1048 9894
219 146 4698
156 277 4620
1143 685 4024
57 1086 6224
773 729 9077
987 947 2989
253 228 6122
982 1074 8195
1118 259 8586
1058 1197 6840
214 406 4016
299 1008 1246
1005 828 4099
649 289 6972
947 824 2189
548 492 3341
639 713 371
663 149 9416
1020 1197 3542
956 1146 5613
676 550 9078
570 283 8271
583 1199 55
151 954 7696
965 191 5044
114 1114 4894
186 623 9882
924 484 4815
234 900 8038
60 278 4684
156 360 5213
397 763 7810
670 159 8635
601 718 7282
421 505 3706
531 516 3861
888 911 265
517 133 2149
909 632 9992
587 450 6121
732 904 8779
484 109 5574
34 545 267
388 1089 4941
287 552 1929
251 411 7536
317 868 8340
956 929 5392
418 960 595
972 964 3455
995 601 5790
325 680 5118
127 1104 4319
1001 1096 8560
1115 1047 6063
677 700 7061
196 806 3635
408 785 6043
0 45
1 1007 901 9153 955
1 728 439 4913 329
0 442
0 426
0 116
0 182
1 659 37 6142 529
1 487 477 8362 864
0 778
0 485
1 596 182 1179 661
0 711
1 420 530 5333 965
1 823 222 1437 940
0 142
1 158 224 2258 161
0 433
0 575
0 383
0 403
0 42
0 1023
0 774
0 418
1 815 405 1999 49
1 709 442 998 953
0 479
0 497
0 699
0 195
0 645
0 302
0 68
0 253
1 1132 895 2039 409
0 293
0 840
0 492
0 755
1 900 160 9420 192
0 956
0 663
1 436 492 5791 982
1 1002 603 4552 200
0 604
0 750
0 438
1 188 561 3775 972
0 769
0 459
1 111 186 5937 213
0 274
0 667
1 957 613 1293 353
1 564 87 976 722
0 960
0 1028
0 84
0 762
0 935
1 328 1118 1712 167
1 1151 599 5141 923
1 300 211 1559 887
1 924 883 9052 648
0 281
0 969
0 419
0 89
0 644
1 289 704 8760 1012
0 693
0 927
0 894
1 262 712 8018 413
0 216
0 835
1 11 50 337 849
0 140
0 103
1 869 726 3719 683
0 639
0 593
0 678
0 41
0 71
1 849 291 8009 102
1 590 562 4203 13
0 59
1 1111 1033 5546 689
1 437 1069 2332 88
0 214
0 700
0 945
0 250
0 157
1 887 713 1335 38
1 867 177 4545 284
0 649
0 505
0 547
0 878
0 348
0 508
0 186
1 1109 204 1041 938
0 57
0 15
1 9 179 7091 32
0 634
1 432 1076 4430 813
0 870
0 16
0 381
0 629
0 916
1 82 626 9927 14
0 74
0 799
0 46
0 977
0 28
0 239
1 630 1189 8473 232
0 815
1 886 929 7195 668
1 875 909 3584 242
1 8 824 7812 771
1 835 1193 3654 318
0 522
1 997 739 2468 931
1 27 862 1728 991
0 888
0 98
1 366 196 5062 240
0 516
0 614
0 470
1 1132 193 8850 570
1 1150 16 2795 767
0 421
0 1004
1 1058 454 7059 877
0 202
1 1196 877 6215 434
0 495
0 768
0 612
1 814 1141 804 565
0 477
0 827
0 328
0 638
1 985 1106 6067 246
0 220
0 966
1 518 256 3825 766
0 351
0 897
0 620
1 41 626 1490 297
1 436 272 2644 858
0 373
1 1116 732 9355 511
1 1160 453 7805 35
0 423
1 479 1192 2292 227
0 542
0 190
0 367
0 308
0 105
0 952
0 599
0 1018
0 310
0 61
0 963
0 172
1 382 1180 6564 737
0 646
0 43
0 450
1 562 133 4677 276
0 741
1 672 761 8014 37
1 727 544 8126 129
0 313
1 981 407 5994 787
0 430
0 371
0 245
1 455 114 3183 857
0 501
0 1001
0 401
0 77
1 762 391 7055 491
1 904 113 1349 937
1 395 358 1987 939
0 817
0 191
0 820
0 975
0 177
1 325 1091 7603 384
0 466
0 193
1 796 659 919 571
0 201
0 424
1 774 518 5736 943
0 920
0 437
0 726
0 506
1 472 914 2913 541
0 265
1 1042 1185 1737 350
0 902
0 798
0 687
0 254
0 930
1 1143 8 5802 842
1 873 482 1559 733
0 390
0 72
0 825
0 283
0 882
0 983
1 422 1075 166 562
1 1153 68 6112 476
1 982 518 3644 315
0 335
1 513 1147 1119 97
1 54 335 8804 64
1 42 207 3460 631
0 39
0 873
0 234
0 895
1 988 451 641 127
1 1093 282 6767 613
0 672
0 96
0 398
0 865
1 708 36 6188 852
0 146
0 574
0 715
1 356 1175 7801 742
0 924
0 47
1 983 759 5450 828
0 36
0 978
0 779
0 859
0 131
0 119
0 321
1 1099 383 8447 463
0 830
0 632
0 26
1 75 925 469 150
0 515
0 643
0 532
1 342 119 3229 415
0 385
0 909
0 111
1 266 707 3346 153
1 479 1065 7884 263
1 1146 762 1326 432
1 324 630 7906 898
0 456
1 458 651 7443 86
0 484
0 451
0 756
0 598
1 436 97 5018 729
0 904
0 688
1 1048 825 3300 791
1 1011 919 1768 388
0 841
0 856
0 572
0 174
1 318 527 9578 279
0 312
1 692 1090 3430 63
0 117
1 544 761 925 685
0 783
0 168
0 824
0 478
0 4
1 400 817 8439 414
0 391
0 499
1 198 755 5603 91
0 657
0 171
0 600
0 226
0 176
1 154 734 2994 287
0 327
1 373 94 8925 510
0 583
1 976 238 8018 271
0 486
0 277
1 1137 712 219 517
0 268
0 133
0 70
0 453
1 573 393 3176 311
1 283 992 8539 286
0 673
0 655
0 145
0 19
1 903 40 3678 807
0 578
0 399
0 686
0 987
1 870 626 5894 833
1 420 364 841 669
0 804
1 949 730 8790 90
0 890
1 532 574 8345 976
1 633 302 1130 87
0 164
0 744
1 930 734 6140 728
0 249
0 289
0 724
0 243
0 79
0 834
0 464
0 255
0 101
0 417
1 171 495 2684 338
0 266
1 965 174 8889 248
0 716
0 211
0 980
0 183
1 171 721 938 808
0 104
0 20
0 404
0 607
1 488 13 38 473
0 691
0 944
0 75
0 556
1 604 597 307 868
0 595
1 1188 397 8568 519
1 880 420 7277 793
1 1033 399 7017 165
0 44
0 300
0 48
0 1022
1 142 99 1572 996
0 602
0 818
0 1007
0 698
0 964
0 339
0 971
0 53
0 660
0 1013
0 919
0 908
0 757
0 267
1 916 724 2242 197
0 658
0 55
0 914
0 296
1 356 542 7125 681
0 6
0 805
1 938 33 5502 848
0 641
1 1193 216 6367 531
1 1140 311 119 1021
1 124 623 17 56
0 680
0 968
1 418 41 6043 199
0 154
0 860
0 925
0 179
0 330
1 801 728 8773 458
1 874 213 9600 1015
1 968 890 6341 910
0 512
0 180
1 1011 1109 1251 148
0 151
0 1032
0 622
0 422
0 540
0 208
1 28 786 4362 633
1 1168 862 5783 912
0 349
0 306
0 228
1 67 161 9489 1
0 986
1 844 631 554 238
1 1069 1033 825 452
1 765 213 7816 85
0 811
1 432 683 6887 76
1 582 646 3255 654
0 523
0 535
0 360
0 886
1 416 359 1685 290
0 775
0 567
1 205 1183 3608 915
0 295
0 617
0 30
0 361
0 609
0 54
0 709
0 546
1 755 767 4501 503
0 863
1 145 1049 5573 152
1 292 330 7491 441
0 489
0 973
0 337
0 675
0 244
1 585 618 2661 12
0 844
0 564
0 893
0 670
1 509 486 1569 205
0 577
0 568
1 956 108 7650 623
0 472
0 108
0 610
0 475
0 1030
0 993
1 851 1136 1343 901
0 425
0 236
0 260
1 316 324 8012 408
0 694
0 224
1 702 181 3519 854
0 389
0 332
0 597
1 1143 656 6131 652
1 775 465 2628 386
0 387
0 876
0 806
0 636
0 468
0 933
1 533 365 9429 588
0 676
1 868 66 9019 885
1 1002 969 4511 233
0 406
0 745
1 451 4 3391 252
0 126
0 482
0 706
0 526
0 899
0 130
1 805 581 3575 490
0 507
0 322
1 613 597 6254 137
0 334
0 372
0 125
1 541 310 543 580
0 992
1 318 641 2467 469
0 961
1 990 801 9212 800
1 859 1107 5127 440
1 1096 187 2258 223
1 991 27 9792 480
0 647
0 323
0 549
1 292 416 1766 946
0 25
0 558
1 198 1034 7615 1000
1 37 1032 2541 10
1 804 809 2414 134
0 625
0 309
0 810
0 394
1 480 649 2871 449
0 538
0 576
0 941
0 23
0 341
0 282
0 708
1 73 86 4542 217
1 47 184 3816 566
0 592
1 346 65 3036 907
1 646 647 1443 896
0 402
1 1057 138 7541 481
0 346
0 397
0 682
1 387 1055 3215 702
0 374
0 801
1 71 861 6481 521
0 900
0 82
0 461
0 380
0 436
0 821
0 874
1 1190 1176 3157 554
1 322 742 4125 22
0 143
0 1014
0 382
0 836
1 903 34 9379 412
0 951
1 1086 993 1693 917
0 488
0 659
1 125 389 2851 184
0 132
1 491 60 2082 136
0 713
1 1094 490 6971 664
1 1156 685 8917 947
0 212
0 225
0 393
0 206
0 159
0 169
1 955 360 6452 845
0 278
0 247
0 147
0 979
0 739
0 92
1 890 1018 7738 1026
0 352
0 555
1 718 353 3376 356
1 1067 499 9853 785
1 1167 755 2085 326
0 736
1 975 284 9663 141
0 251
1 968 653 3855 884
1 466 458 5808 788
0 8
1 577 88 2363 981
0 407
0 847
0 9
0 903
1 1036 862 3023 559
0 985
0 823
0 237
0 869
0 797
0 1017
0 230
0 207
0 275
0 155
1 231 97 6111 435
1 213 1089 3083 370
1 250 243 4555 1011
1 626 691 228 731
0 291
0 378
0 27
0 494
0 1027
1 634 678 3440 642
0 135
0 1019
1 148 148 3981 618
0 305
0 862
1 423 530 9076 189
1 914 1052 7377 78
0 1006
0 875
1 891 1037 9330 124
0 838
0 241
0 579
0 525
0 235
1 384 1179 611 591
1 504 687 4569 400
0 550
1 767 548 3167 850
0 198
0 444
0 454
1 336 393 1197 621
0 879
0 301
0 569
0 100
0 264
0 725
0 52
0 789
0 796
0 697
0 448
1 11 965 8657 67
0 606
0 500
0 256
0 677
0 809
1 1032 381 6421 285
0 457
1 945 185 5582 814
0 826
0 730
0 1033
0 851
1 492 100 6651 215
0 690
1 1012 871 895 674
0 533
0 196
0 605
0 995
1 169 1059 8330 748
0 258
0 222
0 40
0 333
1 822 1076 7636 794
0 1029
0 139
1 10 887 2756 551
0 299
0 162
0 262
0 2
1 579 544 3989 929
0 270
0 573
1 226 177 1261 749
1 123 1144 9235 368
0 376
0 410
0 73
1 969 1182 2282 166
0 837
0 185
1 821 436 351 974
0 107
1 201 378 2353 288
1 1038 654 9784 772
0 123
0 178
0 3
0 156
0 122
0 746
0 627
0 273
1 421 942 9833 502
0 467
0 656
1 722 386 7039 471
1 904 910 8582 662
0 786
0 984
0 792
0 411
1 239 964 6054 545
1 611 560 3220 666
1 607 176 6764 594
1 1054 52 3372 527
0 719
0 763
0 918
0 781
0 298
0 911
0 635
1 1068 1128 3596 303
1 295 983 8579 619
0 630
0 790
0 701
0 759
0 695
1 1017 870 5358 584
0 891
0 544
0 317
0 839
1 1072 598 9004 93
0 640
1 930 68 3985 357
0 520
1 258 570 5378 377
0 113
0 921
0 751
1 573 1198 1434 343
0 280
1 441 1062 9891 474
1 713 1040 7614 712
0 170
0 355
0 553
0 754
1 554 1099 7363 703
0 304
0 325
0 1025
1 807 148 1862 11
1 232 584 1778 465
0 932
1 55 199 947 1003
0 650
1 1063 2 8727 764
1 744 383 2517 957
0 33
0 51
0 587
0 128
1 859 478 1071 99
0 601
0 60
0 758
0 560
0 221
1 264 1111 7850 773
1 546 363 746 110
0 439
1 155 851 1736 7
1 900 569 1579 163
0 784
0 936
0 379
0 158
1 364 972 9883 906
0 149
1 109 363 8043 365
1 515 148 3052 83
0 589
0 392
0 714
0 611
0 81
0 94
0 552
0 427
1 312 749 907 563
0 443
0 743
0 375
1 231 581 4825 954
1 943 49 1998 831
0 780
0 257
1 441 574 7386 590
1 385 168 468 175
1 831 269 7888 114
0 347
0 316
0 144
0 530
0 679
0 958
0 342
0 967
0 231
1 905 1098 210 272
1 459 343 4343 734
0 173
1 887 234 8714 194
1 214 387 8325 582
0 928
0 1024
1 1196 1055 1230 926
0 727
0 292
0 942
0 431
0 359
1 846 620 1190 62
0 710
0 684
0 1010
1 194 944 1988 892
0 752
0 396
1 777 315 6965 872
0 653
0 65
0 802
0 498
0 416
1 1120 289 9243 561
1 1073 64 2928 1031
1 546 995 1209 717
0 50
1 613 1047 8324 324
0 843
0 738
0 962
0 358
1 29 497 7749 795
0 616
1 346 999 2217 395
0 513
1 942 749 9365 994
1 473 214 7929 753
0 665
0 219
1 338 269 1500 880
0 261
1 872 536 8602 354
0 203
1 906 545 523 1020
1 908 437 6561 363
0 1002
1 851 613 1961 66
0 651
1 208 573 2787 707
0 121
0 913
1 1057 912 3027 883
1 1154 333 544 603
1 933 1105 8862 905
0 95
0 537
0 624
0 118
0 487
1 292 504 5614 112
0 608
1 51 769 7671 832
0 209
0 628
0 80
0 362
0 581
1 952 1012 2752 534
0 777
1 432 552 43 429
0 31
1 286 1051 668 120
0 723
0 518
0 314
1 863 518 3587 455
0 483
0 340
0 5
1 870 957 5168 294
1 100 822 1046 626
1 679 70 2378 585
1 201 33 8211 735
0 428
0 922
1 158 364 119 1016
1 239 220 6198 21
1 403 387 2844 819
0 770
1 606 722 165 106
0 210
0 336
0 970
0 548
0 307
0 344
0 181
0 853
1 708 417 8379 867
0 747
0 615
0 109
1 520 472 6464 58
0 420
0 949
1 399 1129 5583 866
0 829
0 732
1 39 660 9877 889
1 38 339 3087 586
1 263 473 1103 871
0 204
0 671
0 846
0 989
1 592 633 1677 720
0 934
0 776
0 704
0 881
1 949 775 8147 948
1 1052 682 3261 765
0 138
0 812
0 188
0 539
0 692
1 39 409 8434 366
0 24
1 1157 913 3320 959
1 137 50 120 761
1 318 355 6091 115
1 1055 40 3031 509
0 861
0 345
1 491 734 774 782
1 853 721 3217 514
0 999
0 536
1 1102 170 123 557
0 988
1 469 994 2798 496
0 34
1 592 630 6099 369
1 108 268 502 760
1 400 237 7624 319
0 1005
0 822
1 866 815 3384 320
1 622 335 9248 1008
1 1073 259 2066 696
1 331 972 1076 998
1 807 1091 5908 405
1 455 602 5965 29
0 816
1 492 185 6202 229
0 331
0 17
0 445
1 334 945 7025 855
0 447
0 160
1 818 590 3145 721
0 364
1 463 77 4416 187
1 56 1150 4338 446
0 462
1 87 1067 1110 718
0 69
0 543
1 1013 1188 591 269
1 899 261 112 950
0 528
0 705
0 803
1 658 896 6193 259
0 740
0 990
1 707 128 4024 218
1 308 673 6186 18
0 493
1 1094 99 2597 460
1 664 286 3249 596
0 524
0 504
1 941 772 9768 1009
0 637
0 997
