1800 1800 398
1606 1795 9385
863 1495 1743
1059 1068 936
867 1439 8827
829 1678 2446
1542 186 4742
1552 988 1541
19 832 1935
966 1761 6927
637 1265 5943
1409 1282 2839
194 871 2472
464 198 4115
5 668 203
280 1093 4987
1115 86 6311
200 490 1834
1227 1775 5687
1707 1475 1450
1306 984 4028
1471 956 6559
1364 71 8260
1276 672 2661
1658 281 8524
1015 1540 5664
1111 1736 3056
1050 1363 1154
1612 1323 1024
839 1077 2685
328 446 9418
681 1696 8826
1309 527 3996
1421 1143 3324
396 1133 6672
800 60 9585
259 1453 3618
1484 434 7504
1769 1772 7867
1621 1122 3125
1058 973 9851
1657 1101 6640
1713 99 8382
151 780 8763
1179 1091 5055
63 1456 854
436 509 808
1628 1530 9526
611 1175 6588
726 115 6677
1453 677 3742
282 1695 3994
416 522 8783
268 207 9937
1232 360 6037
524 1411 1443
608 1321 4732
353 1545 4123
251 1680 7843
1184 1795 7019
211 394 4783
1701 772 1440
1579 601 7224
933 1017 6060
47 759 8674
1540 1384 3585
225 933 7298
441 172 1606
985 1596 1414
78 162 5605
6 43 2304
730 1102 4601
1266 276 3600
1562 867 8687
354 103 5088
1206 770 7021
843 1638 7466
1235 1684 7440
183 921 7485
344 825 4513
361 907 705
620 491 6482
712 1202 3696
348 739 8417
891 188 935
1203 665 9353
1671 1509 7082
792 105 9846
435 1339 223
1607 403 2050
1570 938 2990
387 660 2613
612 238 8680
1607 1493 1580
1643 193 5949
422 150 4082
1629 167 5577
1142 1680 6984
347 1346 7732
1743 1564 8028
928 698 4840
288 1584 5397
1735 732 7295
1244 57 3246
187 1012 4610
1450 1390 3146
1063 1688 889
1510 77 9295
1115 576 947
9 1169 8977
329 1353 7514
26 1193 9549
636 100 7626
1767 771 2483
1696 880 3469
1170 279 482
122 1759 4583
297 81 1765
1157 788 4002
178 195 3419
1514 99 7380
1443 1492 6085
736 597 1209
1417 694 1245
459 151 9757
428 103 4858
882 122 9945
519 1082 4879
238 755 4789
63 19 6612
1589 1432 222
756 1065 4406
242 48 6294
44 190 5099
1109 75 4677
1173 1080 6780
1101 1586 2644
325 1358 8601
1737 1795 391
485 461 7908
333 1257 9700
459 45 1219
1233 1209 3203
468 1653 6796
62 1646 5160
1792 1636 98
286 254 4590
875 669 5427
1004 935 3603
723 333 6469
1178 1348 9911
142 844 5821
1515 162 8042
152 1543 9349
1353 1424 750
1415 1265 9999
680 1283 1
1438 404 5186
1020 78 1083
72 918 7646
128 1569 2391
433 430 5642
1137 1467 9450
350 1130 4799
33 107 4785
1113 1747 3814
1492 60 8804
1627 978 2381
1320 1785 5136
369 517 7010
1224 48 8536
500 759 2354
1291 1696 1556
1390 975 1476
1740 1528 2128
1240 1368 6918
617 1615 815
615 64 5867
906 756 6813
144 1134 6357
824 1277 3842
97 1342 4929
1342 522 5524
1642 1282 4183
453 1329 4091
348 1600 584
1105 802 3180
9 1318 8630
778 208 3201
1594 1238 972
268 1650 9190
677 1428 2233
792 1224 2338
982 569 3751
1073 405 5521
524 292 5840
1432 1594 931
94 240 981
1231 1588 7583
611 1193 8035
1624 982 8699
441 1166 4994
207 234 9949
1220 1404 2689
1411 1633 8769
1780 1603 4136
1666 1426 6835
952 40 4112
709 185 2289
917 360 7198
205 1306 3767
1644 1321 2301
114 446 5687
280 1653 6930
1287 559 6763
223 782 1372
1005 1793 7647
613 803 1906
1621 199 8520
813 642 4515
514 1015 1318
1086 1064 9542
1033 1262 7993
1084 1757 7390
1346 1747 5124
1007 505 4137
618 556 4263
482 1770 8119
1320 1208 5038
317 1463 8442
703 680 4732
1424 711 1159
804 1025 2258
914 1434 2091
661 1105 2537
491 966 445
910 152 796
136 1638 9368
596 974 9105
780 149 5065
718 750 9245
949 1302 7643
1228 898 1869
190 994 7144
1720 1219 4277
337 12 2052
1071 1180 7630
217 97 824
1615 22 4659
1533 1445 4756
768 1451 2905
121 316 487
272 1250 8045
1271 1315 7106
631 423 818
918 1557 5968
155 135 9869
1792 1765 570
1068 744 5459
1245 1759 5234
478 1399 3792
444 1173 1603
541 1727 5614
904 1163 1075
1233 1014 3689
651 1760 9559
1188 1048 2483
137 1675 8806
1268 679 5293
236 247 7981
89 1116 958
523 13 9835
739 1662 4469
997 988 3917
1419 1682 3829
887 1166 5837
1315 1194 1663
845 1470 4708
14 1467 3942
399 1348 2564
1141 221 605
1187 958 1677
1299 122 4691
1649 1352 979
657 1478 6007
221 608 4313
298 966 9141
1338 1391 1813
1224 615 7446
358 1793 1137
968 1280 2757
731 1349 1314
850 541 2620
850 998 6039
1072 294 9217
477 680 3268
600 854 2872
61 1280 4348
1450 1023 6333
1042 379 2970
1184 1074 4082
1249 1595 9965
706 1638 9778
915 1067 2665
980 1197 7949
906 634 5937
1185 546 2374
1174 1595 5058
601 1578 4049
890 594 3973
474 645 2264
912 1550 1099
1689 1348 5067
750 472 5243
1 176 3340
912 58 1179
225 121 8140
1324 1098 5763
699 15 1931
1769 805 5274
1180 1026 5519
525 876 2096
1037 733 5831
1129 604 3868
1476 218 2566
225 1129 2579
1508 1198 4884
28 1706 7805
1086 326 397
759 1447 5312
241 148 8576
1566 350 3079
1445 1327 3625
214 817 5225
1560 644 8646
375 1643 491
847 460 6120
1634 510 4517
635 270 3859
607 72 1500
853 701 14
66 109 7973
689 1253 333
863 1608 6202
1289 991 7219
1657 94 7454
832 1514 3400
1287 1135 6055
1507 596 2711
782 698 2129
1540 648 6261
732 680 6817
1612 164 33
1445 1368 52
553 235 27
1753 159 9381
797 1659 4417
384 409 4938
780 559 8859
957 364 6403
1209 1782 9026
1282 1719 616
1663 219 6916
832 1373 8940
1024 1520 2699
783 994 368
1285 928 5407
498 1316 175
943 485 5860
181 1201 9502
1671 164 8453
1510 1280 5851
1650 1374 2347
1097 1538 3419
1205 576 1466
938 1412 5165
916 1362 1244
1641 62 9109
603 1281 4320
497 1296 891
282 1520 5636
1270 1661 2891
1656 991 9699
993 254 4051
555 1735 3030
223 918 7031
1264 1166 6968
1659 1457 5356
258 1636 404
1232 1594 7160
1374 27 9473
1124 250 4050
1603 551 83
957 717 641
321 1506 4658
1286 1195 3176
1416 449 9136
375 710 916
611 401 3152
1615 586 7570
1603 480 6481
296 1674 4733
1543 10 4648
1355 1021 1210
665 211 4466
1620 69 6800
1737 110 9288
1175 673 6794
1345 1040 3224
946 559 2497
908 791 7177
246 525 87
11 1578 3592
562 1782 20
998 1282 3117
529 1757 1023
1783 1324 6720
582 542 9228
1195 815 9031
1072 217 7834
280 220 3359
1731 619 8579
298 762 2263
1647 1613 8924
167 846 7573
1596 333 2230
833 411 2148
490 1122 4961
166 479 7403
1478 1697 5565
1688 1179 6363
818 500 7495
242 966 4882
588 1158 6719
1680 1570 7204
12 63 9587
486 609 2914
97 1644 3646
646 1486 8787
578 1441 7222
1246 868 9131
1663 246 6610
553 89 5782
1131 1489 1137
62 1373 5754
1767 1533 7120
898 1662 2247
429 1326 3551
36 547 1413
563 1300 3366
58 673 132
1370 170 3442
1039 1368 920
328 327 3712
430 1078 1256
231 1219 263
1068 709 7179
62 721 1966
1278 1766 9902
1390 427 8557
1380 1085 6233
332 1364 5641
1062 463 5522
1171 1650 7203
89 17 3650
1454 583 3889
464 959 4427
386 1765 5418
360 1245 684
1768 1064 7962
447 1721 1356
1316 1374 663
881 961 9248
562 1538 8015
778 1217 3272
1027 56 8072
1528 1089 7959
1569 734 3335
179 1447 3586
1529 58 2319
1118 888 6066
311 491 799
1637 683 6676
939 177 978
717 1453 2403
68 882 5266
441 165 5124
460 1536 3368
1383 1487 4023
1718 30 2823
1519 246 3928
670 199 3617
1182 1022 5993
717 1020 5437
383 179 5272
1051 561 4727
1785 582 773
1362 987 1864
1169 320 294
714 4 3589
1357 287 8143
284 1743 4753
366 242 3661
577 402 2982
1323 993 3421
554 184 5397
1337 549 8207
887 1340 7440
1358 943 5857
915 1755 8511
748 295 1296
1649 1746 3667
943 146 624
1281 364 377
1761 676 7494
1009 1272 3478
1193 609 6617
1250 1586 8016
727 1060 7402
1745 1391 9345
1215 833 406
741 1282 3636
339 647 2142
1197 724 7328
647 593 5101
758 1193 2162
264 834 2800
624 1016 1436
380 882 553
1458 1289 969
1344 1239 8027
956 40 1276
527 908 1005
1220 979 6293
629 774 8559
240 15 969
345 97 2242
421 1762 5339
201 566 9188
1485 399 9887
450 1702 1989
578 970 5150
806 1495 9176
167 56 812
213 1321 7863
71 1431 7302
1589 363 9419
1249 43 3785
828 522 3930
222 141 9768
1578 1369 3123
1579 191 2569
220 76 2703
167 628 6335
1265 384 1857
1102 908 7554
1395 499 9972
493 1059 4878
674 831 7884
416 1796 250
738 891 6628
375 1205 2929
1751 1276 6112
532 448 3920
228 1790 1587
798 506 2523
1670 1568 1836
1025 1567 7121
934 813 7697
774 1443 4980
1409 1421 6533
845 1684 4376
1464 1556 8894
1628 108 7330
1573 176 4379
1182 748 3128
115 751 9532
1559 910 8537
1428 1475 1871
134 1506 1496
1614 782 9981
1168 875 6693
116 225 4823
289 484 5206
259 485 5192
1667 683 3863
1543 706 8563
1055 1437 7620
1032 1694 3877
713 923 7121
959 742 8713
334 809 7355
1571 1273 6261
321 316 7675
1734 271 1164
1788 1041 3315
61 1643 1455
1449 191 2388
115 490 5554
1594 768 6716
1230 1609 7760
255 1570 9106
1627 144 416
1279 579 8219
1660 1074 2450
774 457 2547
32 413 7935
905 611 5325
787 1626 3712
1585 22 8938
634 321 7712
115 333 4136
206 1019 5056
1769 1493 824
1264 671 4144
1255 1387 8758
519 1545 1092
421 224 4960
461 976 5320
1374 983 9834
479 1186 5664
345 1004 2976
113 1401 7306
1142 375 3846
1142 1394 7547
260 1773 598
1491 537 3571
1514 1179 5415
307 401 5065
450 585 212
1777 362 4812
1153 1002 84
1745 82 2819
707 178 8708
861 850 8315
1474 974 1445
1111 450 428
614 1368 3440
1249 466 1551
750 1078 1154
706 386 9517
37 1794 5507
375 1468 1745
1211 1614 4976
512 1120 7185
1773 1646 4509
1347 913 5703
1028 1376 3205
111 530 5872
1434 147 911
172 70 6797
740 1551 2652
652 1162 703
725 302 1258
1030 759 3132
394 240 9997
937 286 4476
507 797 9291
15 827 8155
1252 413 8399
1364 1213 223
794 480 8377
1417 1702 911
683 1099 3242
1120 1297 560
1105 291 8159
460 167 5514
612 1717 2342
381 670 4764
583 234 7557
518 11 1536
1736 1766 9652
396 1374 2625
863 858 5803
768 627 5588
88 1564 3404
888 1316 470
1219 1185 3515
1230 948 9095
587 161 441
1385 549 7976
1665 371 6608
742 1669 7970
1790 716 2554
253 1218 2895
1161 953 483
404 749 7236
980 265 4396
1501 1103 2258
970 1515 6088
580 130 5036
1460 998 4816
1547 753 7586
897 763 7918
820 549 9585
155 356 5835
1082 1075 6141
1678 1598 5160
1722 1528 3208
1735 981 242
435 736 1925
743 80 7363
317 977 3615
534 1647 802
364 1388 8665
1709 1442 296
707 1 1771
960 848 3939
972 1749 4727
1034 30 923
851 538 2167
1341 157 9029
820 1149 7074
646 869 416
12 301 8868
68 1572 6577
1372 1693 9378
578 1460 3424
1261 161 3501
935 624 3225
1574 727 1495
1223 86 341
891 1576 8454
1309 1151 8200
926 510 3033
813 1634 393
1352 40 9473
560 1662 9367
1285 1732 894
1783 1191 5784
373 545 2739
431 816 5621
992 819 1089
526 1038 8265
1430 1191 1416
911 928 9856
1478 1586 944
1204 538 2492
255 946 8115
1404 662 9840
808 234 1710
1441 829 8487
454 717 6355
1295 1459 7272
1733 189 7131
412 1061 8323
19 23 5659
727 702 6923
1356 93 7655
819 387 7233
1746 183 5755
1534 222 4742
917 236 4676
992 291 6357
1733 1679 8892
1682 1453 149
16 312 8588
760 966 1691
701 189 5443
547 289 5605
66 469 9801
608 1335 9560
1459 217 5985
1644 768 3339
1082 512 9546
1219 24 6484
1029 466 636
187 783 9670
1682 342 6033
856 1051 5227
1069 812 7941
655 588 1971
1661 880 7566
59 1470 4060
1304 1042 9410
1316 1559 8423
1736 1587 7549
323 568 7557
835 1506 2660
578 1261 558
610 139 6422
183 1086 7070
1483 1227 8131
229 1453 7453
308 572 7844
1428 263 51
1223 1330 6791
1357 1567 9356
1438 602 3885
1007 1095 9776
1502 1070 4868
1238 366 5909
404 1416 9105
861 1079 4906
299 1055 351
1212 138 9358
185 1653 3112
1273 146 3722
1127 1162 6097
307 1769 3919
1790 71 4563
800 316 9281
1300 769 961
703 1468 3083
1325 139 8026
511 1099 188
1210 1404 1388
1364 166 7438
1117 948 2474
590 301 3594
874 430 993
1327 1705 6282
485 511 8321
188 176 6933
1605 743 9898
574 413 875
1408 875 6038
628 1605 2225
1799 808 7325
514 709 2465
470 1715 1846
99 1561 8517
1629 303 2125
677 779 8097
955 1143 1388
1268 1740 1453
1417 1748 3319
1355 571 1755
1668 474 7341
1389 1538 3003
256 1425 6183
499 995 362
1606 322 5938
675 402 6142
985 941 8507
608 700 6474
229 171 5931
1625 295 8680
474 1150 7069
1769 1642 8451
1704 3 9334
561 1159 38
909 593 509
590 53 3409
489 605 2628
992 17 9409
1587 1394 693
350 1144 8174
1237 661 8795
257 1502 1611
1570 1135 968
1437 290 7815
1385 1501 3709
401 1627 9209
753 812 9269
954 1649 5171
1109 302 3470
1378 499 5132
939 519 490
228 347 7928
1472 1703 2357
328 150 9757
1102 983 7879
934 1236 6728
216 329 7359
1312 1304 7793
465 1437 2450
1727 1174 1026
1742 170 1204
1128 1609 8482
82 140 9061
263 824 9113
303 860 9571
1103 920 3543
1059 536 8609
38 985 9139
657 730 5747
642 142 8124
1388 959 1764
377 124 1216
403 27 9304
676 1628 4400
1566 241 7136
794 558 3374
1369 394 3742
30 798 1417
727 1084 2528
327 296 781
1349 282 1921
1338 1393 7863
1251 501 94
1398 1432 4989
835 531 5200
195 588 1343
1364 1517 6658
1779 5 5580
1538 1137 3852
1492 1187 8102
719 717 9793
1079 1202 146
596 1751 9009
361 496 8714
1533 493 7445
91 1425 2228
34 829 3046
374 497 3556
917 1256 324
1665 565 7315
1485 349 8707
1518 1165 6063
669 813 87
1539 1308 6630
562 59 3678
549 685 2005
194 991 7292
720 1582 4356
1263 1670 6247
1493 251 3525
275 440 9632
677 848 2673
1083 566 9659
1031 1068 131
1339 835 7769
675 332 8193
821 25 2796
122 1001 9540
35 1144 5726
679 1457 5283
1783 1708 4684
1652 352 3606
142 851 8373
1535 1361 1252
202 1358 7246
1010 184 4463
1337 818 2525
539 546 60
507 1323 6039
595 1294 8211
931 1104 908
396 345 8044
232 62 593
1532 554 7780
1364 13 7011
1103 1576 5760
1667 409 4609
547 210 804
1785 609 9416
1326 1557 779
326 987 7070
1656 1744 1698
1712 354 2851
707 1125 6171
432 1338 6886
1558 624 3062
971 658 8058
554 1526 6017
1546 1673 8404
1712 626 7057
1160 736 1942
737 1455 6488
830 1657 7405
647 262 4048
241 1093 8522
409 171 6758
1350 755 7564
459 1378 1548
1136 160 2200
1535 224 3953
454 461 1632
181 434 9402
523 1455 508
1107 975 9640
469 333 8905
538 470 4704
584 1314 3106
795 1028 6826
47 891 4262
1555 240 2149
136 724 9759
975 206 5154
1497 1264 5315
410 777 4173
1262 267 2622
1419 616 2976
591 990 8700
1144 437 3846
409 987 9697
27 458 3639
162 988 9647
689 393 9755
666 1387 8609
187 1425 9626
534 1325 6246
398 940 8754
548 1067 7734
305 576 3281
1593 249 3787
929 577 5600
1073 1075 4050
764 232 706
1552 548 9136
487 1708 5736
161 372 1592
1364 1576 3915
868 605 5339
391 535 7661
185 164 3968
1186 169 3486
1590 1679 156
1399 1049 2731
16 77 2783
611 868 545
1131 1643 8097
1399 930 2742
474 1532 7382
1330 1340 2688
355 1209 8892
1196 1015 9888
870 508 3187
45 1032 4414
110 1189 5901
523 260 9676
522 1100 9621
1029 771 9226
1373 1350 6317
213 1594 7267
1543 1118 8210
532 482 8785
988 626 7626
150 486 8496
832 61 5224
1791 1104 2696
1577 1669 1820
26 539 1036
1496 453 739
1203 69 1742
1658 201 7376
891 1479 608
440 100 3786
1519 167 2903
1542 1423 4980
1205 398 9349
1267 579 534
1770 37 5855
1431 1520 4186
569 1478 7556
159 1070 7615
1145 1013 3017
131 446 8300
1687 1205 8800
253 913 6969
1576 1608 9153
1601 624 438
1494 433 1069
1251 781 7196
1548 1795 9297
756 1019 7881
1432 932 2365
1432 576 8556
165 472 9764
492 624 1291
771 199 972
72 1731 1367
209 810 1165
302 1333 1201
685 1618 3944
1791 98 1265
1198 954 8730
741 14 9321
312 991 1243
1772 25 9897
1237 989 41
408 1478 7792
1427 374 5231
129 115 7765
1540 844 6133
1007 1766 3756
592 575 6642
890 1235 5529
1075 232 9996
740 604 8454
477 635 7975
579 722 2194
1704 1721 8660
232 1528 6307
550 1268 290
1036 1407 9958
1280 1624 6482
1006 1160 1450
1406 1569 1539
621 184 5527
909 549 3276
1298 983 3058
1775 1156 9302
973 1051 2258
1327 78 166
72 1526 4909
1765 36 3244
1746 587 7905
265 366 3689
167 1273 6102
1128 432 2000
1038 1498 3386
781 798 9623
1046 1345 2509
1327 66 6550
829 731 1121
915 161 3499
519 582 3002
27 1608 4860
1502 228 8651
1609 592 1464
372 1458 2334
341 1338 8863
865 438 9623
887 667 1016
232 1171 3372
1451 539 7518
631 749 7307
851 31 4062
1315 487 8723
501 277 6379
450 1072 3711
1092 1726 3316
1712 448 2742
145 1204 7594
447 1626 6364
1219 329 892
67 1501 5169
14 713 2348
1314 1145 7721
1695 1003 9033
1527 142 2669
723 1429 5508
44 1203 3902
406 826 9853
30 1378 3584
1398 923 4616
422 921 4536
139 923 8984
905 8 121
404 401 6385
452 923 5721
597 851 9434
407 984 9816
117 1424 2205
85 1531 431
1407 769 940
642 1196 4358
1213 1600 2680
1665 1654 9448
1551 1529 2167
1259 569 4044
1635 1199 3291
805 21 1385
138 1427 6904
898 518 6942
311 465 5475
1731 1596 2237
1456 893 7994
1639 1765 9871
253 1465 7997
1690 1333 7543
1759 572 8002
686 1425 6836
124 1216 7907
751 1655 6317
690 903 176
1427 1569 8065
316 1295 1374
1476 1722 1615
299 1441 6222
1356 1271 7587
826 1705 5919
1173 1470 6808
1261 806 6491
994 372 6912
1375 1458 571
743 1121 5272
1375 815 8349
293 106 3725
941 897 7554
123 619 4263
1410 1300 8846
1119 1555 1110
301 56 874
1335 1058 6399
373 1455 4117
1283 278 5943
1259 958 3587
586 202 4853
79 337 3906
1509 332 9048
538 403 6183
629 446 7063
28 699 3493
1739 730 4466
1740 850 7442
528 868 166
807 1691 2060
62 1723 9535
1782 197 2361
1619 1070 6695
1574 614 1810
177 982 5033
966 1254 1701
1310 1194 3381
1557 779 8753
549 1595 8415
324 707 8970
367 1431 1944
636 1223 2268
1694 663 5986
1345 1415 502
190 490 9057
281 77 586
225 586 7810
103 117 5270
1107 216 6643
291 703 9158
651 117 7212
1105 867 7549
715 174 3979
478 256 6599
1719 1698 4080
1147 296 727
192 1544 1996
1783 493 3862
394 1177 335
273 1063 5465
718 358 6257
505 234 2304
1048 93 5425
1082 665 6313
1132 1495 4386
495 1581 9695
303 1669 9414
101 1294 1450
1418 1492 5372
283 942 7994
1422 1533 7010
1189 1329 5222
1043 1563 1320
1065 1214 6265
515 307 4765
180 122 1928
1218 1686 4117
1014 962 2948
1402 966 8540
396 259 7676
1098 675 2565
1281 162 2718
1469 1649 9345
561 189 9432
307 694 7683
42 959 9212
1742 463 9655
811 873 4625
208 170 6996
525 1052 9103
190 1671 8306
1606 1473 642
627 416 5397
896 362 5203
1586 91 5066
1141 151 808
669 693 9691
1509 1246 3546
578 754 6381
1236 297 5864
1734 98 8117
1537 130 3467
1337 211 9458
651 904 954
592 594 808
1218 1207 4153
1362 694 9964
1250 462 9455
1501 168 3319
528 1797 9005
1504 1067 4003
1464 88 5386
1789 130 749
166 902 4957
334 1555 4200
470 769 7756
816 1116 7809
125 1308 7189
1305 40 1085
1740 1065 9871
1474 555 4067
743 780 2389
945 1114 9307
899 286 7468
990 1075 6445
914 1045 3692
891 860 6517
405 169 1762
1782 191 8490
539 48 1098
595 1586 324
702 1358 9589
1145 1295 3596
1312 226 2295
99 359 9456
1471 1502 9991
1509 374 9553
692 944 4825
283 898 5244
1169 947 6933
639 1236 5842
934 1429 3586
1096 981 6749
1368 510 7121
123 1419 8823
512 1365 5677
226 758 5729
945 1446 2741
1327 1529 1251
802 1537 3561
1119 52 9151
1156 41 836
1582 871 6420
1730 1581 3133
200 903 524
1021 459 4738
546 1198 2365
745 874 5410
464 1792 7435
633 755 470
420 1233 6650
484 134 4025
357 114 3947
1608 1496 7139
1634 23 8300
202 428 5391
1041 1211 3312
1500 1495 1633
1257 558 6694
1039 1504 9534
726 471 5215
607 895 9167
1564 53 1402
942 1020 9969
1626 71 5019
554 156 1851
159 577 8848
1735 9 5376
1374 561 6819
1432 1123 2186
522 1354 4515
183 661 168
1616 1635 168
975 854 3228
747 1035 5770
1049 1328 6122
1690 1293 5957
1391 809 4506
1599 902 6072
1130 482 2163
604 774 7683
1163 1770 1940
1109 953 3700
390 994 8195
1279 559 7608
1128 236 4837
1393 1261 4990
853 332 1013
1061 734 3123
228 1497 6770
1073 248 3997
1651 1636 1686
1759 352 5688
287 1730 5121
1066 1690 8746
179 96 6195
73 911 6727
213 471 7968
308 1573 1818
1565 1288 7506
994 446 5285
1611 540 6560
80 843 3930
1205 1256 6610
1213 902 4191
937 1460 6504
985 1086 8178
926 1777 308
1752 1415 8770
487 648 9635
1721 421 2873
1282 179 2813
923 752 2374
133 1010 8983
608 996 4889
1397 1067 1552
1466 1309 9110
1125 1107 6257
788 676 5855
1103 1738 3623
447 258 7573
1637 863 9617
1361 232 1592
1026 38 2951
1498 930 4536
1328 169 907
107 1714 7051
1327 1638 6
120 385 4996
1595 799 921
12 302 1918
1297 581 6318
946 482 4711
1698 1791 5769
923 1595 4981
499 540 4342
675 596 8607
752 240 8309
656 1703 139
982 87 1526
1137 711 3005
611 1521 2060
911 741 6785
231 734 7856
1065 151 9787
385 139 9966
410 105 1918
115 1726 4332
175 1783 7347
963 1621 8237
66 1201 280
224 1566 4131
598 1086 4187
292 1259 9398
495 1030 5625
1533 845 6504
811 116 2050
866 343 9714
1016 548 4698
1338 379 2881
1261 114 3602
917 1296 5103
1704 1330 8827
972 1396 947
556 923 8653
1345 61 6033
777 1736 653
981 1184 3161
540 951 3005
704 90 3114
813 1228 4066
247 1714 1599
567 1132 7878
1583 1722 892
1045 740 657
1346 171 6502
1120 73 7999
1772 1288 3431
141 1430 4644
962 1484 1700
1338 617 889
1357 865 2416
906 1347 5406
45 1556 8805
646 820 9448
615 987 8549
736 60 7372
40 1393 5349
61 1103 2451
1614 834 6549
880 277 5553
1526 402 3479
1573 139 8191
1567 1067 2918
629 515 8428
634 1273 8523
1431 1584 7387
1694 1469 5432
1404 1764 446
261 1730 6075
198 1474 3433
175 1457 4086
628 360 1706
1206 691 2419
666 1765 1040
1052 1418 6534
1616 857 6488
945 321 9004
279 1201 1041
731 200 4310
1670 938 1594
1297 1479 4435
1410 1713 7349
1688 886 1908
1261 161 1188
809 94 9552
1289 1124 9305
972 1601 2314
892 518 8515
160 1028 893
1327 922 2011
1313 1359 9073
1281 1755 4436
1463 820 1617
1289 1080 7519
647 1657 2006
1217 1613 1041
1438 1032 6387
129 389 3088
950 676 3582
113 376 6456
1335 1469 8513
291 886 8505
885 194 6187
317 1119 4985
657 856 7297
633 1671 4673
969 121 6852
1390 850 9583
963 462 9239
513 614 265
1704 368 2845
710 1248 9076
179 343 8078
1200 1633 3949
124 20 5044
1116 1499 9237
660 441 8306
850 318 100
1185 1549 2472
1314 1533 9404
787 1423 5374
517 193 3026
304 501 993
980 1488 3354
1497 1540 6941
1245 1463 1769
1102 759 1345
269 795 4568
1259 542 1236
1489 1269 9223
477 200 5756
123 886 3136
1727 1559 2181
568 1458 6297
483 638 6182
1692 1774 3215
487 198 3614
1032 1153 8973
1330 1359 8499
1311 971 6864
305 959 6380
1144 1162 2037
1250 1372 9602
180 915 2496
131 584 7440
263 1676 6739
380 482 7503
1013 1354 9109
422 748 7690
1219 196 4418
937 1407 163
1093 38 7630
625 1056 7132
1573 706 4353
452 828 4694
350 1285 9147
1714 1319 207
960 958 8005
1623 248 360
894 1734 5361
479 473 3739
491 304 8584
137 855 3490
1767 1715 2591
1485 678 8840
1189 112 8409
1368 455 1614
846 801 5304
116 1061 12
683 1006 428
580 1006 725
1207 1781 1748
323 772 6617
164 325 6584
1586 373 7530
1625 1352 5979
86 971 850
504 792 7270
624 1606 4180
1132 462 4687
264 859 8420
54 808 3144
231 136 8328
562 313 3374
121 1580 8807
681 792 5700
1402 557 4376
1070 1784 9710
588 1371 7681
176 1562 1654
809 1748 5075
752 1514 2591
203 17 8432
627 288 2499
1371 1056 6966
110 1567 9094
217 736 7160
723 1383 1020
1090 700 9116
1314 945 3016
345 527 7099
143 209 7643
829 910 99
354 904 1408
261 1564 773
1554 1756 9534
1787 1351 4535
275 892 7389
867 78 7476
274 592 6655
443 1078 5285
750 821 8873
1123 381 4348
333 924 1840
103 628 9343
1255 1514 7729
900 754 3688
943 796 4612
1404 86 6994
729 1002 6524
469 358 6909
896 562 8913
788 246 7122
1681 993 8165
1405 416 6170
751 1199 3154
1625 839 6593
958 1138 1164
219 882 8473
531 1040 7886
800 399 2053
791 233 8915
634 996 2571
327 378 4984
764 1208 4669
318 1220 8900
512 1566 9068
1545 1198 8963
691 375 8626
1652 735 1370
691 638 8787
1233 922 3866
964 1462 445
1307 100 2687
792 993 6797
458 810 8165
900 878 7593
930 1092 1871
1348 1097 3933
655 1464 1529
793 657 7655
72 433 576
721 432 373
1203 619 1580
49 1405 2770
194 403 9664
252 232 3173
980 1532 6866
1010 1231 1915
999 35 2616
1239 743 137
685 407 8944
1543 1752 7305
146 1337 7676
1176 491 6332
1708 938 9785
928 1182 6369
674 98 6095
1370 562 5499
1665 127 1738
214 717 2289
1533 1568 3825
663 477 8571
1329 1584 2589
440 370 2454
404 262 4815
533 101 4047
1018 1036 8852
1223 427 336
1741 325 2289
1415 393 9972
521 1082 37
585 944 6305
838 762 6175
887 1762 3535
743 174 7020
360 536 1040
390 416 8707
1729 607 2892
1755 1236 4405
1356 680 4665
1703 1062 7678
1366 62 693
1365 1162 5479
1243 196 4805
1619 1660 2581
120 746 6561
1681 1588 4603
240 1397 3533
1059 1382 3845
742 376 2919
825 1204 6521
812 758 8975
831 446 4912
1652 850 271
81 645 1511
24 760 3091
823 1417 9079
450 144 7813
66 522 5022
576 1112 4732
886 1340 9153
860 1397 9887
629 972 5392
1509 1421 5420
828 827 5252
188 1267 6932
1264 1101 6681
1110 1154 1624
1596 149 6939
642 1661 8307
780 1617 7352
1488 1633 8642
712 1005 1753
259 1156 5815
1666 102 592
806 381 6744
980 1560 1442
1246 865 1243
933 228 4839
812 926 8802
1438 1765 6022
271 1392 2306
918 1037 5350
236 1327 4305
981 708 7399
1144 1583 8862
1473 517 1498
980 1219 2737
1068 651 9429
1446 270 3946
1724 206 8846
182 534 3499
475 172 2393
411 1683 5441
1671 531 2712
672 922 6559
371 398 5326
819 1383 2181
217 400 7320
1554 1443 8250
670 889 102
14 713 4279
1331 808 3383
1232 1048 8358
639 233 3870
1670 1411 6114
1289 885 5011
646 1307 7358
198 152 2533
306 1452 2348
1050 1362 1999
880 1572 6219
1074 1083 4455
1103 1741 4009
1635 1692 9358
1161 914 1653
342 1230 7924
1695 293 3277
261 309 7785
264 1623 1969
287 487 3802
775 441 1668
1139 174 2173
900 690 5882
811 1369 9851
1559 737 6619
1568 70 6099
279 1128 8844
1563 75 1475
213 290 5276
557 1168 6337
1726 579 5090
969 345 7091
1623 1014 7024
1462 193 6585
268 937 8976
669 818 3108
1515 655 4341
986 241 402
0 200
0 395
0 280
1 744 1612 5296 34
0 315
0 370
0 343
0 88
0 228
0 213
1 360 649 388 365
0 300
0 59
0 188
0 207
0 243
0 307
0 181
1 1689 878 1385 381
0 164
0 106
0 21
1 1227 140 2390 325
0 3
0 68
1 1155 412 7805 159
0 37
1 507 951 3602 237
0 11
0 302
0 360
1 754 1383 5387 265
1 485 1016 2840 368
0 285
0 172
0 6
0 266
0 62
0 130
0 41
1 1587 1707 8355 292
1 504 26 280 297
1 1219 293 294 364
0 329
1 1784 1013 6561 145
1 1735 65 5811 326
0 282
0 202
0 288
0 226
1 1122 311 7226 151
0 197
1 1188 515 8333 155
0 219
1 220 596 4698 53
1 1104 1118 7924 210
0 180
0 4
1 554 1387 217 192
0 169
1 1394 123 6381 254
1 402 1796 6251 67
0 23
0 187
1 1654 33 4353 182
0 290
1 1322 1377 7507 123
0 241
0 261
0 298
0 387
0 272
0 165
0 17
0 373
0 178
0 215
1 32 1264 9708 170
0 268
0 12
1 931 112 8167 203
0 231
1 1661 402 8287 148
0 374
0 83
1 1032 194 1985 327
1 446 262 2446 133
0 246
0 154
1 1560 620 5963 225
0 337
0 25
1 954 1101 5866 117
0 44
0 283
0 13
1 839 527 9731 322
0 234
0 391
0 217
1 1665 1552 829 163
0 105
0 214
0 5
1 308 1408 3025 103
0 334
0 63
1 1578 1168 4841 271
0 332
1 630 532 397 65
1 494 1525 7419 382
0 72
0 319
1 1195 633 7921 31
0 27
0 336
1 19 576 169 379
1 1299 94 2747 98
0 146
1 984 671 3010 275
0 278
0 258
0 201
1 178 1163 547 66
0 235
0 362
0 195
0 128
0 264
0 216
0 104
0 375
0 255
0 349
0 47
0 43
0 338
0 289
0 244
0 356
1 234 37 1652 51
0 138
0 45
0 49
0 242
1 313 1560 2943 110
1 219 245 4975 8
0 92
0 82
0 347
1 914 1225 6506 323
0 7
0 144
1 753 1498 5522 281
0 341
0 260
1 1192 841 4023 371
1 1057 1378 2379 378
1 1047 963 9661 114
1 643 41 8625 248
0 152
0 24
0 158
0 119
0 93
0 344
1 1513 680 280 305
1 1477 1483 4332 363
0 97
0 174
0 249
0 190
0 250
1 151 1528 7217 55
0 141
0 294
1 412 859 4089 339
1 976 1627 2957 95
0 56
0 209
0 389
0 35
1 1695 1544 4397 132
0 324
0 102
0 107
0 162
0 262
0 263
0 218
0 287
1 1501 391 5469 366
0 390
0 134
0 273
1 1770 94 6438 204
1 1612 513 4106 76
0 346
0 196
0 295
0 61
1 82 61 1636 39
0 227
0 211
0 385
1 847 216 7986 126
0 304
0 270
0 135
0 340
0 116
1 122 102 7942 388
0 357
0 57
0 206
0 94
0 350
0 398
0 112
0 358
0 276
0 40
1 1230 1333 3431 259
0 222
1 1636 306 7154 111
0 240
0 129
0 269
0 377
0 36
1 1557 1472 8339 359
1 1072 1186 8845 191
0 380
0 233
0 393
1 1406 1694 6372 48
0 194
0 198
0 142
0 89
1 622 1196 9750 291
0 30
0 318
0 38
0 376
1 203 1254 4520 139
0 137
0 397
1 427 1556 7891 10
0 331
0 229
0 60
0 321
1 1655 1560 9231 149
0 156
1 197 742 2660 247
0 208
0 161
0 353
1 1602 839 2663 312
0 345
0 28
0 153
1 582 773 1864 70
0 386
0 193
0 167
0 274
0 309
0 9
0 320
1 394 1183 4571 14
0 361
0 71
0 120
0 2
0 212
0 205
0 311
0 372
0 26
1 1596 1599 8865 77
0 342
0 236
0 113
0 279
0 253
0 328
1 1328 363 793 308
0 100
1 515 1529 7319 86
1 1163 842 1620 79
0 64
1 1363 58 4927 87
0 257
0 330
0 267
1 934 163 8777 223
0 277
0 124
0 84
0 74
0 122
1 1406 1653 5631 392
1 1282 1680 587 136
0 293
1 76 1423 7065 50
0 81
1 1739 1217 3974 160
0 303
1 764 16 583 157
1 668 872 3607 52
0 179
1 460 781 6447 296
0 256
1 852 1255 8669 176
0 1
0 143
0 91
0 58
0 299
0 15
0 317
1 1737 831 6178 108
0 239
0 245
0 189
0 306
0 90
1 964 1585 1099 232
0 183
0 384
0 367
1 1272 387 8481 96
1 436 721 1575 175
1 1444 632 9813 335
0 75
0 238
0 140
1 628 912 3086 69
0 333
0 166
1 1415 380 2649 131
0 314
0 177
0 20
0 33
0 301
0 32
0 221
1 726 1069 4462 46
0 220
0 355
0 85
0 394
1 1033 83 3509 19
0 173
0 73
0 284
0 252
0 168
0 310
0 118
0 171
0 351
0 29
0 115
0 352
0 101
0 396
0 18
1 961 77 6415 54
0 99
0 109
0 230
1 274 846 3433 127
0 316
0 369
0 348
0 16
0 185
1 252 1270 3766 42
0 121
0 78
0 22
0 150
0 80
0 147
0 125
0 313
0 286
1 537 354 8541 354
0 186
1 170 1463 9276 251
1 1560 1430 5024 224
1 207 1410 4246 184
0 199
0 383
