1600 1599 706
343 113 2023
620 244 1683
230 495 4429
820 1091 9635
840 987 9324
119 908 6476
820 100 5172
445 295 1796
1354 698 8279
280 1419 2210
415 117 8822
1566 149 6277
594 372 5070
529 841 1356
511 806 5554
809 262 8559
1511 965 5174
1122 178 8727
1474 1215 9343
1270 684 826
61 588 3451
252 324 7011
1552 938 1412
887 934 7541
626 1055 7788
391 602 9497
1131 1526 6955
539 1433 1159
211 255 4601
936 864 6934
724 814 3701
316 1599 2979
698 1056 1922
714 525 5946
1233 1389 1975
660 356 5207
12 580 3633
1074 705 2716
466 594 1517
433 779 1907
550 998 9949
157 1536 306
180 379 7068
803 1577 6257
394 625 9006
726 1275 7878
1016 1150 1596
842 944 6678
793 214 5604
1485 102 6897
158 220 1746
430 663 499
1184 1262 4943
1560 182 9560
1262 1158 6513
1458 732 1778
798 1284 7975
557 1553 2283
166 124 3952
42 328 2349
1525 405 6238
506 963 2569
31 1199 8159
370 242 3307
1539 509 643
307 439 108
684 39 5557
1335 1431 2384
1577 1295 202
1466 237 6891
151 1222 8119
475 1047 4704
1187 1565 2619
548 1000 2661
590 303 9942
34 949 7663
1216 389 101
1250 1018 67
695 106 2811
636 10 9227
777 887 8382
376 313 2887
320 1027 6443
973 69 1544
1322 228 6673
310 49 6079
1201 427 3586
918 714 5993
184 118 7113
1465 777 6977
645 1599 5712
683 1526 5532
140 1387 553
68 1525 8394
403 1021 7948
321 338 9855
1411 764 9477
671 241 5731
142 1303 5759
333 690 1557
1413 298 135
1137 702 850
28 1581 1475
962 423 8372
1382 755 5426
367 871 3623
224 1417 3009
183 188 6037
244 509 5197
313 811 5830
257 1257 808
1355 115 2127
727 493 9676
87 236 3597
1397 880 5058
1151 313 4923
836 1532 5530
1387 930 4209
1314 326 2697
343 614 1564
934 1405 4968
46 1251 7297
503 347 7288
649 209 6751
19 1102 2538
409 1564 8536
391 1583 7976
423 446 9010
934 111 8093
357 196 1846
363 657 3080
206 1009 321
304 1518 9847
1005 708 318
740 442 100
1110 173 7251
176 986 9467
1322 610 7835
559 474 4800
869 134 5749
213 1130 1330
1094 1473 1827
1370 1030 9039
701 1587 9287
392 1326 1449
1574 850 2773
1186 1443 4529
1564 518 9891
769 621 5886
78 1215 4576
25 964 1412
1018 1120 4887
1485 1003 7027
1028 1124 2738
181 1254 5136
352 853 2577
596 1165 8400
282 1350 2560
58 800 1540
222 562 3269
1497 1481 906
453 1171 1331
1027 522 2235
1206 733 8273
240 1238 6274
1120 950 4476
388 61 8904
280 1000 3402
1195 1557 8306
48 1298 3359
486 1402 2843
162 1315 1503
1096 1012 1364
1120 974 6684
327 1223 6881
469 1481 8550
872 1232 9671
1300 324 4689
930 223 6153
679 1220 6803
190 1369 4338
601 115 3682
968 1302 651
815 632 4503
1581 1315 6346
59 310 2566
959 721 6716
1436 1124 2390
785 1257 9151
1368 1384 1257
1512 247 36
1074 262 8064
1473 1269 7410
689 414 3098
668 1043 2040
1391 197 8502
1192 417 7558
579 774 4409
948 309 4769
705 1146 8436
765 929 362
987 316 6834
519 934 3872
1597 902 213
766 576 1443
349 1519 6128
767 1047 7716
302 917 6340
1424 792 7578
1367 1327 3865
1192 732 1810
1278 1198 5312
536 1197 930
515 686 6332
1418 632 9975
208 1047 1830
1461 774 5868
35 1399 2703
1413 1213 6145
294 209 6197
241 1214 979
943 561 599
396 208 268
358 777 4920
441 479 316
1075 668 275
921 21 4155
460 672 8417
442 1447 5118
1414 495 5541
1485 1397 9499
1256 169 1897
989 47 1396
619 335 3743
291 1253 4090
1386 216 7558
1333 453 7610
128 640 8915
1517 450 5048
276 488 3606
817 284 5554
1501 1335 3871
646 327 190
1142 1261 9466
957 1417 9340
502 218 3679
1528 354 1785
780 324 8085
1516 734 8261
1182 483 2798
1432 1514 3070
1211 115 870
1591 1241 7073
52 837 1733
1159 882 6082
743 1024 43
1463 543 6420
136 108 9596
453 1400 2442
882 1332 5049
863 246 2190
697 734 581
65 777 3766
456 6 8705
979 1571 2781
12 1461 299
561 985 6937
965 394 6461
1434 989 5927
46 1012 1692
736 1369 8410
631 453 3085
1245 87 4996
1064 251 2268
178 117 4867
256 596 7446
1517 1326 3820
318 1130 4605
927 484 9286
733 1388 236
40 269 8363
1402 598 4367
562 1192 8372
1328 904 5110
1554 1153 9768
89 57 6748
779 689 4998
677 884 9966
1242 809 2682
229 58 6526
1185 1248 9519
1562 637 5454
956 1091 8308
1181 41 5659
27 631 1327
896 830 5197
1177 1304 5142
407 475 4493
241 1562 1036
423 1280 9569
605 925 7893
1305 453 1607
1047 631 7724
1170 478 6254
40 377 7988
1192 1292 4766
291 1581 396
259 1016 7962
1231 1520 2335
1504 455 3412
1329 830 6279
278 918 5036
1155 428 956
978 943 7935
417 182 9149
155 140 4513
1080 1599 6196
1384 1450 3547
170 1174 7272
1273 1425 4849
1171 458 291
948 630 4478
6 1402 6700
1553 1483 7422
473 1368 1834
413 541 8650
1105 608 3951
351 1357 9917
1274 1388 1344
100 472 3602
1056 356 3125
1164 158 4728
203 839 2434
463 1118 9060
342 1555 7243
255 1043 7259
1120 1467 3648
1270 1162 2794
1274 1213 6716
1442 1569 8335
1171 333 2648
703 86 4142
366 56 9667
1 1576 5037
125 806 3104
607 992 6860
70 112 7860
862 1059 6892
299 811 1385
1534 1587 1569
1165 862 6447
1375 137 3817
388 1307 8102
1508 1279 4961
955 1206 3877
662 1007 2646
254 617 7130
955 7 9455
462 147 3690
1322 727 3702
1327 636 6704
1182 537 6032
1110 472 4085
164 26 881
575 180 6939
284 1502 9948
778 1151 2872
33 391 6537
450 807 9835
310 320 8082
454 991 2803
177 1482 4105
398 629 5217
418 1532 1749
685 1258 1650
284 1115 2492
275 927 4827
1112 1460 3440
1353 300 621
125 506 9661
841 280 9689
1161 1150 1508
566 800 7594
277 1476 4222
638 818 7911
314 1203 3246
1185 1101 5889
1318 1028 191
323 6 5389
769 497 5677
1410 1286 6704
1317 585 2931
43 1294 2218
206 298 3080
427 660 8861
722 1583 6872
552 181 32
1576 1387 2610
607 282 2849
532 1532 8167
722 179 8047
749 599 8937
1031 1263 2376
1523 1411 3924
955 755 4577
409 972 3953
986 929 5557
763 1546 6074
145 518 9414
1191 496 3390
1417 960 5287
302 301 6175
1079 1352 934
209 1573 9001
43 1410 1811
409 768 9907
1450 660 8681
614 1047 1027
1519 1478 3931
1019 93 7630
700 712 4484
209 131 2050
903 202 5828
1425 534 5543
1487 14 5070
260 583 2585
958 952 8830
888 1041 8836
346 164 5881
1119 1552 714
1055 913 3197
1030 531 8553
329 463 8445
602 810 6878
505 301 7460
71 1085 9881
334 1167 5531
93 622 4553
693 304 9460
647 761 9134
1592 508 3688
415 691 417
1373 1400 2108
619 1491 1437
1019 1550 7159
1533 84 9989
1338 689 6173
1135 428 8760
1464 377 5988
282 1113 6223
1050 1454 6721
455 565 6784
247 921 6477
352 278 6814
1155 1591 3684
533 962 6635
1502 154 9087
1009 988 5305
1047 1028 9908
1184 1361 7129
1232 14 8687
737 704 8681
1376 1448 6914
290 698 9515
409 287 1380
426 1535 4332
634 354 141
1194 387 8284
223 691 630
445 165 791
201 5 7802
150 903 3579
776 1182 957
612 425 2207
693 454 6984
368 768 8894
581 1164 220
389 1256 7463
1236 304 4655
1544 1448 4951
519 1557 9622
316 103 1429
1197 877 2567
1159 12 4775
684 731 6153
490 1003 5790
526 143 850
967 770 8209
397 1369 3006
510 1068 1588
590 1558 1339
975 756 8267
1271 714 1028
1441 1072 6656
1559 1188 9442
1598 1536 5199
314 923 5713
1 150 8702
323 816 5030
1006 435 5311
1027 741 1213
602 888 2866
203 499 4891
500 1369 8094
318 1445 5454
784 1291 5916
604 412 238
1403 68 4445
141 910 3547
247 392 5587
336 897 9573
1231 798 9503
429 423 4790
1128 1131 956
1178 1076 1435
1358 1126 9778
1555 608 9175
630 159 5915
1061 741 6376
439 368 3188
1587 720 7012
132 321 2197
1151 1282 2852
897 360 8518
1586 1380 6117
1529 1483 2477
1270 703 6966
1569 832 3136
1432 704 5647
704 1184 2131
279 1067 4596
1108 768 5241
1052 121 8583
150 1548 5813
162 664 5872
779 492 8444
971 71 3326
718 1293 2489
642 235 6063
1581 1072 6642
625 1276 3172
1102 197 3425
1281 486 4605
180 450 6931
1372 1021 3438
1045 1300 3753
476 1427 2201
561 1057 8374
79 153 3500
895 41 6629
411 1311 808
194 1532 172
59 1399 4747
972 525 5437
1194 315 622
283 226 5587
771 20 5556
1213 917 577
760 689 2815
246 764 1945
1544 561 6171
1344 1232 2144
1595 677 8175
1110 186 4416
1223 1333 9291
771 1251 2957
1395 1201 5217
1554 979 3888
1386 859 8397
852 451 3094
1406 1331 4634
718 520 7525
1541 1441 1824
337 281 7558
595 235 4633
193 672 5010
1385 450 4389
77 920 5562
419 501 4499
1403 747 1849
554 1310 4582
1522 1556 124
1381 130 9091
384 1057 5919
770 715 1281
1174 1084 8143
1064 1416 5916
1358 977 4086
1305 363 5661
58 1193 916
1069 979 5679
182 1305 3763
1444 458 1495
1197 863 1596
1092 1452 7198
437 784 8427
854 1124 8683
626 743 2854
821 260 1640
862 737 665
64 902 2596
1127 1278 2415
803 688 3852
508 7 2012
24 1157 6502
61 704 9312
58 1204 1129
1503 297 7031
1555 239 5176
1209 892 6393
329 1198 7541
194 440 7557
1561 1308 2553
1261 1282 4958
159 696 7842
1569 279 4018
198 72 7598
1126 960 5366
722 383 9547
122 897 2607
579 1515 6802
951 873 6067
1574 1383 9806
349 1490 3580
1220 709 622
659 1129 1278
1409 1472 3914
101 1151 6644
1502 250 3406
91 1563 2558
765 496 6436
1502 1101 9688
718 972 6967
1131 878 2307
433 535 8487
929 575 1611
1500 191 8532
581 1361 4252
919 1275 2579
1263 1341 2182
199 629 2253
184 156 4738
861 1161 6757
1214 1469 5055
459 307 3255
814 1470 854
1281 928 1020
1263 382 8383
1563 902 578
431 186 7864
1068 1416 1721
1335 436 4256
733 597 1317
1131 725 9299
881 740 5357
469 510 713
461 499 404
702 1062 4276
189 3 2893
1228 1165 2198
1346 1569 5709
835 443 9988
1551 944 6354
505 94 430
894 1596 1327
209 1308 5683
985 11 817
939 1326 8714
33 885 3368
1291 1542 1179
246 31 9436
1219 1021 5703
1003 1484 7765
1307 1022 8097
206 749 4993
204 967 2549
225 760 4263
1178 1 6757
473 840 4174
1356 670 335
57 816 4972
1401 362 9114
1184 1257 2679
719 1243 7016
849 947 4458
906 265 3295
1458 1155 4077
47 680 688
663 1446 7878
1573 1535 6571
765 362 3609
673 1547 4021
669 1425 2073
457 484 7299
712 296 2923
1572 1349 6615
825 1435 746
770 1053 1114
1536 1195 6252
976 386 535
356 970 8182
703 109 9918
559 804 3329
371 910 2880
868 672 9734
1175 339 1660
1522 1488 6483
370 436 4168
721 975 5127
1329 1091 6558
669 302 3386
1339 506 335
343 947 1785
945 1263 3992
1366 34 2776
61 387 8454
743 1276 1443
1169 117 7140
723 31 4269
785 9 5035
1252 1326 9415
1190 1189 3726
1587 1467 4439
268 1342 1280
134 779 9848
752 373 9918
1499 774 3646
1078 934 6556
554 229 4661
1042 857 270
1470 435 9596
1276 783 51
719 1563 3813
1361 633 2299
1595 12 7204
237 864 5106
612 636 9940
789 1465 9755
901 1304 5995
1001 1174 2682
735 1306 78
568 778 4967
1519 1294 8134
731 248 4204
278 681 4864
552 550 455
1093 597 196
1010 110 9703
50 1245 7298
1036 1282 1436
1037 1246 4443
729 1465 5803
522 455 3138
1018 864 2329
7 1164 7689
199 1595 1596
180 607 6033
544 323 3893
1529 49 970
1355 302 8996
566 784 1103
1462 225 1922
481 889 663
466 89 2796
569 1166 7671
779 1178 2343
425 656 1002
1464 653 9947
903 113 5046
19 1328 7726
1014 336 1066
1072 486 9240
31 1335 3004
156 455 827
1071 633 1454
1570 792 5023
900 718 9103
646 1074 5052
1324 321 9162
587 1119 6293
391 654 174
998 1159 6483
1548 622 7615
1400 1016 2638
606 184 10
23 767 8794
515 1032 2134
1328 1576 3711
1383 878 5329
1265 1072 8905
625 414 9634
722 1490 5207
1164 209 2986
347 1195 1856
1373 987 9547
656 310 4837
1232 1227 8728
1481 1564 9814
10 206 7987
878 708 5157
161 168 7448
1368 721 7716
1088 750 3039
83 484 723
476 974 8372
284 1494 9177
1202 1352 4672
807 374 3052
1417 35 662
816 747 6153
841 357 6970
1485 812 6552
588 760 8712
1105 518 7547
1280 1386 3895
1535 180 2673
3 50 3568
711 389 7683
750 39 1570
902 546 6822
964 1283 8254
624 599 8847
1593 970 4762
1177 1045 4182
458 1492 6878
1085 662 2332
1009 46 1050
764 549 4349
534 1527 8919
527 1308 7799
286 324 9237
45 1032 519
910 1 138
1571 1313 2159
1182 1445 9097
1015 620 6537
955 131 5007
258 305 6325
1212 460 7870
95 1537 5605
160 1362 238
394 1269 3699
885 543 1264
1164 1579 1449
1284 871 9938
552 329 2312
638 1096 1287
716 63 7646
387 453 6739
1087 754 6751
346 974 5910
1462 1072 3323
1228 1552 932
1385 1260 427
1563 1423 4189
1447 338 8750
1530 541 6872
1442 499 7782
949 942 3018
30 1028 7653
186 1406 8708
1485 745 2172
713 1007 505
1385 211 6492
365 543 5813
1031 400 245
602 1168 9935
81 415 2721
769 707 2596
862 331 9305
1047 1064 3975
1308 581 7843
829 385 1661
681 1576 2586
1594 1165 3521
1048 1537 5444
972 677 7767
715 1201 4773
1497 1275 5807
851 91 2366
801 1534 9437
283 853 8681
1142 93 5526
556 1365 4370
647 1240 3377
109 1032 6241
365 1037 1443
103 399 5710
591 300 4270
1517 1187 3954
1192 1278 6363
1427 163 6558
291 1353 3229
1172 3 532
186 320 8899
502 254 8831
848 309 7392
1233 1069 6803
57 1180 2137
1448 438 1561
491 1126 2250
125 1369 8076
306 1247 121
469 1572 2983
1519 629 8734
310 275 3606
19 717 8953
1342 839 126
1446 1412 6570
600 1144 3065
777 104 1480
827 31 8270
1434 1507 9596
1559 765 8382
516 671 2
917 1534 6947
288 1245 6639
1181 1203 1503
670 1239 4208
100 888 7502
106 576 4084
1382 1464 6159
449 603 473
1385 27 1159
1489 988 2626
2 427 8850
99 861 608
792 869 2847
142 306 6250
347 762 164
1255 511 2076
134 731 7853
434 892 7418
272 1575 9386
1435 1380 7058
1065 1253 4498
1079 303 6667
1584 1490 8344
316 1560 2828
984 49 8155
1211 397 4822
589 231 8266
565 812 8577
1146 722 3681
1360 1280 4818
1406 69 5457
1388 1542 4470
546 379 5126
864 1152 9616
1191 780 2979
722 209 1115
580 869 3294
673 1544 2880
405 940 68
259 359 5432
877 836 7159
1189 839 6587
1177 291 5153
518 539 9018
977 889 4672
1033 539 2456
157 1578 6663
5 109 8238
1106 360 864
1055 54 651
984 483 7124
1522 1146 785
168 1566 6919
1363 1007 8878
320 64 2080
1579 1583 9097
597 1236 2818
813 586 3460
772 403 9493
1562 1080 5404
1124 97 933
532 33 3158
1226 618 8327
340 1414 2691
190 549 1984
1135 1445 6667
599 505 5182
263 495 9613
536 614 6856
756 1168 618
891 1513 8252
1208 1103 1600
1422 669 4942
1349 673 7985
1024 758 2951
231 535 6090
1269 681 7214
1135 1557 3223
1431 1031 2318
180 85 9689
871 390 2261
1443 961 6954
946 729 6666
123 1001 8053
1582 354 3593
1166 1336 2358
1488 700 7089
1376 74 6222
1255 785 375
1468 1190 3152
492 1139 3166
578 840 1334
132 1547 9342
1268 388 2495
1202 446 3834
735 1306 4007
127 1521 7197
1437 903 8854
1204 1116 2812
491 284 5030
898 100 5725
551 1240 3385
933 197 5369
691 1595 966
1191 1217 3117
1239 1145 2313
503 337 7158
1337 702 1417
1099 1095 3394
454 1168 888
999 1387 843
657 1056 9351
793 1145 5018
844 507 9828
235 950 5657
98 720 4844
1091 1362 4572
1415 803 6325
208 1027 4838
1334 642 5648
1017 21 4803
133 1256 1676
266 1495 1456
1253 451 6423
36 130 8361
41 1091 9993
455 445 5582
1226 251 5397
3 556 4112
1461 477 5836
94 308 297
443 1084 4316
1223 651 3848
704 1074 6997
500 183 8100
1390 1291 102
736 693 999
32 1502 5262
983 1486 7969
3 588 4177
1260 245 4884
649 272 9815
1067 48 7387
657 709 5135
1257 530 5740
357 1511 3560
796 1196 5238
258 1484 1438
516 1491 5809
933 1422 4357
1366 606 6840
749 26 9414
481 967 5210
63 1233 2654
266 426 5164
251 958 604
297 652 3369
155 641 8461
20 180 98
692 790 3312
92 1259 8362
1088 9 5601
371 362 2795
616 1457 1185
1329 88 6517
359 593 698
783 1131 628
1050 1150 6199
724 1208 7526
853 743 4480
1180 535 2660
980 1405 4505
929 189 9328
323 993 2507
1282 826 9627
1375 1552 146
65 5 158
588 1404 909
489 104 6506
822 1050 6337
1110 202 4082
680 373 6630
905 217 1066
431 1443 5884
103 915 4357
337 1484 4043
225 276 5736
87 95 2475
1407 1387 1019
1375 12 515
190 638 2023
798 1431 1439
146 1571 2776
967 197 8851
390 746 1540
1228 893 7258
1448 1361 1753
831 22 6524
1001 260 7686
1302 9 391
680 1420 9365
492 775 4695
217 188 2089
519 1047 8373
722 1455 306
925 686 245
129 1310 1650
405 876 4204
998 1566 5318
1358 338 7212
84 1373 5193
296 1339 1250
1561 672 1027
172 867 1535
1302 170 9029
320 938 7640
253 507 5804
1329 851 3363
787 80 6075
272 410 2143
201 99 938
654 329 5126
1066 440 6947
210 1338 968
1455 384 4898
628 295 6826
932 809 618
35 1073 3031
64 219 8681
909 997 9775
1537 1139 8955
1375 522 6597
311 223 2440
1401 257 5858
1239 1250 3499
548 761 2225
108 633 1068
733 1057 731
627 1264 6678
937 62 703
1228 336 5421
757 1427 2491
131 1028 9493
1532 224 5263
100 1120 4322
1335 956 5693
170 1410 700
86 873 634
1254 18 4272
1457 220 5071
497 52 3823
1044 121 2324
1069 1398 1150
1249 740 9149
288 703 7270
1067 458 5312
1110 651 7016
251 362 9130
611 1024 2745
358 88 1687
1320 1171 2447
92 969 3825
493 542 3227
892 1262 9784
143 1125 6102
1555 70 3316
473 845 7707
785 104 4284
1504 1544 3
1412 401 619
1245 640 4382
1138 536 1991
347 1065 8411
483 1131 950
622 324 6087
719 197 5695
691 256 4175
204 477 4887
999 1297 4841
1572 317 6756
531 1261 3160
117 996 4012
1370 72 6078
261 1393 7964
170 942 2158
570 1127 8486
1458 854 3957
588 450 2068
643 1586 3398
59 1023 6787
1433 587 1532
846 1315 6219
1271 132 7967
481 28 3571
330 1550 4964
1008 825 1226
1255 1445 3329
355 1395 5980
1029 1141 2364
611 235 1942
555 152 8021
197 203 1867
673 821 2739
1532 1056 9024
551 493 3387
915 454 3862
1462 415 7097
1072 438 616
837 716 7016
1488 1431 2289
1501 680 8919
960 341 6107
1162 356 1209
29 123 9792
1327 352 840
911 1326 3035
145 1500 1321
881 706 2118
546 114 6168
1050 835 2533
854 1173 907
871 1017 1351
505 466 813
1076 823 990
1007 1452 4395
206 1207 3794
305 1531 1181
1370 171 2950
14 33 9062
1024 642 9011
701 555 2688
283 596 1771
1597 382 262
230 1347 6078
1379 1484 3116
883 1123 7480
1572 306 7880
1151 959 1996
1100 89 7232
311 581 5013
1221 319 3435
1520 1419 4790
1582 869 1196
1276 1293 4900
670 1230 9635
1499 709 7909
540 165 3801
471 700 4818
148 252 5150
92 1185 5252
1112 1 8200
853 1415 7832
583 970 3970
1498 387 5295
574 121 8412
117 1560 2437
1152 852 6274
196 1017 9623
1524 1580 2473
1374 1334 9215
205 514 9660
955 925 3066
1388 833 1545
886 147 7922
687 604 8973
1304 629 6955
412 158 1019
994 531 1898
1207 917 5090
195 940 4407
551 1313 6729
824 340 1720
363 492 4294
150 5 5610
405 1337 8419
576 1439 9290
471 429 180
270 864 8441
11 535 6827
671 772 575
636 443 6212
810 800 3060
41 1297 9833
321 589 624
1214 1494 2118
585 976 5956
1101 1503 3093
841 1009 4791
64 266 6845
1164 1080 5863
335 1114 9022
900 1077 7494
17 1348 8230
570 1559 710
282 136 533
1535 1493 8640
1259 239 8480
698 797 1506
1273 16 8055
155 913 4197
575 136 6969
420 1210 6104
1332 1260 3493
1053 47 5409
340 1468 5692
826 963 3837
650 1342 1700
1542 1003 372
1344 1528 7899
598 16 749
1074 571 7951
639 304 9642
1570 391 8680
130 433 9733
641 1200 2599
495 1011 8834
1071 1418 3577
1186 1406 8129
1505 726 2747
1143 633 3694
129 911 3777
672 919 4799
618 668 5431
572 670 5239
1046 1199 7138
112 742 3713
1598 920 1768
1499 764 201
1586 979 1307
1596 918 8708
1290 1433 3283
1054 152 3935
1330 17 9939
1585 1404 9184
933 348 8351
1257 114 1593
248 331 3294
177 714 9985
297 1279 5077
762 508 5970
97 1351 8940
593 873 7958
1112 402 4390
620 286 2304
345 712 8489
752 175 8663
723 339 60
141 564 7533
866 977 6673
586 1526 8678
330 348 4403
56 1217 6458
1039 66 1521
671 893 8751
574 1133 1725
784 1193 9586
371 1084 7046
168 1590 506
662 343 6268
740 1245 6157
375 1371 2522
1395 144 5022
445 239 8365
1416 67 9959
1227 408 8929
1308 961 2307
280 1500 9798
1424 506 2222
549 972 8729
758 506 1417
822 175 8631
1392 93 3799
407 1534 9196
944 1584 2003
428 280 7889
29 548 6988
698 1530 483
300 1120 4927
866 540 3930
42 204 8790
465 127 3111
1044 265 9313
8 518 1568
1373 1362 6642
717 1307 4730
1541 1004 8085
1198 601 1602
1167 479 6307
1580 125 2860
553 830 1818
1128 198 3390
522 1174 6515
665 5 6575
813 749 2951
38 383 3093
924 90 985
479 557 9346
1162 566 4499
628 827 2591
1137 266 8812
67 9 3016
1318 1233 442
816 1242 5860
648 842 9712
1256 727 9907
1175 601 6777
1460 328 2875
734 914 3857
881 642 6443
192 211 8050
791 401 9205
1459 891 9054
972 318 258
214 790 3463
1145 635 7838
443 1393 2401
657 1501 3892
222 988 604
1595 712 1927
1494 1299 3576
1304 898 279
461 1362 7940
1600 1226 3450
1014 1333 1339
1322 1049 6100
25 912 1151
1450 723 8555
570 748 3690
491 750 6776
1293 1430 6280
39 362 2503
755 512 8311
1048 877 8636
1574 1495 4860
478 470 3094
1492 268 2617
402 818 4740
1322 1539 9279
827 1439 9741
936 1189 6659
43 1504 4576
139 65 4053
183 704 8451
376 1 2672
553 1597 3945
1349 1254 1336
1147 377 2756
412 1048 8843
762 169 1888
1197 1469 4621
268 1090 4942
1112 581 1948
1429 727 1105
544 1557 735
692 37 8893
1598 98 8881
280 547 7481
342 174 4983
317 1063 4284
1005 269 7424
848 640 8182
785 713 8949
1025 405 750
794 1174 9400
1068 234 8531
440 716 8688
1447 1504 1644
1583 1102 8920
1295 1572 1268
1332 727 3692
720 1049 1743
358 181 9944
1319 151 842
116 114 665
1070 351 2469
1313 1124 918
244 595 229
1553 309 2103
1431 177 109
1372 1396 6169
1445 493 8371
862 764 9949
1360 154 5419
563 1556 7129
331 1561 3072
1568 1274 5262
561 273 9607
1571 1593 6390
1238 341 9399
870 865 45
142 793 2285
1459 641 8480
138 260 3357
548 1383 5718
1150 1593 9848
87 52 8021
868 1238 1376
458 780 8632
730 850 3374
426 1442 123
396 1180 9203
610 743 3820
941 161 6871
423 1164 4686
1515 416 6983
2 663 5896
1247 407 6929
1585 994 6046
151 1029 4048
441 1471 7219
1505 277 9348
356 1095 5689
468 818 8697
562 285 4591
1486 348 5344
53 1195 8741
828 391 3877
1521 475 8807
1090 546 3
491 1332 7158
1514 1393 6544
89 1046 2481
292 274 6096
276 177 9091
1593 840 3401
1285 636 2976
1233 1590 3353
319 1542 2599
997 957 6848
807 1494 1602
1481 372 570
127 1470 719
1369 1045 4953
834 1454 9793
73 643 5631
362 801 8986
627 1379 3351
307 1149 3938
301 208 4651
844 789 8607
183 1329 7189
478 320 4274
1036 143 4130
1252 1491 1259
1425 484 8706
1256 416 6589
1331 856 1398
976 1320 8449
1277 1352 5845
880 953 3466
826 398 7370
646 1507 5215
1017 617 1861
540 1431 3603
50 1219 3310
624 314 7715
986 766 8432
450 24 6875
736 228 8328
1450 82 6964
369 33 5871
470 192 302
1230 438 9854
319 59 9527
1057 1112 504
91 354 7265
889 1204 9044
278 1333 7837
1014 1072 3335
1415 1116 8969
929 293 9628
1253 273 3558
1010 1259 6518
1115 1324 1879
1132 991 7589
46 873 5158
646 1286 6566
440 1191 3587
1235 155 5411
1491 577 9163
255 249 2617
261 856 3364
512 35 9361
360 1080 8506
0 164
1 451 884 5781 54
1 1589 896 4765 357
1 811 151 1946 443
0 604
0 476
0 495
1 1226 1203 1845 221
0 332
1 589 1076 8782 232
0 245
0 449
1 188 99 4961 28
0 257
0 260
1 1024 251 56 397
0 195
0 331
0 689
0 165
0 120
0 328
0 99
0 571
0 508
0 323
0 473
0 439
0 235
0 422
0 385
0 591
0 32
0 314
0 25
1 936 223 9210 514
0 265
0 237
0 428
0 555
1 127 1132 5143 138
0 612
0 65
0 394
0 239
0 570
0 699
0 171
1 1566 1272 4498 484
0 49
0 104
0 44
1 281 988 2773 335
0 136
1 779 1338 6917 373
0 43
0 8
0 106
1 40 1586 4028 7
1 92 78 506 447
0 52
0 42
1 1289 529 1150 153
0 395
1 612 1342 618 351
1 62 715 2247 80
1 701 445 5042 318
1 563 1139 6084 519
1 749 533 8046 166
0 37
1 518 1461 5140 665
0 226
0 150
0 399
0 310
0 613
1 946 554 9634 637
0 523
1 314 280 960 418
0 247
0 267
0 436
1 1059 537 6909 62
0 653
0 103
0 479
0 93
0 343
1 1496 1023 2672 644
0 187
0 573
0 431
0 229
0 214
0 657
0 115
0 105
0 176
1 1035 1252 9735 218
0 648
0 701
0 547
1 579 1119 1947 340
1 37 1147 2313 695
0 133
0 617
0 344
0 656
0 36
0 110
1 1110 491 6208 238
0 38
1 1487 54 5650 462
0 448
0 692
1 992 1079 9340 50
0 632
0 185
0 690
0 345
0 170
0 84
0 585
1 854 1012 166 325
1 811 8 8751 505
1 798 507 3320 77
0 354
0 186
1 122 410 7637 526
1 1045 1306 8154 365
0 679
0 222
1 935 1318 1700 123
0 161
0 196
1 24 1475 8923 178
0 312
0 184
1 768 1066 5157 359
1 81 1495 3821 189
0 489
1 319 443 7744 334
0 144
0 350
1 829 1201 5567 597
0 626
0 533
1 377 1492 9181 88
0 70
0 562
1 738 1195 4219 278
1 1269 812 1500 501
1 1597 86 8231 414
1 1204 1457 7881 55
1 118 1519 2895 588
1 587 1272 476 630
0 68
0 336
0 672
0 407
1 631 709 1764 285
1 354 1454 8403 682
0 667
0 429
0 352
1 958 212 7883 309
1 504 985 2373 329
1 104 700 7059 614
0 600
1 385 1448 5470 59
0 611
0 102
0 305
0 288
0 432
0 576
1 1472 931 4320 116
0 94
0 286
0 446
1 575 678 7789 240
0 225
0 81
1 578 743 3236 386
1 733 958 7459 261
0 408
0 90
1 31 288 9230 40
0 374
0 333
0 11
0 211
0 251
1 684 1246 3072 173
0 572
0 482
0 293
0 317
0 543
1 127 727 1543 172
0 254
0 125
0 497
1 965 221 7975 425
1 150 1594 7543 546
0 9
0 598
0 216
1 74 670 9803 581
1 723 335 9712 580
0 529
0 628
1 155 983 1640 532
0 66
1 709 1054 4036 33
1 1470 672 844 393
0 624
1 1313 365 5626 342
1 840 736 9967 494
0 227
0 30
0 339
0 134
1 401 1187 8600 475
0 234
0 282
1 217 444 8947 639
0 5
1 593 1550 564 704
1 406 998 5392 358
0 353
0 355
1 1575 15 9488 605
1 180 1044 948 673
0 360
1 1346 136 6617 674
1 544 1463 3489 496
0 60
1 1111 980 1881 655
0 191
0 636
0 73
0 284
0 306
1 313 728 1315 659
0 159
1 1 1341 7243 525
0 157
0 242
1 320 1366 1506 258
0 117
0 199
1 366 299 1882 89
0 417
0 148
1 774 402 8398 279
1 430 1498 2820 594
0 640
0 349
0 303
0 413
1 1017 66 5150 101
0 664
1 1113 1445 9312 87
0 382
0 143
1 778 687 3642 139
0 459
1 1030 152 8206 18
0 6
0 296
0 10
0 388
0 566
0 281
0 294
0 141
0 675
1 1088 23 6265 147
0 531
1 1394 171 6686 635
0 437
0 445
0 500
1 7 548 7675 686
1 1327 1503 7794 702
0 72
1 629 1131 2009 337
0 169
0 609
1 1394 297 1527 213
0 468
0 366
1 888 1253 8598 63
0 74
0 663
0 16
1 646 122 9121 619
0 470
0 560
0 451
0 678
0 401
1 1456 159 6587 236
1 104 270 2223 292
0 41
0 364
0 118
0 209
1 600 1444 5316 376
0 192
1 1002 975 7657 441
0 327
0 163
1 378 1197 2767 469
0 406
0 266
0 263
1 1450 1328 1872 204
0 380
0 558
0 645
0 78
0 409
1 1536 1375 7342 537
0 615
0 85
1 593 178 7041 554
1 511 513 5011 477
0 203
0 463
0 623
0 200
0 457
1 349 1292 1706 685
0 643
1 1050 1230 1980 486
1 548 791 9538 179
0 31
0 556
0 541
0 503
0 98
0 536
0 280
0 35
1 1527 824 1337 155
0 616
1 1295 488 434 252
0 2
0 460
0 622
1 295 1374 2637 450
0 539
0 542
0 595
0 368
0 465
0 518
0 512
0 504
0 599
0 550
1 619 197 1306 75
0 48
0 95
0 142
0 119
1 47 630 9129 587
0 464
1 719 283 2297 575
0 194
0 593
0 190
0 683
1 301 1421 4092 662
1 624 463 5049 502
1 464 1225 4536 415
0 324
0 114
0 621
0 483
0 182
0 287
0 535
0 661
1 918 121 7702 348
0 51
1 80 953 1777 207
0 530
0 389
0 76
0 320
1 154 1245 2685 670
1 1280 1337 4358 58
1 78 728 1961 22
0 126
0 381
0 315
1 1022 186 299 17
0 275
0 684
1 1530 830 5908 300
0 517
1 122 18 5737 440
0 651
0 231
0 56
0 574
0 379
1 962 217 7471 124
0 420
1 816 572 8581 467
0 338
0 510
0 577
0 297
0 131
0 210
0 249
1 433 986 1046 551
1 798 365 1540 132
0 438
1 764 790 7949 47
0 308
1 1508 1029 5937 219
1 914 1284 5263 23
1 528 1177 9633 601
0 273
1 413 669 1536 371
0 29
1 896 1381 6166 370
1 627 1292 1253 676
0 206
0 391
0 100
1 910 20 8216 289
1 966 1520 2760 215
1 1176 1272 5480 34
1 881 1543 9764 703
1 1499 14 2413 642
0 145
0 175
0 15
0 472
1 1356 1164 7367 603
0 241
0 151
0 625
0 534
1 404 408 3435 277
0 596
1 964 849 7210 545
0 607
1 855 1306 1621 377
0 506
0 372
0 430
1 1372 54 4635 666
0 584
0 319
0 268
0 426
0 419
0 322
0 128
0 442
1 1133 1066 2573 67
0 375
0 53
0 113
0 283
0 121
0 83
1 1357 912 5808 316
1 975 180 3231 390
0 433
0 188
0 108
1 156 49 3809 255
0 527
0 180
0 646
1 1335 1532 6575 26
1 887 400 7265 618
1 73 1574 1633 474
1 1404 1515 8506 522
0 243
0 208
1 174 340 809 39
0 589
1 659 966 3023 641
1 711 1024 9384 478
1 830 1534 5925 97
0 650
1 1279 370 7175 559
1 1296 869 9789 158
0 461
1 720 462 6837 107
0 112
1 1025 1153 8616 452
0 13
1 1410 1437 4624 86
0 19
0 491
1 1083 425 455 135
0 456
1 1134 1361 8407 122
0 57
0 79
0 304
0 137
0 553
1 528 898 9101 586
0 1
0 193
1 1559 692 9478 4
1 982 957 1659 269
0 290
0 230
0 629
0 12
0 129
0 515
1 1598 676 3853 220
0 223
1 255 245 4770 569
0 549
1 1473 89 6177 458
0 548
0 202
0 681
0 367
0 403
0 520
0 256
1 392 1426 2369 20
1 1259 1110 1897 71
0 608
1 191 1008 9044 668
1 728 843 9280 264
0 233
0 27
0 361
0 590
0 82
0 671
0 411
1 935 1206 1391 524
0 561
1 863 1190 2355 224
0 250
0 578
0 244
0 480
0 677
0 109
0 565
0 568
0 538
0 592
0 499
0 162
1 789 1264 9948 634
0 652
1 184 606 9782 696
1 745 861 5645 398
1 742 1319 4396 516
1 732 176 6420 557
1 898 498 9941 405
0 181
0 602
0 563
0 521
0 434
0 410
0 487
0 485
0 64
0 248
0 392
0 455
0 660
0 168
0 564
0 311
0 259
0 383
0 544
1 485 277 4281 691
0 152
0 262
1 652 1252 4215 567
0 272
0 183
0 509
0 507
0 212
0 638
0 217
0 14
1 1361 351 9948 384
0 111
0 492
1 1274 1415 3517 396
0 271
1 1005 1570 1839 583
1 58 1466 9043 633
0 246
1 805 1209 1199 697
1 293 107 6399 579
1 1260 193 2935 298
1 529 180 4524 421
1 720 1581 8498 493
0 363
0 356
1 780 1031 1922 299
1 1396 581 4163 513
0 658
0 91
1 302 806 2461 291
0 610
0 369
0 313
0 498
0 130
1 398 424 728 490
1 449 148 9642 698
0 270
0 198
0 416
0 680
1 931 920 4942 694
0 92
1 621 1534 3859 149
1 241 17 4098 471
1 149 957 4827 435
0 362
0 301
1 1041 1575 107 330
1 994 1389 5237 647
0 341
0 307
0 167
0 346
0 61
0 378
0 693
0 347
0 24
0 481
0 400
0 424
0 274
0 705
0 96
1 594 532 3169 326
1 1132 696 6574 156
0 253
1 858 436 6173 45
0 606
1 1116 1262 4020 205
0 160
1 167 437 6060 21
0 423
0 412
0 669
0 687
1 595 804 7298 649
0 228
0 427
0 404
0 582
1 805 821 2972 540
0 387
0 620
0 276
0 295
0 627
0 321
0 177
0 488
1 563 580 4562 454
0 700
0 552
0 453
0 631
0 146
0 444
0 528
0 46
1 576 616 6477 706
0 466
1 1586 1526 5187 197
1 467 400 5590 69
0 201
1 910 1554 6580 511
1 995 660 4847 402
0 688
0 140
0 654
0 154
1 1212 1178 8223 127
0 174
0 3
1 342 1412 8030 302
