2000 1999 1099
908 742 6753
1757 1042 6115
1385 1848 8233
358 940 8323
1629 583 1488
546 1466 8646
673 881 4614
824 1196 849
745 782 4438
1332 1445 1518
1458 1778 3013
1280 1999 2935
736 65 8437
451 1660 7343
1991 1438 148
1171 931 44
830 24 5747
1556 326 9177
771 1100 5314
815 959 3236
1395 1469 7210
1630 164 3493
1994 1512 9267
1242 921 2369
1326 1691 7186
1059 1135 3491
1674 1143 1360
1778 594 7898
998 11 3288
1198 409 1238
101 1480 1980
1648 609 6433
359 171 4985
1368 1122 4728
1965 1086 2089
398 1678 1234
1235 371 7805
1747 900 5810
1066 840 6074
370 1772 6359
125 82 8451
446 1536 191
368 580 9725
35 1979 3621
365 841 9535
1599 1963 5802
1234 441 2876
1953 816 4360
487 1522 4476
1732 778 1380
626 1775 9439
1571 781 3462
1532 1131 4778
1520 571 8481
1029 1407 7664
497 1048 6953
1181 1845 509
642 1354 9760
1371 865 2401
1958 1940 3968
1261 1232 6621
302 1262 6945
1925 1199 5674
341 802 4200
941 115 3964
939 1938 7596
1702 1015 590
720 1626 1965
1141 1805 7533
59 86 2625
1325 31 2807
22 1751 4534
1162 1489 7642
1153 30 2147
1779 667 9060
1539 374 1211
777 1402 5797
1499 1999 2350
602 937 4003
1576 1780 5006
1397 818 3359
1213 1514 8573
897 551 3458
531 220 6478
320 1157 6443
733 162 2916
164 30 7140
1461 1489 5482
267 1354 9285
671 1014 7855
479 1140 4869
431 1595 5089
1896 110 7299
843 1015 4148
1095 1597 918
1098 879 4932
1152 1669 9494
288 1129 7320
1998 1662 9597
1140 77 6614
850 604 5768
1706 1054 3809
832 1313 8513
1983 1193 1329
812 309 8460
1978 1086 4282
1559 1007 8571
1051 1649 2
1775 1236 7993
909 1195 3285
530 1549 1237
1284 884 7999
465 504 5965
993 813 1184
1543 712 5740
1759 91 8246
544 664 5611
80 573 5207
545 452 4836
1056 1095 5888
816 1755 9944
713 292 5563
664 1032 529
1747 1910 1748
1302 1404 3018
1856 824 9123
1057 1467 1469
1952 734 9420
395 1727 1579
1027 1799 1378
1261 12 9140
608 968 4071
756 198 2225
826 1712 4272
1118 489 1672
337 1612 2954
1656 886 9871
585 1626 7607
1466 1732 2972
1520 1905 2486
1826 462 3819
130 1461 4527
1117 1111 1044
896 141 4627
663 228 1194
1907 1358 7409
1332 1816 1611
1769 1307 4893
1311 731 4640
480 1625 7814
763 252 4891
494 1340 8456
1561 1533 224
52 325 5473
167 857 5297
1873 1614 4833
681 112 7906
136 954 8138
1508 1835 8666
1660 136 7822
1843 175 8922
1994 560 1782
1840 1689 4158
1970 1850 4031
1780 560 603
501 1658 4090
665 741 6875
1003 922 1391
927 1500 7162
333 1724 955
24 574 7922
1573 1191 590
543 342 3410
589 1109 3966
757 481 1030
660 306 238
1893 204 4855
347 652 828
530 37 5161
1698 430 5978
923 77 5542
772 1844 2680
1944 1816 5304
1396 1081 4493
900 235 7947
179 1298 7136
838 1289 8038
299 622 6591
595 1122 1127
1993 1147 6929
636 172 32
644 1248 6992
405 1267 2061
353 69 7035
1527 1029 561
1793 251 1176
1239 35 6378
1138 907 3541
580 719 3564
1587 375 7542
347 156 4364
864 634 9825
1900 400 4413
1259 939 1769
1893 1606 4282
705 778 2025
1247 1881 7940
585 231 4548
808 1339 4137
1145 520 7270
1229 1830 8544
1699 202 6644
1455 1159 15
1594 473 1257
757 732 9342
168 398 9118
1143 387 8056
583 1981 5823
82 1529 7092
712 1729 4949
673 1093 8602
118 1410 405
61 931 6634
1774 899 3840
677 1197 7
1217 1150 1738
1309 932 8529
332 764 6228
1218 1750 7302
826 1609 4333
27 1757 10000
29 892 8203
191 371 2014
882 1346 7849
696 163 5635
1822 743 7263
815 1497 3693
1140 227 3237
239 1095 6851
505 1332 2382
1985 1419 9633
811 843 7291
1490 1346 2986
9 1190 1380
45 1225 4844
26 1079 9985
1358 953 6477
469 726 377
1303 377 7508
687 1498 5744
849 367 7786
37 185 9381
41 1843 2980
230 173 6942
1051 298 3719
1555 1298 9042
1550 1952 4110
954 1614 4415
1195 83 9760
1891 127 222
497 373 2957
1690 1134 8629
703 98 5937
167 1774 8360
232 481 998
991 1225 7372
793 1654 8550
355 379 1951
724 1902 5949
551 899 8
1322 468 5211
1180 1282 6740
182 970 8980
904 955 5509
437 475 8944
1783 1531 2841
1814 251 4378
137 1902 5694
172 1213 6017
460 1986 2999
835 537 8132
1968 1023 1588
381 1881 6022
747 616 7192
598 1838 3795
155 963 9615
334 1611 6378
9 1683 2894
741 1855 4518
1627 375 8737
278 683 5924
1323 1380 5151
1332 1107 4972
899 1547 9366
477 805 6948
1666 1642 8584
1864 1420 2647
1689 463 6915
297 1589 9914
1529 998 6361
367 631 4772
1871 399 4110
1687 9 8543
1480 877 4381
1156 1382 6567
1307 231 2668
862 1775 6247
322 772 5086
1521 136 5078
1219 139 9062
33 241 8305
1247 1610 666
368 562 9845
1796 1446 8664
1317 1774 7193
1836 1728 7187
258 1344 5957
348 980 5925
423 1228 5817
187 1824 4156
1498 896 8240
1965 1563 7923
37 1136 5670
271 872 8754
1587 261 9280
582 1990 1979
535 651 2067
377 880 6522
1507 1078 9745
555 1250 173
939 764 2230
283 229 8586
409 789 7239
1888 277 8127
1323 1950 4914
1288 1329 8473
1819 560 6354
61 1782 1952
740 1651 1387
1515 1730 778
25 1512 5240
1908 1825 3705
1194 1529 7660
59 107 3861
1670 1617 532
775 1037 798
849 1744 7089
1106 1794 7987
1487 696 930
1476 583 3477
74 1574 2290
282 647 9422
143 692 6494
327 1494 9141
1336 1892 7753
875 1411 5902
1657 1798 3987
493 1925 2071
1391 1192 5783
216 192 1198
517 1882 6004
1026 1565 1209
1970 1734 7149
1974 831 7150
1725 461 8922
668 1844 1396
517 1104 8717
1067 1933 8968
1901 40 5670
1894 1544 9508
683 1287 5201
254 1586 4581
1445 343 3461
50 1196 7638
723 203 1604
12 714 1448
134 702 9632
956 1170 5755
391 1551 5538
1030 322 7013
1195 1009 4617
1641 1126 5155
1399 750 5585
3 1792 6802
715 127 565
1703 1020 9065
1684 1635 7117
1990 1805 4367
1283 351 9894
372 585 777
205 1223 9293
1961 1614 7707
1367 268 5945
868 893 1774
176 1681 2379
1078 1114 9180
281 510 2650
551 1256 5329
1977 280 91
1467 555 7854
434 553 8643
1582 1483 3059
1049 15 4238
1027 1000 4632
404 543 2631
161 409 1173
588 948 9409
321 532 3594
1223 672 4093
1639 1065 7669
229 1966 5724
331 1376 5451
41 442 3059
1872 1556 8866
1723 1369 5322
1717 675 9512
289 1311 9255
290 473 7272
1884 1691 9085
697 1543 6344
1484 578 5046
336 1767 9132
1471 1899 3995
1605 1140 2505
1810 831 2689
1782 1729 3652
803 1996 7343
884 1125 7262
626 1919 6091
1573 1643 3520
698 1508 2919
897 986 4080
125 1792 5822
1952 789 1384
269 1938 1045
1347 389 3881
266 40 6948
246 634 1505
134 1600 6718
314 1007 7102
1382 1538 815
51 418 2969
1631 1429 8021
1089 1502 432
106 1972 5389
488 514 2816
1460 1157 1332
521 587 4778
1153 623 7831
828 1530 420
1881 7 4395
957 1961 9940
812 1396 1775
1038 396 3928
299 1651 8245
445 559 4788
1729 15 2336
1429 159 1982
1052 618 2932
1120 1915 4921
656 1095 3319
492 1733 8980
114 953 8633
683 660 5428
997 1106 2463
860 414 2162
78 355 2729
1020 1524 9192
151 1572 6741
1984 1024 7136
1020 1582 388
64 114 3379
1401 961 2780
220 473 1131
1953 1748 3450
1582 1649 9797
1067 533 7347
513 131 8284
359 1550 1991
1769 672 1638
975 706 157
1547 1130 9207
320 70 629
1316 1699 3866
1378 1031 6968
1718 1759 3846
1580 496 4292
1299 1384 8911
1660 1482 2106
120 1741 2346
49 277 9125
1408 1711 9347
591 1774 7458
1657 1933 3018
1452 1703 9682
1590 1694 9635
520 1121 9046
1367 385 9400
100 244 8173
862 153 8879
1491 983 752
1505 716 3787
817 262 1385
290 833 6245
1061 878 2286
278 1306 9316
1319 1236 9779
1803 1160 4287
71 1007 9746
928 1130 6192
197 1663 9085
1461 253 518
361 1240 4116
5 1868 2431
1949 1889 3582
1893 471 5779
1854 557 1847
1717 103 8893
39 1104 135
641 1679 2909
1602 728 9847
1619 1811 5885
1723 1887 9378
1737 1270 2129
569 1397 7343
522 689 147
199 586 9570
1513 232 8503
43 380 1542
668 1981 2730
929 1328 2436
730 1041 4231
1642 124 1787
621 1994 2234
747 918 878
1158 271 1295
1192 317 5562
216 768 1869
136 944 98
303 1011 6225
1628 1913 2932
324 404 9462
75 1283 163
1540 943 262
1036 1131 1853
93 1678 6492
349 515 3809
1484 1629 2286
1388 289 3204
1073 328 9641
1166 100 8298
1989 1691 8787
957 273 5111
1363 655 5267
1241 1169 8808
343 1813 4992
1910 1398 5305
1499 126 2925
904 1496 1568
1210 693 3307
2 325 9757
734 303 1898
1802 1331 7506
1887 248 3010
1697 724 6528
1363 702 1129
22 582 9879
1625 1961 2011
1474 1040 1535
421 1720 7446
885 1260 3004
964 1058 7188
1971 846 2019
1167 688 5204
368 589 3449
242 221 8942
1617 124 4511
202 1237 6653
1108 1640 1697
1563 424 4535
1631 1868 8281
1791 968 1993
1056 488 1768
829 1358 7218
1157 924 335
1614 1084 9733
1608 373 8255
1864 1335 5926
1400 543 4375
1955 1936 2299
1764 1423 4040
99 980 385
1236 1260 2188
505 1698 2789
111 1067 4738
1107 24 8192
570 1394 2626
1393 585 5682
1580 1308 6976
1604 132 1485
1796 867 5469
1432 1603 2313
7 984 1332
1779 530 3963
584 1345 9414
179 1066 8464
177 1896 4061
488 1576 4850
233 457 3719
1752 1682 9083
445 1652 2355
1378 1497 610
1030 72 2905
215 716 106
1857 1352 4023
1831 1682 6411
816 404 7692
1500 56 2493
1543 1921 3185
988 24 7264
841 1337 6135
9 238 3901
1478 1135 8923
1949 557 1367
1196 765 2347
10 710 1365
1618 320 2759
1249 1734 8597
1641 982 4662
1137 982 9655
409 770 6672
1865 495 9860
1080 1917 1187
69 129 3648
546 641 277
556 1336 2562
381 1400 4286
863 192 4218
1515 1295 7462
142 531 2773
701 1970 2570
1405 1819 6400
475 1513 547
242 670 9409
1628 687 4935
997 1574 7883
1108 1523 9229
141 1428 643
845 978 7839
1904 485 7486
1768 454 7611
1853 927 1669
275 1792 8565
828 1165 9482
808 53 2350
1637 1928 2669
1680 1201 8820
1259 853 4108
1651 290 1952
540 752 8545
626 1588 5572
598 1787 4176
826 1486 5788
646 1510 9383
60 817 2221
427 1381 9960
910 1272 3748
1948 1184 1424
504 1095 8970
47 918 4529
132 268 8711
155 1711 4531
956 850 1950
1588 1898 9634
1982 309 3323
768 223 2743
1938 1214 9418
1734 631 2179
1386 1912 4911
1871 461 4916
923 221 2217
296 1819 1160
448 20 7889
1561 1076 8437
1657 1540 3876
411 1165 149
682 1308 8710
166 1965 450
438 830 9543
1649 537 3359
944 373 2493
96 800 8554
164 1381 1737
342 331 3664
1327 1650 4081
1090 139 5279
846 245 5286
119 1421 577
116 1296 6204
1626 1102 1999
649 1167 2836
1800 1462 6551
167 1694 6327
390 449 9371
909 389 25
1599 321 8702
1929 1369 8738
842 204 7735
64 1446 8528
749 752 8997
1970 907 2451
1437 330 2792
1892 123 2488
1554 583 2650
1709 1573 517
1298 1907 9595
104 1899 5388
1532 897 6589
1279 659 481
1793 1884 7066
684 1021 3886
197 149 1836
33 918 857
1656 1684 8846
1990 448 170
1462 1412 9825
1870 1746 835
528 718 4515
1465 283 1464
1363 1957 8615
1998 753 6441
1354 1429 1040
236 1768 7831
1733 185 2148
1453 717 7817
1382 205 7688
875 691 138
1792 386 7021
538 1835 277
847 480 6200
132 574 8581
1556 596 5773
1169 331 2720
1192 478 9754
537 145 8433
112 1177 6067
736 1115 124
79 1025 3390
703 90 9094
26 1995 2412
350 1118 7873
602 1557 1990
26 756 3656
1000 1527 633
1134 1689 5030
1632 736 9450
436 1252 2302
1928 709 6613
311 663 7066
124 1598 5947
1298 77 3081
182 998 9798
1424 440 5134
1715 1562 9017
867 242 8761
1201 455 6941
387 1599 3991
807 1709 4442
1109 1455 9354
593 1811 2442
413 385 3860
1152 403 9268
856 724 9881
1218 1689 5799
229 758 1803
1362 596 8671
868 1269 2320
478 305 4708
1781 1836 6995
789 1543 5980
191 149 200
1784 368 593
208 825 3083
57 1230 2214
1517 237 9720
1453 840 347
1903 35 7161
1053 1255 7562
1279 802 133
1640 1490 9394
837 852 108
1448 865 7138
1407 1009 640
1301 1659 330
1582 1067 9742
1031 470 623
1495 1727 2536
1875 1749 6634
1752 299 5680
962 1949 9204
747 624 4125
1885 1076 9033
1623 328 4996
1766 608 9159
927 1536 8909
1731 1909 7404
1955 1720 3966
1458 1243 3803
91 1698 1883
955 558 8686
1783 1516 2239
1667 46 921
936 1960 4721
1750 1882 1196
1217 1712 2792
432 839 9882
118 514 5750
1439 915 5410
613 1038 9448
1202 419 7798
1338 1271 8051
1040 1727 3177
398 530 4078
1474 1009 4047
1248 818 3583
175 1161 1063
1798 417 3436
1278 113 2362
271 303 4010
10 461 1525
1509 1625 4788
524 90 4744
1405 1963 7436
1698 264 2248
1549 971 7078
1402 1266 3205
706 397 366
1913 596 2725
1726 1649 7790
1476 404 768
511 929 456
1685 485 9043
1820 1954 5481
1075 153 1626
1285 883 1957
79 1978 5563
1056 347 1240
1676 719 4470
1990 640 2183
1550 782 1361
1875 893 9181
878 1716 7033
1346 593 5411
366 1678 274
941 1123 9656
1493 1889 6301
1466 1273 4169
1737 1917 5733
99 1132 7836
1348 1029 2800
498 1277 4643
133 1394 378
1294 385 6330
606 1046 4381
114 884 1368
1663 1981 2633
379 808 5673
165 464 6279
873 1284 3139
312 307 2718
279 593 8411
830 181 2037
1510 1587 2236
1472 355 8162
1350 1606 1200
2 259 5731
632 1709 2478
855 1282 2530
661 1342 9174
1095 1552 4315
1135 889 5678
1429 872 7477
154 1238 3543
865 1837 3052
1801 267 9217
41 1665 7998
619 1580 1089
994 1977 1405
1641 1248 8264
891 1704 5592
1766 1562 1328
446 1237 2159
643 1231 6019
1685 825 1050
572 435 7087
1294 1173 5288
1480 1129 2652
1280 1597 5840
718 705 4998
69 887 645
1643 249 4949
1541 1982 3807
1012 10 3716
1950 905 8402
198 1685 7805
1601 817 6829
152 1858 7230
1960 439 4730
1780 1265 4722
1513 512 2531
462 288 3243
1160 387 1495
1620 198 9766
1268 459 4778
1761 544 8861
1932 1253 9707
1943 787 9496
965 1266 1883
1167 1802 6748
1538 1375 9260
1168 765 2789
1029 1959 1137
1231 155 3317
710 1013 609
412 1064 9938
1373 1725 1817
269 274 2147
1651 581 5398
818 144 7560
2 1009 9014
1571 1469 9576
1067 889 2822
486 1407 7174
1759 750 3447
1840 455 9536
430 1859 9954
436 1881 5398
1606 1730 8503
487 360 9663
313 1045 2385
577 1517 2071
260 145 4841
264 1108 1617
1864 29 347
1150 1410 3969
315 1398 3694
80 1534 3175
1502 1118 9147
1551 715 6064
1849 1051 158
827 122 4420
448 1541 3324
338 687 1844
1961 1748 5126
219 179 791
239 639 9377
764 472 6598
1652 1408 8498
290 387 1708
1229 1794 3230
1230 538 6583
1095 1914 7809
1215 496 9690
1295 1965 1258
300 1626 9429
1091 920 5230
496 305 7030
1635 1630 9601
1134 250 6461
474 956 1760
889 594 940
625 1750 7969
961 1028 1842
113 1888 8034
1322 1759 5675
1851 812 7040
1366 1658 8288
1564 1320 2653
1243 1561 3014
1693 1395 8402
73 239 8173
1181 641 470
1757 383 656
1634 812 1684
223 986 8453
1522 958 7040
1840 987 3441
528 893 2098
668 1888 682
996 1386 1185
242 168 3759
1719 1244 2258
1512 1296 586
1634 1635 5561
1475 511 1118
1440 892 2120
336 1433 416
726 1060 54
1295 1751 7127
1368 773 9903
404 1775 3368
170 458 5296
1516 1585 870
989 1591 2543
850 648 3249
1674 903 8370
1517 844 8392
757 660 7236
1690 104 7269
129 1750 8830
848 793 7698
1387 752 4896
946 915 2056
921 1382 1442
485 1072 8093
38 461 9292
1062 1960 3031
133 771 490
254 1502 5619
1558 1186 6851
1306 775 9375
194 188 5113
749 267 7455
1591 977 10000
1288 49 9977
1036 306 8478
802 1297 7945
612 1532 644
1001 33 8875
187 478 614
88 70 9338
1268 417 6613
938 389 4633
609 787 9161
130 288 7093
1795 641 1641
248 207 8789
208 1912 1256
172 624 7593
846 198 8971
1733 537 576
1107 1931 6898
472 1340 9943
547 1990 5840
1046 1276 2790
1557 969 1037
1838 1059 5171
1407 1873 5353
513 817 9006
804 1740 2308
505 491 9829
124 93 7197
1922 1081 151
311 779 1541
1930 1343 1976
1542 437 4976
204 1952 2456
267 1001 4698
1599 844 9347
132 1857 8045
5 1608 7720
1442 341 4101
58 776 33
193 1380 9151
1803 1736 2256
1924 100 1702
36 669 2280
1441 774 3085
602 1639 4248
1821 1261 3228
1399 641 5082
1682 1564 634
686 632 1923
279 480 1680
961 1642 3841
1400 1746 9716
1955 156 1886
687 170 2770
1760 773 9006
554 666 2151
1236 340 6909
1956 137 7597
1554 1276 5065
1139 1860 7932
555 361 3308
1319 1815 1152
932 804 304
737 644 5837
443 311 8324
1171 1446 570
1989 1871 785
1788 689 2499
366 1812 9093
671 99 5372
952 1391 1026
967 690 7217
38 1822 4584
1895 993 5986
58 31 8813
419 1730 3285
1889 802 7691
1345 1190 6624
364 1752 7522
1159 844 1584
1212 500 6889
1078 1489 5929
1709 1171 4485
748 117 6136
517 1017 5170
938 1982 6313
683 148 4643
1773 1567 7730
430 989 4434
1765 1564 1211
1839 1289 2803
129 1314 5519
1732 329 234
1389 1909 1244
1733 957 6925
743 1160 8294
320 546 5902
1313 1639 4281
322 401 1876
571 750 9830
121 459 2850
856 1654 4692
891 178 8812
1656 1253 4448
14 1422 3912
183 1696 6385
1072 1283 4893
1616 1704 8707
1574 174 2320
1365 1410 5623
1171 568 7263
1149 1566 2938
1595 1708 2183
846 768 5043
1654 151 4522
1844 1090 3238
416 1447 6077
1293 329 5424
1018 908 5168
1405 1614 983
1059 1149 7151
1066 235 7733
307 1417 7568
406 1897 837
1512 1397 8099
762 639 1674
1899 133 7807
1210 1761 7300
360 253 1498
1241 480 9970
1740 1001 492
1643 1187 3148
1091 660 2419
1044 377 1733
769 1133 9258
1189 1750 7491
659 1516 9575
704 1386 4907
863 727 3614
409 1175 3039
530 28 6145
491 1881 4816
310 954 8419
208 786 2995
266 39 4535
1075 1277 6994
1083 583 7475
484 136 6307
268 1630 1438
1487 145 2312
700 341 5259
1172 1900 4210
800 1491 81
627 795 1675
389 808 3736
1060 1960 5073
461 526 1340
134 1491 5167
465 93 4795
105 412 9300
148 1423 7767
1760 1537 7645
806 1893 7950
799 542 4778
844 261 7904
1229 404 2578
250 855 9197
1791 1733 6318
394 851 8155
1111 220 7862
1132 1197 2667
1355 963 9865
1912 789 4448
1397 826 8282
433 716 6578
1325 1879 616
1531 988 5303
938 55 6718
565 1451 6261
1291 1024 4279
1449 62 1792
28 297 7992
1959 1397 6590
1681 237 2919
1341 652 6670
340 572 6364
1328 42 4008
1046 1790 3287
1555 1112 2500
1347 1610 5724
1507 381 5168
61 1187 5192
186 620 1165
1662 1177 2885
376 1272 3367
1978 876 6240
854 1309 5998
513 1024 4264
351 797 9880
29 549 8656
1440 1684 8424
89 707 7286
1624 1487 7235
1040 1146 3179
227 1966 4812
382 735 6216
1894 155 1667
1365 1110 7876
1528 1274 6592
544 1009 8879
1241 486 97
1799 1803 5861
1970 468 8682
1845 789 6082
579 982 612
1641 234 305
1609 949 8631
382 1872 5804
321 185 460
631 332 3889
186 655 2837
1723 1686 6803
1782 63 6343
525 453 1228
1482 1278 2006
1623 1495 572
1961 75 9142
1496 1635 7156
201 869 879
862 1812 1962
1913 851 5996
401 1893 2785
1987 992 5862
127 1425 7836
764 669 4175
1061 78 7321
1294 268 6207
935 1783 3083
523 1034 8107
1257 1037 1295
1129 1096 2970
947 1531 8898
1302 411 4396
1834 925 5066
1884 220 3071
81 1567 6678
701 1283 542
80 520 6957
172 918 1516
442 108 1539
1573 1720 9085
11 579 8834
70 763 605
441 1370 8678
250 166 6896
1409 984 9467
1568 1791 5929
48 989 9659
1130 24 7095
1989 424 2828
1745 1147 1724
817 1442 2703
69 729 2775
1929 1094 8882
1239 87 4672
708 785 1928
640 859 2841
459 132 9037
870 1657 8870
1995 368 1097
428 622 2007
589 1137 4488
644 957 8679
1705 813 3671
1531 1732 6382
810 1139 4681
134 358 4614
1165 1059 911
1688 405 7560
473 1416 6439
1228 1463 5430
298 942 6164
292 725 8819
457 1744 35
1370 938 6018
1635 1517 6281
1545 726 9393
1111 1850 1460
784 1257 5375
86 165 6457
1449 1599 5565
856 232 3226
1063 282 5193
688 1962 8965
1040 587 8772
792 1464 1935
563 1736 9964
1600 527 8298
1205 469 6545
770 297 5624
1527 1510 712
1268 538 6206
1528 1449 1323
525 154 4025
1592 182 7090
1544 1007 8107
1408 1026 3895
680 1564 1334
1715 1357 3561
1356 1691 6132
99 1775 8149
286 313 3475
1051 1726 157
1818 448 3464
1689 1784 6019
1910 375 4517
793 1700 9506
547 327 7059
29 5 2883
1980 1357 2170
897 1244 5123
441 675 487
1692 1207 1058
535 1635 4408
1417 1916 6361
113 1619 7471
1420 1763 317
1391 429 5473
1538 1549 8640
881 1703 1683
1538 1324 1419
747 161 9198
1886 772 2539
1576 925 9751
232 707 7980
1532 1958 8587
503 1382 9137
1627 850 9714
1489 693 843
1400 506 5259
870 1748 1229
1239 662 9985
1042 1252 1016
537 472 8863
1324 903 5810
1181 504 4620
1458 1672 1861
1261 1314 9464
1427 371 4127
595 1176 3299
513 1276 1287
956 1324 9824
3 435 7071
1751 1262 6525
1513 102 9536
1448 763 5466
1262 1612 777
379 663 2477
1517 442 3204
612 1522 6181
311 1647 4860
421 121 10
734 1738 7430
1963 587 2669
381 139 6701
767 588 1363
251 542 5938
866 554 1091
1408 1595 1401
559 1093 2914
855 1067 5709
216 531 5241
1643 410 1348
1867 1598 5208
1476 1433 114
1722 1870 8135
890 860 3073
223 246 2677
1472 1722 6307
1427 1754 8305
1105 1204 5081
1119 674 9245
1605 1082 5665
977 1544 6451
1515 696 9351
1259 928 1246
1514 364 427
1978 883 6947
1701 1971 7691
676 557 328
1424 658 9160
1093 1367 9337
305 1480 9522
1126 1637 1796
1580 135 7306
264 1122 7532
1202 1849 4466
1782 1170 7683
798 1329 2143
1507 1989 1273
697 1445 3749
433 247 7809
1032 1606 1615
1219 115 6068
1427 1516 5338
816 66 6297
1133 443 3984
546 214 3127
163 142 3187
1322 962 5691
1117 1450 4304
1287 1608 192
1843 661 1465
70 147 8420
1312 540 5431
151 828 5056
1101 1828 5358
1293 251 9790
427 1398 8046
296 1037 8805
1102 428 674
1127 931 5427
868 186 2198
800 1689 1823
751 158 3382
416 1426 1109
821 1526 4828
29 1645 204
686 327 2686
710 1621 1565
468 125 2796
1007 1263 5615
1796 652 816
1560 1902 5534
1555 16 980
178 1003 7066
725 654 16
1765 1076 173
539 1189 1042
1066 863 1584
467 1880 3589
531 1593 9889
391 1731 3539
1654 1875 8225
768 1711 5840
1916 1636 5705
1684 384 2451
1734 812 4517
627 1764 2348
790 1878 7453
785 1671 71
1437 1894 4585
323 1126 867
1946 1508 212
1775 1868 1623
227 930 3003
883 987 6580
1313 1757 9606
671 802 9600
1890 5 5323
1693 754 9197
1685 1827 8312
465 1976 5917
374 1353 709
267 1845 8123
1068 512 8048
1283 6 1938
552 362 125
1581 560 6415
163 1784 5149
879 480 561
1422 1250 5355
1131 1107 1217
1097 1587 5714
221 643 6406
880 396 3231
12 1390 5141
292 1619 534
1266 1748 900
898 941 2814
1834 873 935
94 962 5884
378 556 4002
141 1074 1570
879 116 6787
825 1837 5712
788 1083 8247
532 192 7238
583 545 2424
278 1197 6857
1573 43 5682
1594 1285 5807
143 985 6699
894 175 5172
1504 544 807
538 1993 7854
956 1960 3000
1246 1241 5199
361 1562 7765
445 862 4817
1286 1999 5513
660 1222 5223
1598 344 6276
88 217 6304
918 1346 2984
664 937 8138
1544 829 2918
668 487 5378
1179 379 1785
1358 1953 2850
1974 180 3764
1359 939 730
1425 995 6489
1980 1958 4596
1153 1613 3014
1867 1206 8745
1685 650 6745
1541 155 2080
1673 1360 7410
406 1779 2737
269 531 418
1301 1429 445
578 541 7974
1348 971 257
1677 182 3870
1555 1344 5392
691 1122 3873
1315 205 1725
812 179 601
168 531 481
83 1991 6726
1294 442 1749
268 1868 900
1593 770 695
916 1010 5039
1492 1156 1006
1134 615 5977
1404 1921 4506
793 251 3627
1412 1139 911
370 848 4330
792 1003 683
1296 753 509
211 1755 8607
1980 168 3005
1176 219 4797
724 1773 9722
1371 1491 1528
608 1570 9574
1161 514 8024
1995 841 5737
1996 74 2318
1061 1356 5987
1268 1926 4293
1863 1594 1277
101 1663 4051
527 844 4122
1300 1520 737
574 1370 9015
1937 281 5503
427 230 2513
55 988 7684
962 725 9620
1182 219 1275
179 1866 3520
1492 1076 8517
1174 518 5342
1905 149 5
760 1602 3895
618 1436 5936
1002 83 7425
1840 1747 6228
1515 1270 1994
99 1751 5398
1987 1051 7055
1035 1653 4430
100 1065 6423
1949 1267 2783
167 207 405
179 144 2519
1682 919 2312
631 1164 8067
457 1732 5303
1495 1981 1240
682 1693 3826
410 1436 4447
1529 1121 2070
637 1466 4718
509 652 9194
283 1981 3861
1417 1294 2173
138 37 8960
391 1907 7717
863 814 9610
382 527 946
844 352 4270
549 1346 8660
584 1634 3436
1849 1559 6038
665 78 7299
1936 1267 8031
573 1282 8207
1599 1222 5407
362 735 4911
146 889 7987
1803 546 7581
1840 600 4500
1473 107 4878
1463 114 8741
1124 301 5134
1788 195 1754
181 80 8813
778 1725 3218
837 469 2876
452 1461 3139
921 1591 4988
1089 424 7500
189 224 2948
1017 955 870
4 159 6160
1877 394 8174
1546 414 9165
1288 67 328
455 1341 9036
1799 424 5868
636 371 430
1657 215 6223
250 623 4558
33 153 5597
1701 1442 6483
1053 1474 8337
1422 1887 9536
1654 1616 1294
1436 284 4536
1330 1450 9448
297 1303 5695
1080 958 2839
1476 1143 7984
1235 1809 6900
808 1086 9090
728 155 5776
374 761 291
1728 1127 4779
106 1550 588
319 1168 5488
1105 1926 7386
767 1242 7427
748 641 9714
1481 666 9950
140 1740 9547
1005 322 2049
1572 1804 5590
630 530 1338
304 40 9549
638 1810 2206
1272 1483 4363
1855 1371 2653
684 1767 3711
1924 1330 7478
820 956 1144
1217 568 3131
431 1194 5879
914 1180 3199
1526 610 7179
1220 880 7572
610 11 1740
1451 1197 9610
120 174 8477
818 1648 5002
40 1135 158
1379 554 51
725 882 9247
1305 1152 8024
493 173 7380
1513 318 1680
1919 923 575
1291 1369 8041
1741 854 9654
303 1130 6932
340 1854 8037
278 1756 9944
732 845 7744
569 373 1463
69 524 1075
677 862 7132
1463 632 7459
610 1677 7831
721 827 5797
207 1041 291
1506 1224 1613
873 497 9389
1585 379 5779
1897 384 1052
998 45 2947
39 1454 2512
1364 1949 5306
1180 686 1571
689 97 9035
796 773 2782
499 296 9349
976 1981 979
310 971 9832
1691 901 5898
1558 1252 8067
338 88 525
1203 1509 5652
302 366 4242
1040 1844 9222
820 232 7326
1298 1102 1895
1890 809 3870
1242 1645 8720
1573 1744 1836
46 786 4329
1998 1514 5789
1886 1026 5674
401 1016 7129
662 1803 9444
398 1166 8866
939 1201 9672
1070 1673 6122
390 1648 5298
1336 574 3047
136 1069 2464
1293 449 9415
1698 957 6257
568 816 7717
1806 633 4945
1419 1562 945
399 704 922
1611 232 6148
758 480 826
810 1905 9564
1168 1559 9926
483 584 9883
735 1063 4647
559 1131 2753
1574 964 3573
519 927 7048
806 172 5069
435 1880 8831
1083 377 1131
1383 1556 6161
1061 53 1801
623 1197 9979
1635 1075 7452
1563 1256 9428
1932 1883 4062
1364 627 5605
861 1588 8140
641 357 2849
665 1969 9365
50 1902 1451
1707 949 414
51 123 5695
884 899 8567
641 793 5490
1325 46 6997
1357 1242 6348
152 1392 5214
1528 1821 8241
327 73 7728
1381 505 5162
925 952 4365
944 816 7971
416 659 9134
1953 384 2106
992 1623 5567
403 658 9263
538 606 2050
212 224 6360
33 1763 1009
369 829 8006
1901 428 1375
716 788 2700
461 734 1057
234 115 2193
466 1925 4344
587 953 6866
978 614 2550
1373 588 9421
1647 663 4566
1608 712 7386
343 231 5660
489 617 6925
216 1939 8505
444 341 8912
1539 1939 1170
1914 1384 5838
1039 1589 5257
999 825 5216
148 1693 8480
1057 915 7589
1495 1778 9387
1618 1999 3163
110 1373 1138
846 1390 8300
869 281 8743
1511 202 3731
1292 212 5802
1507 1423 1176
197 1050 3954
125 1300 6859
1999 840 3236
155 1030 4379
1943 1853 9911
754 796 8923
185 510 2408
1267 614 6125
687 1180 3110
564 1618 9619
1181 303 7369
1546 1907 5914
671 1518 3933
1139 11 1091
383 233 3777
639 645 3806
1497 743 8558
1916 47 3943
17 857 7992
200 1177 7843
1782 1844 7700
14 196 6818
1745 320 7151
1969 793 459
1810 452 2017
192 1306 5774
1648 1109 3662
100 1812 9068
902 322 239
6 423 198
578 178 492
735 54 2016
697 765 2067
259 1466 8701
1579 1198 8902
1871 50 957
1049 1145 7804
1800 762 2551
1580 1361 424
1247 1551 9130
1027 1592 5391
1618 1843 3372
964 256 7840
1454 398 2307
1889 1192 5611
607 796 7670
1364 1744 3072
527 1619 7392
796 471 4379
376 350 502
82 706 833
1672 1867 1593
1859 789 3370
258 1504 3106
801 1733 9925
1717 73 3543
10 555 1850
454 822 8634
158 736 5570
1353 1094 4384
588 1878 5496
1078 1824 9761
331 1487 5203
13 863 4153
230 1734 3509
1455 1304 5723
142 196 1448
847 1945 5248
859 1041 9401
785 1242 5835
474 1354 6877
1280 171 3748
394 260 3535
1222 800 2232
1708 1621 1807
653 1537 8714
1091 1109 8783
868 18 2309
165 641 6669
1919 1347 1514
1055 506 2553
1235 860 9975
491 1268 221
1666 1801 5555
1768 892 4376
333 801 1142
1908 1199 3829
241 261 9867
933 841 4264
1641 1550 2418
184 1293 354
1151 1738 2860
1188 517 1328
1978 465 2336
873 661 6349
843 314 8633
168 1000 7936
1938 1979 8637
1811 1055 1092
170 923 9164
1285 1867 7572
1315 211 9249
28 1298 6435
784 266 1924
367 1105 1255
865 387 9803
998 610 408
1212 1504 820
1264 801 5145
1122 1121 6187
1720 48 9569
882 1013 4543
527 900 8359
1908 1627 5459
794 60 9621
1664 295 791
291 1969 1419
835 1049 5733
317 134 4574
1298 1435 5858
1766 422 1980
411 983 956
234 1943 7296
1664 1507 3027
93 320 9916
780 1871 2459
304 407 8511
988 926 2841
1044 867 1069
741 1846 5695
276 1627 5349
254 1417 7359
1641 291 3939
639 47 6102
825 975 212
1598 1926 8893
543 706 2095
64 1809 5398
1962 1499 6722
1825 253 8119
756 1983 2086
863 213 4874
1088 1505 2552
1667 920 6476
1076 1153 1385
1674 969 565
1344 641 1258
1997 992 699
1060 843 3293
1830 1590 1287
160 441 8327
1182 895 6607
412 1345 8476
433 1719 5782
1131 434 8267
757 590 464
1458 221 4860
1268 1925 7176
1861 1539 1875
1654 775 1932
1680 233 4845
1021 488 561
275 1022 245
1108 1662 8352
220 1839 8631
300 230 7148
347 307 6755
1553 205 5093
1683 1034 3113
1288 372 6697
1527 1681 1372
1853 1617 6210
1994 1774 7998
1491 1331 126
0 285
0 16
0 49
1 1896 533 7610 8
0 1048
0 296
0 679
0 914
0 653
1 1357 1344 9872 755
0 641
0 531
0 459
0 318
1 940 269 7373 785
0 345
1 23 482 2975 888
1 1613 1747 6150 788
1 368 1903 7379 416
0 798
0 105
0 1056
0 897
0 784
0 545
0 195
1 535 1443 503 317
0 792
0 705
1 683 1988 6322 1008
0 656
1 410 1064 7466 432
0 420
0 696
0 59
1 878 1566 1333 1073
1 958 1557 6403 500
0 3
1 233 1256 143 686
0 28
1 933 223 4218 912
0 112
0 216
0 1032
1 573 173 2003 1093
1 461 1626 6997 71
1 868 23 5888 966
1 1659 1885 4619 661
0 248
1 1308 1692 2503 658
1 1538 404 20 778
1 616 547 3656 298
1 479 457 1862 913
0 818
0 551
0 667
1 1920 1986 7680 63
1 833 1991 5888 595
1 1805 1515 4396 953
0 986
1 1434 658 6824 885
1 673 169 6306 142
1 406 1294 9030 857
0 1059
0 1029
0 942
1 1389 1808 3245 821
0 208
0 846
0 972
0 283
0 494
1 565 1452 3647 602
0 1091
0 870
0 1000
0 894
0 1083
0 530
0 787
0 565
1 937 142 1803 650
0 936
0 509
0 608
0 333
0 1007
1 715 343 6047 503
0 518
1 269 1613 9619 1015
0 977
0 946
0 77
0 217
0 398
0 258
0 618
0 388
1 775 4 5386 51
1 1773 347 7550 882
1 695 1710 480 990
1 647 1946 5911 61
0 431
0 382
0 1012
0 812
1 1360 1705 9306 648
1 1225 1220 3638 98
1 939 1162 3171 889
1 963 121 1011 190
0 926
0 855
0 74
0 868
0 1088
0 714
0 313
1 1627 812 2942 390
0 501
0 928
0 389
0 340
0 560
0 356
0 52
0 12
0 134
0 38
0 817
0 199
0 407
0 477
0 983
0 27
0 995
0 920
0 304
0 475
0 567
1 1757 262 2610 751
0 65
0 482
0 88
0 84
0 1078
0 306
0 996
0 950
0 940
0 203
0 361
0 1011
1 731 680 2077 264
0 78
1 1429 806 8011 883
0 1071
0 278
0 45
0 271
0 732
1 1224 1648 5568 472
0 1
0 968
0 69
1 194 1845 76 1006
0 499
0 1034
0 533
0 246
0 615
0 1066
1 1572 1621 8486 44
0 1057
0 554
0 133
1 1799 439 611 250
1 695 1664 5003 532
0 568
0 1016
1 845 147 9110 780
1 433 1685 9589 901
0 452
0 828
0 257
1 1407 1453 9146 810
0 184
1 449 1091 894 209
0 738
0 493
0 597
0 524
0 421
1 1059 622 4350 118
0 37
0 409
1 866 1203 2877 917
0 1018
0 185
1 1808 1708 1012 310
1 646 1612 1017 196
0 449
1 1839 1418 9773 513
0 158
0 1064
0 1014
0 849
0 80
0 125
1 1506 1342 6205 924
0 82
0 662
0 455
1 1342 1117 2047 324
0 401
0 39
1 637 982 2986 268
1 1164 327 2077 575
0 802
0 263
0 48
0 447
0 971
0 570
0 876
0 96
1 1327 681 719 256
0 542
1 956 564 6114 577
0 17
1 1223 97 4682 809
0 429
1 1136 1880 3795 206
0 396
1 426 481 680 175
0 236
0 202
1 198 861 7471 346
0 320
1 1706 632 5230 582
0 276
1 919 1942 9162 423
0 274
0 91
0 668
0 316
0 814
1 1332 1749 2162 121
0 520
0 951
0 137
0 998
0 566
1 173 52 2451 94
0 715
1 1236 697 4875 768
0 50
0 332
0 93
1 5 1027 5051 1017
1 1714 1243 8986 496
0 92
0 20
0 593
1 58 407 91 1055
1 961 339 8262 182
1 1007 204 7340 488
0 797
0 762
0 555
1 1353 1484 3212 358
0 288
1 682 464 5712 34
0 771
0 255
1 1613 1450 2789 281
0 1061
0 670
1 1405 1053 474 578
0 558
0 586
1 1031 202 8651 397
0 801
0 626
0 525
0 366
0 1038
0 252
1 1537 778 4666 860
0 417
0 644
1 1983 1426 6845 498
0 954
1 19 526 7790 603
1 332 1479 4575 625
0 204
1 855 884 6472 620
0 497
0 956
0 434
1 953 364 1104 1085
1 1720 220 1587 436
1 1226 567 948 624
0 933
1 87 830 7043 988
0 949
1 529 38 16 1043
1 763 496 3074 129
1 628 1588 8420 564
0 1069
1 1790 1549 3798 261
0 945
1 887 1017 2775 813
1 1693 1915 1356 1077
0 110
0 752
0 1058
0 132
0 865
0 4
0 743
1 1341 1493 3889 777
0 981
0 563
0 962
0 162
0 892
1 460 1450 4887 858
0 1097
0 585
1 32 1244 6361 1002
0 1027
0 636
1 610 123 2478 703
0 816
0 612
0 451
0 448
0 588
0 291
1 1751 1322 4253 547
0 1009
0 380
1 1069 1592 4611 355
1 109 1846 2628 312
0 766
1 1722 1147 727 1096
0 757
0 611
0 321
0 140
0 528
0 463
1 154 1098 9055 467
0 847
0 655
0 139
0 887
0 629
0 984
0 859
0 864
0 144
0 485
0 699
0 286
0 325
1 748 433 1951 172
0 666
1 1912 500 2395 85
1 1387 481 3712 235
1 57 1629 4098 511
0 484
1 1635 1214 8045 444
0 664
1 334 1615 3181 181
0 1047
0 410
0 1024
1 1389 1290 7862 911
1 177 176 5988 756
0 645
1 936 235 5172 1065
0 899
0 922
1 900 436 3353 591
1 1179 664 7245 793
1 1272 516 6914 280
1 790 1097 8097 1040
0 601
0 979
0 504
0 941
0 1054
1 499 1700 6669 462
0 426
0 832
1 1581 1035 8488 938
0 698
0 807
0 370
0 154
0 562
0 481
1 1211 1094 2119 610
1 961 364 1728 1094
0 113
0 1067
1 1956 1482 4421 29
0 149
0 1079
1 316 1163 5886 443
0 79
0 769
1 488 1941 5767 309
0 815
0 147
1 964 486 5726 419
0 486
0 111
1 1373 1176 6617 678
0 200
1 1040 601 755 167
0 609
0 266
0 689
0 218
0 229
0 890
0 198
0 729
0 391
0 126
0 62
0 243
0 993
0 141
0 152
1 227 1243 1714 308
0 290
1 695 1019 4631 174
0 552
1 1971 1106 3965 1060
0 1021
0 36
1 80 1512 2041 731
0 201
0 130
0 553
0 301
1 1451 456 3264 249
1 1879 1815 3317 735
0 1099
0 702
1 1066 426 8754 300
0 576
0 178
0 262
0 932
0 55
0 273
0 854
0 1050
1 957 1227 742 473
0 692
1 561 1894 362 464
0 589
1 884 1337 9700 647
0 770
0 556
0 114
0 146
1 1121 1121 8525 1098
0 437
0 68
1 1792 1393 7396 180
0 744
0 583
0 260
1 1028 1638 8080 905
1 1630 1215 9445 465
0 514
1 964 138 2382 454
1 602 1326 103 717
0 794
0 910
1 1134 823 301 1028
0 1022
1 1214 1370 2168 228
0 987
0 561
0 674
1 930 221 866 842
0 327
1 1865 1610 4542 707
1 1224 1229 7781 571
1 291 1904 9219 827
0 1004
0 906
1 1189 704 71 106
1 1697 644 9796 468
0 165
0 474
1 1021 1226 1613 948
0 168
0 840
0 305
1 141 1000 7617 469
1 35 1747 972 574
0 239
0 349
1 796 1991 3371 980
0 783
0 438
1 854 1856 2198 225
0 369
1 613 1140 7088 214
1 279 1565 5196 632
1 1649 1099 774 33
1 369 117 7796 371
0 819
0 839
0 746
0 605
1 1622 974 8342 14
1 69 1669 5130 1019
0 833
1 651 1327 5801 970
1 1855 1419 2777 957
1 140 1074 3883 997
0 259
0 1090
0 943
0 487
1 1129 1346 149 1081
0 823
1 928 1380 6840 727
0 535
1 734 918 2355 919
0 845
1 206 1207 3747 7
0 640
0 937
0 197
0 458
1 726 1728 7553 851
0 25
0 693
1 947 635 4675 412
0 991
1 1729 348 4029 697
0 282
0 60
0 122
0 343
0 1095
1 1177 1131 3502 944
0 834
0 97
0 415
0 631
0 1005
1 1256 1979 7499 822
0 1003
0 774
0 579
0 646
1 501 1297 608 619
1 779 316 8086 800
0 805
1 1946 1269 1160 83
0 392
1 884 959 2863 711
0 433
0 5
1 1411 295 6034 351
0 1013
0 161
0 352
0 878
0 512
0 22
0 341
0 303
0 128
0 334
1 202 819 6967 722
0 413
1 681 681 112 863
0 411
0 505
1 1425 575 7385 736
0 614
0 42
0 385
1 376 816 510 765
0 677
0 808
1 1126 453 5620 160
0 194
0 153
0 135
1 224 1098 7643 75
0 994
0 671
1 1808 1942 7108 728
0 166
0 1044
0 852
0 205
0 470
1 793 1234 4640 1036
1 1149 990 4508 893
1 1806 668 8156 880
1 1615 1909 888 1082
0 507
0 606
1 1782 1085 370 109
0 1033
0 895
1 94 1536 3313 637
1 526 258 2242 116
0 835
0 1076
0 853
0 41
0 706
1 487 703 4063 231
0 539
0 179
1 166 1942 4117 830
0 676
0 791
0 395
0 86
0 66
0 145
1 830 756 1211 716
0 234
1 143 830 7142 695
1 277 1009 2590 1068
1 1154 175 7322 622
0 362
0 790
0 848
1 1984 1297 5718 1070
0 1092
1 717 267 7779 422
1 1123 1235 4614 67
0 902
1 1646 1144 131 381
0 418
0 376
0 633
0 947
0 1045
0 30
1 1939 377 1674 642
0 124
0 955
0 131
1 184 1444 4122 72
0 584
0 265
1 974 1563 629 26
1 1581 1489 9732 183
0 58
0 776
0 35
0 323
1 724 958 5205 460
0 394
0 657
1 448 267 4867 446
0 294
0 896
1 1520 1565 5946 909
1 101 452 755 242
1 1779 1556 7808 965
1 1962 401 6170 517
0 53
0 544
0 599
0 23
0 414
1 1492 346 7664 1042
1 605 371 264 479
0 440
0 11
0 155
0 1089
0 319
1 460 433 2379 384
1 1808 649 5697 630
0 934
1 1907 384 1676 245
0 720
0 404
1 1585 305 5794 872
0 191
0 663
1 1446 1729 1418 87
0 523
0 430
0 307
0 690
0 799
0 275
1 455 703 5747 739
0 737
0 829
0 1010
0 725
1 275 624 2339 767
0 795
0 226
1 1661 1261 1602 177
0 378
1 1667 1346 3089 1087
0 335
1 256 414 6222 873
0 939
0 587
0 461
1 648 240 2399 240
1 659 1320 7331 598
1 1833 835 9237 843
0 519
0 348
0 56
0 347
0 506
0 866
0 704
0 287
1 301 389 5604 1080
0 963
0 379
1 991 1942 1008 189
0 683
1 334 197 2704 21
0 675
0 338
0 270
0 708
1 1050 511 2801 652
1 564 63 6168 344
1 1456 1419 7992 210
0 213
0 1030
0 623
0 99
1 369 1809 911 450
0 522
0 673
0 102
0 357
0 862
0 399
0 540
0 89
1 575 272 5120 176
0 526
0 758
0 654
1 1636 1705 2221 1053
0 453
0 277
0 1046
0 47
1 784 1521 426 251
1 1825 1813 2988 779
0 592
0 760
1 207 1119 9870 70
0 328
0 284
0 478
1 386 1080 6265 24
0 891
1 783 371 8338 90
1 1646 1890 3177 143
0 850
0 867
0 220
1 1057 245 7068 43
0 151
0 374
0 350
0 279
1 615 115 5573 120
0 1031
0 1001
1 1270 186 3769 898
0 573
0 877
1 1426 673 7285 773
0 837
0 534
1 1109 1963 5072 212
0 763
1 650 1911 6684 915
1 37 71 6946 403
0 607
0 441
0 164
1 930 1478 5577 173
0 804
1 639 1981 9814 15
1 806 1844 5289 192
1 45 1468 5545 107
0 916
0 18
0 108
1 201 1048 550 871
0 930
0 425
0 908
1 120 667 9385 516
0 299
0 326
1 315 1591 2466 207
0 367
1 1076 1576 8055 150
0 724
0 322
1 1656 1382 3384 247
0 353
0 719
0 314
0 604
0 100
1 1839 1198 753 476
1 921 1180 5892 302
1 1223 1817 7232 311
0 435
0 759
1 1955 1239 4041 935
1 1527 1218 9541 559
0 594
0 886
1 770 575 931 170
0 856
0 1086
0 54
1 89 1138 9510 726
0 925
0 186
0 789
0 700
1 1384 276 9648 548
0 669
0 406
0 292
0 569
0 694
1 1939 531 2992 536
0 445
0 359
0 710
0 442
0 978
1 910 1488 9951 974
0 364
0 375
0 363
1 252 1480 3442 424
1 1013 1894 5148 750
0 734
0 480
0 339
0 824
1 1615 837 9033 572
0 969
0 927
0 119
1 881 249 995 621
0 289
1 495 700 6097 742
0 171
0 900
0 921
0 782
0 973
1 291 999 2976 806
0 227
0 1025
0 549
0 368
1 1868 1239 8219 803
0 241
0 1075
0 992
1 144 325 790 408
0 123
1 64 163 4296 1051
0 19
0 254
0 721
1 1802 230 9126 510
0 745
0 691
0 874
0 215
0 820
0 733
0 826
0 659
0 712
0 1084
1 971 1997 4522 985
1 506 1008 2402 211
1 930 1187 2628 786
0 638
1 1532 793 9099 753
1 597 1208 340 329
0 680
0 685
1 366 1482 5516 117
0 13
0 372
0 1062
0 377
0 740
0 634
0 230
0 748
0 1039
0 1023
0 157
1 1928 131 528 627
1 1007 1367 8628 6
0 2
0 825
0 237
0 741
0 844
1 1285 28 7473 405
1 1521 755 8412 903
1 1131 1568 690 1035
0 635
0 46
1 142 628 3806 861
1 865 901 9349 881
0 297
0 127
0 527
0 40
1 50 1353 9944 684
0 269
0 775
1 928 1650 7017 580
1 1356 1173 5224 427
1 1455 1846 885 989
0 838
1 663 170 2798 387
0 148
0 81
1 39 1761 647 360
0 958
1 905 1222 6362 537
0 764
0 682
0 315
0 32
0 73
0 428
0 1063
0 9
0 456
0 76
0 187
0 701
0 386
0 904
0 713
0 31
1 1848 1478 8887 811
0 723
0 1072
0 10
0 103
0 238
0 104
0 649
1 1852 1669 152 383
0 267
0 999
0 687
1 1877 323 5093 643
0 665
0 918
0 929
1 1506 1604 1609 253
0 221
0 543
0 975
1 968 1006 1653 232
0 781
1 1560 1594 2266 931
0 541
0 188
1 1044 851 2296 961
0 219
1 188 326 8287 342
0 223
1 770 121 2300 373
1 1872 1446 5867 982
0 272
1 624 692 4774 529
0 796
0 581
0 354
1 1699 881 9827 466
1 886 1010 2339 521
0 831
0 538
0 616
0 169
0 193
0 718
0 923
0 336
0 337
0 402
0 1037
0 709
0 960
0 869
0 600
0 400
0 959
0 772
0 156
0 393
1 907 633 9389 617
0 907
1 1993 1 2032 222
0 515
0 115
0 639
0 967
0 365
1 147 873 5649 483
1 22 211 7329 495
1 1554 1002 4580 557
0 101
1 1244 1828 4479 508
0 471
0 747
0 457
0 1041
1 45 576 3848 730
0 875
1 1229 381 9008 1074
0 688
1 569 126 4344 331
0 1049
0 64
0 136
1 305 1794 5955 244
0 651
1 180 674 4861 550
0 628
0 660
0 491
1 726 1211 467 761
0 163
1 155 1008 7457 964
1 142 700 5198 1020
0 224
0 836
1 285 1806 7586 754
1 704 326 8802 596
0 590
0 546
0 138
0 681
0 879
0 952
0 1026
0 1052
1 408 306 515 749
0 233
1 1180 3 6453 295
0 489
0 490
0 884
1 1045 554 769 613
1 1184 257 9915 95
0 439
0 159
0 293
1 1287 1893 7223 841
0 502
1 1440 508 5470 672
0 330
1 1954 1926 274 492
0 976
0 57
