800 800 101
619 438 9005
591 617 9498
644 189 5448
459 477 1856
672 648 585
636 32 2455
542 432 273
720 181 8017
725 281 7564
376 468 4251
25 149 9542
159 775 6188
87 30 3341
603 685 1417
86 150 5725
265 423 6748
123 24 8242
47 669 9919
391 704 2938
623 381 6081
18 612 60
442 539 3453
369 191 2115
351 75 8762
586 47 7619
567 442 4088
214 268 9774
627 255 5593
323 730 3239
206 108 2540
231 736 8419
516 41 2272
121 32 655
38 399 833
533 580 6379
373 132 6855
332 588 6245
408 6 4754
497 365 9775
303 774 5852
655 664 5462
468 302 3306
405 797 4198
522 579 6456
734 656 1681
420 526 5345
797 334 7532
335 338 4921
312 748 41
415 456 2090
398 489 9481
585 636 7460
105 126 566
544 42 6658
541 503 1671
458 448 6788
584 277 4458
649 643 2088
747 510 82
336 729 5842
610 130 8298
72 417 2993
782 584 3022
149 233 1099
717 476 6602
124 780 347
448 150 4929
249 773 3466
640 235 5110
467 786 7787
218 511 2734
234 594 6096
322 796 8761
138 476 1283
38 349 4507
429 172 4347
271 378 4713
241 303 7232
764 222 6473
365 553 9887
339 677 3049
119 104 3356
628 470 8005
377 704 9558
434 555 937
665 698 1657
535 263 1772
374 515 9825
86 544 640
412 778 6903
742 341 4203
229 15 4798
162 60 9927
608 118 7747
153 133 1556
686 785 8124
276 571 5293
275 382 1981
58 739 6626
355 21 4358
44 617 7060
213 127 1036
196 679 7917
190 655 8917
405 218 6215
768 703 1586
685 178 594
343 620 8739
520 339 9275
711 170 5679
781 44 6700
347 219 6740
299 168 5008
188 495 3204
211 422 1587
440 41 7214
703 568 1913
637 264 8681
124 275 5426
396 335 5579
279 264 5360
721 40 4840
189 511 5224
455 394 6458
798 570 5773
431 300 440
126 440 3746
606 572 3985
384 309 6158
706 330 41
540 155 8142
44 798 9701
701 166 5748
60 152 1629
749 514 7847
143 317 5969
164 217 8161
10 428 2829
721 210 815
303 618 9730
420 496 7096
219 69 193
130 578 5663
424 144 2283
635 41 2748
99 570 7958
493 361 6122
702 559 9718
181 674 3512
165 388 701
91 178 6011
611 320 7922
212 241 1110
379 527 9091
119 327 8718
369 5 9274
323 180 1388
217 440 402
573 693 2390
474 159 4958
370 108 8639
693 480 893
564 292 1534
613 671 5870
74 323 7568
10 533 76
619 634 9607
248 41 1714
148 59 4646
467 582 9993
773 621 7090
709 596 933
8 22 1614
565 722 6955
84 223 6142
573 443 4958
426 288 3343
247 544 761
789 752 4071
383 660 6738
334 564 7460
177 306 7550
630 796 8292
508 481 1957
338 1 5776
584 738 7110
661 36 5894
252 525 2212
36 223 5241
423 363 2478
316 637 3954
762 30 2856
128 156 5013
488 711 8670
576 636 7208
61 661 2478
57 282 6706
475 412 1131
521 105 1129
292 506 9693
237 228 3322
468 678 7765
315 486 7386
596 616 463
162 779 3776
587 330 8358
384 386 2744
778 597 1464
426 422 5109
477 172 2648
718 674 704
149 266 1636
574 215 2859
20 470 8839
602 243 683
176 762 6869
102 316 1643
26 117 9025
421 210 672
740 164 8891
568 285 6505
661 146 9705
274 289 1797
574 269 3767
126 543 7267
116 293 9220
175 217 3346
423 225 5481
7 150 3250
765 397 5807
712 609 3317
392 253 672
546 113 1286
303 476 9763
660 349 3414
198 180 2624
800 329 5719
298 630 1482
431 103 5500
414 604 7506
740 493 2844
699 143 881
742 737 8964
108 417 7630
15 374 3485
359 733 6657
371 111 2277
174 649 1033
443 690 697
687 521 6802
570 285 9903
28 707 6154
723 16 996
87 373 129
534 45 3601
451 313 8942
475 673 8534
563 705 3530
574 52 3594
80 418 5095
793 218 5006
60 371 5223
166 668 820
217 325 8029
591 90 291
466 66 6328
627 481 6783
99 545 6953
35 568 5307
434 304 6871
123 29 8733
325 179 7708
430 306 556
225 680 2884
765 347 3805
2 85 3009
800 633 8698
780 736 6305
226 328 1737
507 593 4881
436 798 3818
619 609 3177
395 103 111
404 167 9640
569 422 4237
653 36 3123
253 174 6064
395 445 83
153 518 344
706 742 7167
571 521 3537
118 289 8356
587 111 9147
279 734 417
364 424 1779
416 485 9620
656 650 4277
321 633 8940
437 370 7541
236 632 2987
568 608 6670
199 741 9091
771 651 1173
603 792 4500
260 43 4647
526 2 8179
126 585 8918
104 614 599
752 292 5818
784 78 4151
80 185 1691
252 771 7294
615 779 4794
647 646 1998
52 495 6464
342 366 1700
196 675 5404
39 431 743
668 463 9204
393 279 9276
23 137 520
180 238 3052
356 131 9421
442 349 6461
513 245 3231
37 211 9903
98 259 2484
455 626 930
10 237 3214
528 644 2579
84 465 7151
489 289 2158
475 734 5722
349 252 9105
634 3 2156
46 350 5490
591 98 7775
524 36 704
107 291 5099
661 112 2039
170 616 9006
30 1 9986
718 600 2835
333 223 2191
123 197 8025
46 389 3100
204 177 631
405 442 1533
732 238 7541
761 100 1954
315 763 6834
460 136 5416
365 590 2231
473 554 7647
66 678 5563
572 213 9626
341 576 3699
333 762 8003
209 353 9940
787 452 62
398 433 5934
668 662 3647
404 333 2806
28 91 3453
35 182 7068
335 278 110
106 5 5806
444 527 9088
564 373 4153
213 535 8322
661 302 9167
566 74 4200
157 95 5684
766 289 5614
320 659 9617
547 415 8434
387 303 5270
538 606 1821
334 87 1320
102 145 2769
19 580 9825
526 497 1758
311 601 3443
698 493 8537
439 606 7489
535 323 8355
769 230 7249
408 634 5538
702 561 6860
445 198 8160
459 472 8700
33 695 3118
633 533 3812
220 446 1775
403 638 920
282 364 7088
140 654 7323
240 99 5872
217 506 9655
170 169 1982
147 167 1624
9 41 6538
608 222 4618
159 160 1303
309 549 8226
39 409 5670
14 115 1960
247 113 2647
485 422 6167
769 576 6070
635 725 5407
323 595 4766
234 413 4291
766 595 8842
546 304 1966
178 141 5775
99 380 241
49 546 4110
195 321 2869
316 17 8067
722 561 9981
486 499 407
298 229 6499
392 124 8298
146 309 4990
645 66 9631
210 714 28
213 719 4922
400 682 6407
478 512 310
25 664 7183
598 711 2737
120 244 8876
789 132 5144
97 320 9329
523 508 2720
68 271 5024
101 251 9747
496 257 7533
381 240 8907
464 664 4891
105 791 7196
589 675 5298
211 188 2510
442 549 443
794 552 8526
587 224 449
441 498 2625
480 196 4670
39 764 2876
568 489 1103
223 733 4692
204 152 1969
385 489 123
187 602 2702
658 120 3422
782 603 4562
491 376 2503
552 682 7710
683 409 6186
53 89 1470
487 198 6797
289 309 2603
659 745 6909
97 484 3770
189 359 4199
416 355 3253
547 768 7500
225 467 2501
46 21 4429
735 373 909
657 371 3180
376 616 7638
279 765 1518
168 109 2444
155 472 4725
61 701 4575
229 109 1124
425 523 2259
214 510 8107
119 411 3087
215 143 5353
776 333 1513
157 784 7293
388 172 9038
164 126 3954
380 100 6392
674 25 3012
390 305 9138
525 771 1912
770 687 2186
315 38 8384
250 12 837
306 737 2261
20 513 311
669 594 9330
460 27 1994
76 617 9584
167 757 2126
797 208 9237
267 539 2910
15 642 3238
85 731 6834
674 346 2919
71 302 4658
548 578 4901
561 244 9824
571 312 6001
301 91 3280
487 495 2942
193 101 5238
535 23 5467
643 203 6046
679 489 9987
521 413 5186
429 102 1618
569 160 4450
436 709 6352
58 491 5760
793 418 6017
256 609 884
561 521 1065
429 355 2505
752 772 8958
525 291 1968
444 51 8891
151 614 620
744 292 6561
309 142 3422
589 718 8919
617 111 146
571 403 8363
165 717 4283
460 315 2335
136 725 5049
533 6 8060
343 703 8573
746 165 2833
447 476 3422
684 107 3364
40 608 1367
428 594 2242
345 469 7032
555 98 1149
437 258 4256
312 582 9608
654 315 4929
311 250 6093
607 156 5400
545 720 1110
543 231 153
84 694 9807
280 661 3122
641 686 6652
44 108 8732
537 363 7404
404 622 2316
798 64 4534
65 131 1427
431 556 8809
323 563 2178
395 216 2685
461 202 8562
348 766 7348
783 467 9309
125 566 342
182 650 2703
765 228 2504
314 227 5793
418 619 7235
83 639 6857
766 640 9084
215 18 2214
645 734 7035
589 563 4962
507 71 2475
78 44 4189
507 4 9684
113 762 3682
568 452 9695
526 330 5721
362 634 2548
249 458 5194
773 231 9292
291 756 5526
585 305 8066
112 179 5447
442 400 619
777 435 9255
45 253 1693
748 193 6484
558 617 3273
126 324 366
750 715 6714
374 298 1314
161 56 1992
337 118 8367
425 238 853
324 497 5282
612 112 2781
472 63 6822
664 416 4815
476 285 2797
324 561 9733
542 222 8965
91 699 7897
632 160 2192
765 331 1892
274 236 2648
307 731 3923
672 281 73
766 2 6057
197 423 6252
445 254 7240
719 788 2409
200 307 7119
322 539 9851
433 730 6505
41 767 4780
521 323 4260
323 149 772
560 349 2547
349 685 8420
642 33 5505
107 541 262
746 71 9932
659 725 5110
325 578 1446
541 660 7739
672 381 6734
37 393 4354
613 18 1682
79 182 3116
36 352 430
517 108 4428
447 199 2533
15 202 9353
64 475 2375
578 684 7725
342 540 5338
404 534 4806
279 313 4912
409 728 6167
362 191 8317
424 210 3781
53 612 2195
527 349 282
42 770 1868
509 779 661
614 773 9882
85 535 1479
122 113 4464
31 245 8877
611 128 992
90 160 3865
310 98 862
707 381 4336
472 456 4669
267 31 5227
721 287 8025
427 160 9895
334 83 3594
407 15 9766
274 557 5553
644 153 5106
76 485 9842
596 728 8775
41 530 7305
425 113 2456
56 34 5623
64 571 6893
63 565 6124
185 493 9285
646 243 1018
245 356 8480
161 140 6223
52 476 4047
10 542 5086
474 687 1285
285 650 8831
371 237 5273
252 157 9196
753 720 1142
608 328 9267
309 357 3146
114 57 3207
205 261 2930
628 523 4350
447 317 6586
295 767 2841
270 319 9823
315 249 7828
8 264 2359
356 769 5482
531 411 5600
596 200 8099
279 625 1015
680 651 8968
29 511 8938
782 279 557
418 227 6696
623 597 2982
771 392 256
195 235 8617
132 205 5720
489 281 1022
703 166 2945
593 727 7090
699 20 5756
600 717 7932
236 417 5961
321 438 4514
177 73 1885
605 570 4524
360 672 9530
216 725 8142
324 453 7875
793 152 6814
121 631 9838
496 75 6851
458 275 1585
761 277 5074
319 547 2599
750 288 3054
509 595 7236
215 372 1548
125 751 3095
520 197 7387
714 329 747
415 559 8622
760 758 7070
625 591 4697
92 220 9882
169 767 6765
629 464 3339
140 532 2741
26 235 8432
515 558 3015
514 89 2289
651 675 9242
114 53 8106
92 36 4972
274 225 9913
644 711 7366
225 559 4624
84 149 3832
761 348 4798
578 371 5216
730 67 2654
550 322 1565
304 309 5544
403 767 3788
32 333 3290
583 342 4560
409 145 5332
121 668 230
665 740 3509
104 432 4711
323 59 6976
711 800 6561
31 436 7574
49 23 2558
101 258 7815
69 276 2969
59 740 4381
71 648 6533
258 711 7017
671 761 6706
183 21 579
291 44 6808
255 11 3179
690 655 767
570 391 5673
97 702 7104
784 28 1652
630 518 7499
412 743 2340
161 704 1999
700 190 1828
431 450 8449
49 507 4900
125 252 6463
60 294 9443
571 162 9116
528 345 8892
457 221 7068
406 200 675
792 642 1542
706 193 8400
442 708 3885
25 728 1179
398 563 939
99 152 2126
607 167 3890
69 652 6632
670 508 4412
158 124 8912
146 82 6676
123 174 6545
758 535 1798
0 47
0 98
0 14
0 101
0 85
0 73
0 1
0 94
0 88
1 167 315 9596 50
0 45
0 100
0 56
0 16
0 48
0 61
0 68
0 92
0 7
0 93
0 28
0 95
1 472 46 7759 31
1 457 426 3554 37
0 44
0 35
0 51
0 65
1 506 421 7948 49
1 417 440 3819 90
1 197 198 8259 83
0 64
0 66
0 57
1 487 587 8576 81
0 78
1 101 728 1144 79
0 59
0 29
0 33
1 697 582 9131 71
0 4
0 43
0 76
1 37 688 3157 38
1 64 343 5838 72
0 77
0 80
0 62
0 34
0 53
0 82
1 331 291 2713 22
1 539 234 7286 99
0 15
0 17
1 295 116 9672 24
0 84
1 303 797 9946 27
1 441 173 3320 60
0 32
0 89
0 75
0 9
1 74 24 7010 87
0 91
0 40
1 302 141 4206 42
1 691 283 7599 54
0 23
0 46
0 19
1 149 754 508 20
1 485 106 5110 39
1 486 218 6387 63
1 524 699 2829 18
1 578 448 9580 97
0 6
1 393 14 2174 55
0 3
1 650 501 3847 74
0 25
0 69
0 70
1 749 734 8358 52
1 12 497 721 11
0 13
0 30
1 435 224 6167 21
0 2
0 26
1 754 710 8095 36
1 164 568 7342 41
0 5
0 58
1 161 480 8310 67
0 96
0 12
0 86
1 20 551 517 8
0 10
