2600 2600 341
916 409 3278
2002 383 3916
2224 480 1744
1931 1699 7245
920 2557 8742
634 1489 6359
1215 767 8539
2549 23 344
186 1460 2438
37 1671 8244
1016 638 4640
1693 1056 1425
1660 572 4210
233 1503 6346
2138 316 7427
937 2225 7521
2162 216 5655
603 1020 3556
1427 505 5080
1632 1000 8827
682 325 8252
1206 2049 6888
1059 2353 5115
2519 691 1329
2036 122 4287
1875 83 5949
1652 235 4628
243 1147 7024
1604 602 4644
988 1282 9187
2093 2203 7266
2023 2559 3374
412 12 2184
1090 1893 4995
2493 2460 1815
17 335 7457
57 1606 8203
2259 1833 1887
2001 801 2943
1227 361 24
2070 337 8180
568 1816 8098
709 1154 6586
1355 1884 7764
2410 1371 4246
78 830 1807
1525 1434 8944
25 1406 1904
402 2416 2762
2435 25 7259
2450 1567 530
66 931 5817
567 2377 4177
1511 719 3186
2132 1832 964
226 1338 651
2396 1282 4551
1512 1912 6528
949 1377 2190
2000 2299 1325
1077 784 5053
1424 2076 6780
222 1574 5184
1541 2044 9884
429 2136 4275
1292 2187 220
2489 2543 1889
292 1599 123
1373 1505 6459
1072 116 8388
345 943 5964
784 1877 544
1699 35 6958
1193 603 1840
1349 1117 3844
1667 867 2392
1803 528 3296
1101 2006 8018
2206 134 9961
1531 1992 3066
1169 634 1370
1721 1016 4646
1707 1158 5438
818 1504 8627
451 648 3024
2239 1858 218
793 109 1557
1188 535 3559
2241 637 3365
1348 550 7097
1073 2178 4412
2353 565 2353
1085 1832 6488
2335 2517 4203
1942 1352 321
255 436 6057
2471 400 9724
2566 1293 1708
904 1715 1374
309 2487 5012
2406 2217 8546
2293 354 6602
515 2538 2327
826 1925 2674
590 605 3826
1294 1909 8035
2324 1349 6386
343 695 6016
1229 487 5694
1211 590 8621
1902 310 1683
400 1332 6059
2320 1688 7463
430 661 4676
1012 2201 2798
2595 1285 8194
1684 85 5349
1194 845 3384
1546 1526 7967
2470 1422 1956
2481 729 9854
15 663 9329
795 2244 8007
1645 1196 9363
752 2499 2070
1387 964 9104
1649 1730 2467
1569 1692 3827
1833 34 6361
1904 1032 2721
326 1704 604
2466 478 1464
2283 1641 1932
1691 467 6168
1552 1189 9646
1079 717 2546
886 1802 8423
2422 823 6350
99 2197 3935
900 2046 6273
781 1883 1431
2355 2346 6983
192 1635 6622
19 669 1333
98 74 8871
711 1535 3852
275 1580 8679
2080 2364 142
227 1973 9844
661 242 2073
900 593 8547
1078 1616 1587
671 703 7050
1223 1908 7416
2207 2437 8040
90 1371 1200
1718 224 9885
28 340 7716
293 139 4199
865 1840 443
1266 67 233
1406 2228 3962
1567 2177 2498
2326 1706 4036
80 2506 1526
969 1531 3329
1380 978 1309
1312 2543 1244
2274 1061 1231
2168 1121 1576
1225 1944 1524
439 2460 9503
252 2600 6824
399 452 6730
1889 1297 8161
1566 1211 220
606 2236 159
383 1209 2663
987 2508 8706
1807 404 361
2044 1395 8663
219 334 5011
1851 2228 7132
625 2149 723
241 1511 6379
1670 2355 2599
1319 287 8720
2408 365 8671
1226 1094 4403
1147 1245 416
2510 1533 4276
2231 2572 6188
1757 2541 15
1176 2441 1010
759 237 346
629 723 8819
824 601 7449
555 2543 6325
965 2523 4277
402 789 3205
1593 2594 3680
2537 2004 6379
757 34 6044
1511 618 5
558 2486 1337
2571 864 2039
1464 2465 3616
1551 1068 8004
2048 460 2652
1088 2187 7260
1264 627 1585
1842 1356 7971
1325 895 6526
204 881 6433
221 2600 712
937 1694 6702
1572 702 4502
1354 1396 6689
493 1706 4105
1714 1906 1136
1607 982 1219
2585 1829 1714
905 2582 3162
745 554 9898
819 908 9047
379 1445 2546
2358 788 2054
1217 686 1036
1018 2152 8277
2338 2277 2575
1436 1519 7244
408 622 3614
2251 1546 2760
619 990 4489
179 921 9666
1942 727 2080
1340 940 4535
1931 108 6794
461 883 2332
4 2314 5218
1804 1786 8805
2517 1606 8793
1338 448 2710
1214 1566 1878
2257 1982 791
1954 1767 1088
2444 172 430
1278 291 4225
527 1758 7798
1923 664 7075
2436 363 3420
1316 1686 7823
2166 429 9844
398 2464 9147
68 2308 4059
1333 1007 3349
1009 1325 7712
71 1758 7579
1355 1918 183
1532 280 4685
1368 658 5696
2561 123 9501
1438 845 2012
2262 407 6807
1668 1791 3668
1126 1110 7792
61 624 9469
1695 1905 936
1866 1971 4228
389 304 5425
846 1415 9814
471 629 7565
352 82 164
1184 631 6923
718 1355 6268
711 286 4758
222 374 2824
1668 2106 5909
2135 580 9140
2529 1046 4648
1523 1565 6669
2062 1956 1172
1673 2352 2211
2549 2338 958
1089 1905 4445
717 2164 4316
1657 1267 5790
1989 317 6870
988 2178 3855
359 2087 4274
1413 1200 2111
1807 1544 1661
2124 1458 4511
587 1352 9139
1567 2308 7669
2166 2422 2463
1195 2595 3538
506 859 6277
58 1168 1281
1851 743 4192
2538 958 6195
418 90 3805
1250 2240 6718
934 1907 408
2450 850 9851
2249 1662 204
2585 1742 5507
2366 116 2996
521 822 129
1693 1021 8295
1946 2536 3199
621 1730 5
1336 717 4939
1144 583 7725
1927 354 7339
1560 1278 3377
964 81 1021
1166 1171 5572
1663 791 1683
152 1303 2925
1620 1643 5763
77 1000 671
1608 2047 4227
1366 1027 7061
2318 1972 5115
1867 2074 4300
2166 1410 2747
478 2253 1487
618 907 523
1662 2179 3311
725 188 6911
666 2304 5249
1883 159 7168
2233 756 1344
272 229 8034
2265 2249 6746
798 1136 3380
133 118 1947
1448 1563 1032
1065 2478 1974
1245 662 6794
1615 320 3211
804 1450 1728
2345 251 9687
2348 824 5492
1258 597 4764
2332 678 8802
893 1068 5227
2494 355 6981
1979 2299 4884
538 1132 5534
421 811 4831
1077 748 5881
965 128 1201
1739 995 5334
1650 714 9901
2494 518 6570
1866 197 2222
2551 1722 9283
1256 270 5618
2227 327 1788
316 2078 3687
641 2527 1086
1273 688 9250
2159 628 4502
1542 652 1539
1855 2070 6545
2524 62 3325
1326 141 8956
496 1641 8909
474 913 293
1170 857 6062
1727 1529 7158
1081 825 7081
1216 1749 1375
398 1658 1527
797 2025 6863
2421 1210 9843
2281 1010 5075
2214 1400 830
1530 440 7144
1129 598 2931
563 1681 8868
2083 2253 9269
1391 2099 9870
588 1091 2274
394 754 2248
488 2 3084
1153 2041 7706
2140 428 5646
2557 908 9811
715 582 3711
343 873 6226
2189 2017 6782
1297 832 1630
183 827 3634
2266 1595 6522
1174 193 8628
49 2135 3291
793 1849 8732
257 1288 7914
2576 13 8762
163 1777 4510
1366 1985 678
1525 1404 767
899 1419 3494
503 1772 4835
1138 1187 8179
1082 1889 915
1559 1169 1470
571 1709 8994
2592 1968 1744
1552 1483 3090
1178 803 1193
1084 210 1235
1934 2561 5605
1275 1673 1098
711 1152 7063
1350 479 1425
2372 1728 9996
815 796 8994
2419 1125 9051
2583 2457 6580
1127 2444 6236
1268 684 9246
672 1083 3041
1776 2095 3181
1927 1969 873
481 1898 6664
1038 916 4155
1110 2219 2618
2433 713 1028
2135 2568 6991
2485 1438 2657
1137 1247 1808
1707 1808 6759
251 1641 1378
2083 1412 9842
1789 2090 9016
2255 1109 4812
2594 838 3260
1350 271 4784
1874 2365 9916
92 1591 1911
1329 107 4356
1510 1434 2871
2240 1113 4610
315 166 6024
1654 546 7071
584 1934 2510
2366 1737 5075
373 2008 7377
2413 821 7809
639 269 1929
1439 2002 6058
366 1782 2923
110 2226 450
1244 654 6134
784 1631 5972
2167 2092 1102
2476 2412 2402
1169 2245 4812
1336 306 2075
1947 2509 4133
2144 553 7002
902 1503 900
1552 627 3854
1961 1799 4859
853 98 6388
914 1049 1762
2404 367 611
1507 428 7334
31 351 892
249 562 5146
1707 62 9384
809 521 3866
1609 1324 6090
183 1419 7784
403 381 1163
1859 1358 8200
1576 2393 8539
388 773 421
1376 860 893
776 169 3322
2500 1230 3313
2435 2283 1871
472 1856 3181
1575 1051 4520
2207 2457 8034
869 660 5998
132 1562 2034
99 266 6254
2257 168 7166
152 406 1538
309 1298 3919
210 2255 6483
1888 1341 5208
1661 2464 3080
30 879 325
1046 807 7703
1598 70 6129
257 1273 9591
341 1476 5594
1949 2538 7684
2046 1869 732
380 1986 5430
1860 2392 1841
1210 58 9367
2168 888 1002
2024 2234 228
220 268 3077
1852 1204 4426
641 1137 9978
965 1945 6779
1454 1731 3004
1485 595 774
1027 1030 8094
918 1134 2437
256 77 2262
1424 1304 7785
565 2218 9638
1182 952 9038
1648 1162 9924
147 1381 7141
213 1697 4380
845 1389 5853
1326 1427 4277
943 1887 742
604 2113 1612
1473 1632 5875
666 785 4806
355 455 4394
2134 2460 5524
1672 2164 6572
2470 28 5532
1852 1285 8565
2529 2365 671
2321 331 228
704 1867 7922
323 2194 728
1822 36 7745
361 1941 6850
1126 2579 7428
1933 1389 2714
2285 1655 1266
1277 2065 7740
727 730 1472
2534 2530 2458
1782 2212 5981
1673 2068 4526
547 2094 9955
1895 2587 5076
1858 1522 1029
817 2227 318
1808 1811 3759
1389 880 3431
203 1017 6945
2053 2173 6068
293 2015 9177
325 2080 8090
662 316 8316
1519 428 5874
1463 2042 4546
766 2122 9152
1238 2193 1858
1134 2423 5462
476 1935 8992
563 596 804
1632 1350 3341
634 540 4470
1811 62 5309
391 650 1120
1765 203 9421
2153 2453 6972
1707 136 1924
1219 25 1736
1242 1788 8005
332 1625 9827
1982 968 4378
1290 1611 7074
1995 207 4302
2067 2114 4288
12 1885 7141
369 256 4279
1065 2495 9692
713 644 5498
1490 2053 2503
779 1881 2484
853 1628 153
1303 1975 6654
2469 1419 3550
1655 91 4241
1299 918 2937
1127 2208 9646
479 1594 8191
516 1154 3586
2073 1247 6535
1811 1344 4211
1103 2307 6648
117 1620 1868
2470 598 7706
2489 205 3368
653 1778 6640
256 539 4616
2368 566 6632
2126 1566 9057
2371 211 8995
143 1368 193
1676 1125 9790
1897 663 2463
2133 2029 2192
772 1222 6649
586 858 5221
898 672 6800
1977 393 3476
610 618 1482
489 1922 1635
2007 927 4653
873 1211 1302
1196 708 52
160 140 1822
711 1276 805
167 2106 3410
882 1390 778
1301 1068 4191
526 473 4401
397 1678 6205
2356 1614 2794
126 589 866
987 1294 4236
2586 2366 4032
2237 754 6908
2272 73 4031
2386 2060 2969
1041 1761 7408
2544 1060 5660
1496 1193 4863
1680 1054 9771
1712 1822 8886
1226 687 4157
1919 105 5071
1449 1104 8247
1197 2340 5248
2186 352 3053
81 396 8815
1894 2591 6057
2592 2107 2336
2399 1151 6995
907 128 5517
2442 330 9023
1614 565 3678
1341 2101 3967
2423 485 302
1032 2178 61
2355 1746 5178
599 1336 7386
1679 845 5818
1998 2372 5349
1646 861 9147
2019 1516 6952
652 1247 1153
723 306 1811
2473 544 9601
893 1114 2960
2472 959 8548
2154 1385 3893
886 326 4885
585 1941 1649
2531 1536 557
1941 1273 7663
1201 1836 747
1170 738 9752
1827 417 8743
2236 2309 4575
378 1927 8538
1664 360 7531
1155 1648 4768
2498 1672 8505
1818 287 2204
1839 432 6810
1749 1986 206
717 835 6479
1583 1368 620
2524 111 8677
2571 1666 3275
282 1009 5586
303 2135 7512
2551 306 4523
1178 2198 2620
877 1450 8339
124 1162 3026
994 1572 6253
1880 518 9289
2404 1245 4819
2078 709 3948
790 1658 4796
791 2271 7785
808 1436 8346
1122 1682 9800
324 2066 3124
1699 1821 1090
1915 700 2722
250 2396 4813
819 642 7616
802 1091 8874
2582 1695 9826
128 771 6275
943 2273 5311
2189 1929 6207
932 1144 4220
950 859 5507
187 92 4559
2481 1698 9444
7 1583 1331
2595 146 4656
2391 1414 3778
1791 178 6658
302 2174 6406
805 2529 7072
290 145 7332
2315 2092 6921
2174 1518 6049
1572 2071 4787
225 2007 2918
1580 1024 7507
423 941 6462
408 1766 7191
2023 1080 8198
1563 2561 2067
222 455 1525
2410 1893 404
2306 1947 3973
1226 2407 7585
461 1567 8618
1840 2155 3566
261 2082 4312
1694 370 6978
427 2487 1456
1276 1596 5096
2400 626 4733
1425 1281 2835
1428 1796 4407
2321 2552 3371
308 1778 6427
127 1386 5218
298 351 1569
953 148 55
796 516 7489
1606 1811 6536
2582 880 5932
1214 384 471
123 686 8582
561 1880 1811
1149 1624 5603
2363 429 5698
357 444 7331
2508 1251 3354
2040 552 7935
26 736 709
2426 1523 8264
2268 1553 8642
2549 2352 2853
851 1352 7894
1848 312 9036
1801 2532 1840
815 767 2140
1604 858 1091
1356 2495 238
603 1207 7701
2012 688 1522
78 1730 133
588 405 7451
1899 1575 5056
2255 2268 9672
2154 358 6725
1124 2292 1867
54 1888 6721
1983 491 1893
1188 748 7850
1146 1095 5486
1070 925 6161
1811 2365 9797
1419 1846 2848
1148 631 9003
1449 2432 7975
536 1423 4461
1253 748 8176
685 2452 9690
424 264 6378
95 2094 2985
2499 438 7895
1453 1132 6347
1643 2204 5226
2073 1005 9649
983 1330 1989
392 881 2249
2302 1674 2678
1285 1371 5941
202 297 934
310 2567 47
698 511 6714
2538 499 1271
1173 667 6008
1145 2070 7649
2233 2034 8796
1440 1126 7664
614 252 8864
1405 589 9808
364 1521 3714
1618 166 8005
863 1767 5696
202 2269 7663
13 1423 3302
1504 1122 8775
2313 245 8709
357 1276 7277
209 390 2067
376 1444 8766
2389 1893 2955
961 2383 2324
1837 1674 5061
1353 834 617
325 1146 2069
821 1424 5151
176 1126 3611
2345 1659 9544
1152 2443 5405
1264 2426 7855
4 227 6827
659 1047 9961
2334 1823 7651
1589 202 208
1072 1259 1113
2201 783 964
1395 1351 5796
1793 310 3581
326 59 4587
1247 2514 4911
849 46 6545
1571 667 1139
1360 2229 8537
560 729 6321
477 1627 4335
1220 1851 2265
1594 1077 3322
1377 2009 6192
2349 1212 6527
286 1478 3495
1288 816 6675
2292 1781 703
62 2511 8612
1582 420 7733
2387 1755 5225
2240 1731 6269
1867 126 9975
240 849 8457
1865 2079 866
281 126 4020
845 2283 11
2220 1588 7139
313 1639 17
236 1812 6660
789 1323 1085
1472 2186 4910
321 851 1693
1034 286 9717
1619 1732 3638
635 2090 4171
699 1109 6258
229 318 3787
1836 1003 7282
686 1519 7993
821 1065 2529
873 2061 5637
2309 1211 6892
1366 1873 3466
430 1821 9034
362 1177 554
1851 2327 5741
1127 1232 5848
319 1840 4024
1727 677 420
510 1386 1291
2166 2395 6486
820 2391 1782
1432 2577 9696
905 2484 2145
1897 632 3248
1822 2137 5169
252 1146 1227
2366 2392 8010
1534 971 580
1350 2003 2141
223 1576 156
1355 1700 8223
413 417 5512
2223 2199 6327
1438 300 3616
2499 2101 8677
1943 1213 480
2300 1029 5110
1412 202 9423
506 1957 3680
2112 13 6693
2405 831 3574
841 1032 4221
2075 1983 3081
976 675 1972
1183 2269 50
1868 1991 6893
167 217 698
289 2548 4971
1475 1796 5946
2422 219 3718
1704 1130 2333
2545 831 4891
1461 1555 7337
1402 939 140
1696 1253 3452
2430 2172 804
2338 2177 3483
1623 2173 2477
874 750 3401
650 740 3405
1663 250 5020
543 1699 6921
2150 1725 5844
419 1877 7809
696 622 8734
1690 320 3638
1311 2480 683
99 1632 5393
2435 1432 370
2563 231 4694
452 584 6505
2363 1941 9689
1779 2326 3745
266 1597 1170
1308 1615 4576
1518 1265 5991
728 2325 7415
916 655 7112
1580 1741 5314
268 2050 9674
478 1961 9806
40 747 3474
82 2414 6941
884 65 1750
1836 197 1266
825 1557 3020
863 660 5948
390 17 9196
279 494 1688
82 1585 3835
844 430 9671
1571 2391 6050
196 1580 3570
1952 2105 6332
520 29 7252
2105 416 3425
628 1345 2329
523 1498 4588
1960 1933 6916
1089 2328 6300
500 1599 945
834 590 5101
273 1819 2716
522 943 4550
1632 1481 3951
811 19 7554
1198 142 4817
1228 224 9121
182 2193 5368
262 758 4088
328 903 6451
1015 1012 8151
98 2237 421
136 2499 6640
2062 860 4062
1756 993 2797
1039 361 5412
962 2150 992
248 761 7286
1181 1632 723
1383 1936 6439
1412 1238 1835
349 2092 2245
2263 243 310
1665 999 4600
1630 1253 9451
1179 804 7930
2429 2449 9612
523 1387 1083
2482 1505 3452
457 1775 8441
689 1073 4435
1316 35 7537
1211 1184 3025
774 597 5373
1126 1262 5307
2209 813 1102
1816 1692 6641
982 1149 6683
254 428 2437
2176 2026 5278
1102 518 4790
131 1092 8703
193 838 2700
1266 1733 2603
1666 495 7468
32 2166 7132
741 1688 4295
443 1921 7725
1887 791 7405
520 759 1132
2370 1992 6111
187 73 9355
524 655 9425
2128 592 9576
1378 970 6847
2242 828 5319
55 258 889
1358 2171 5807
2268 1847 1563
2394 2517 857
2248 120 9179
1626 2361 7528
1524 1532 6257
1136 914 3639
1219 2147 8579
129 466 9839
1963 991 6686
152 371 4042
989 132 4406
79 2272 739
1919 2240 7665
1666 14 1612
2542 1094 2319
1528 2217 2226
874 2554 7120
799 854 2853
307 661 2839
2441 2436 6366
245 1168 5820
2551 2368 5120
2107 1026 9805
804 1920 4389
340 1890 9256
2436 877 1231
987 2369 6328
1888 397 8345
1662 2502 5185
993 1012 9293
2560 1423 7414
33 1169 7057
1539 2297 4322
1322 1035 5825
2250 1847 3777
1833 329 5346
595 566 7873
2572 1328 8353
1771 124 4938
620 351 7667
1558 1768 3690
2128 1531 6783
1156 1345 5128
1028 1801 7173
63 1597 8965
635 1643 8980
289 900 167
140 2351 145
1274 776 1324
1424 479 8854
130 2196 8610
1295 2333 7585
1973 557 93
1496 1818 4959
342 2029 9831
1862 1856 7519
2282 2374 8491
1221 1507 3589
253 562 7915
1559 1896 8520
2156 693 2405
343 2170 548
703 1753 8385
1943 2091 1401
2431 1206 385
788 1750 4961
55 210 4840
8 2275 1410
812 993 1581
576 1592 2689
293 310 2469
1588 2030 9169
2590 1502 4067
2091 1034 3066
598 1746 6073
624 287 6616
394 1185 2868
2065 2002 1280
2548 192 4863
2224 454 1934
359 911 3867
1967 181 9192
2382 1766 9183
1209 1121 1532
31 2593 4139
1425 2578 4508
869 319 9310
706 13 6176
1504 54 4762
1433 831 5083
1086 1328 2755
1362 2130 9820
1501 105 5714
2223 53 7476
1246 902 5110
802 1111 7497
1363 1380 465
2198 2003 2477
854 1662 8756
1768 246 7438
1588 2077 1738
2039 1788 2645
650 2282 7196
2156 1002 123
61 2437 6252
2388 2392 6647
1270 1813 1859
204 1777 7817
750 2589 449
1515 2184 5860
2166 1397 1432
324 1433 8335
2544 613 6204
2492 975 9591
978 994 9283
643 2220 9169
1194 528 668
985 202 283
1154 1018 9517
2124 1655 4424
2552 1047 5176
1487 500 5293
334 1902 1376
2079 1547 8060
404 1422 3696
1122 1202 3115
1180 519 6967
429 1530 2522
126 1183 2052
2295 2312 7998
695 2385 6535
1411 1936 5119
2568 2175 9137
1215 759 3289
1896 1280 3819
1656 1982 2232
1953 1821 623
417 2390 1768
814 2055 8430
962 1344 246
1702 1650 2786
1180 502 2027
1679 1242 6045
778 2427 9032
570 777 6639
733 788 224
2555 1907 3455
2112 2344 5829
1681 1534 4915
1863 2111 904
1544 1627 3456
1973 1729 7988
986 2347 5627
784 1268 184
461 1841 9244
1168 2362 343
351 2596 4040
2037 2465 1951
887 1150 1239
103 632 9060
1902 2347 9816
2255 1067 6643
941 260 5050
104 1978 6823
711 2040 9055
1106 1199 8069
516 1464 4326
2242 2474 1955
1475 1809 1439
2539 1856 8313
1295 1441 2220
549 2012 8824
1585 527 2246
866 1623 8006
2157 999 5263
1835 489 3682
775 650 7608
867 2291 3299
1118 673 4253
1445 1724 4438
1008 81 4136
568 2234 2488
1669 1492 9137
1058 993 826
2347 1868 9513
2176 1056 939
1298 203 4857
1426 586 5121
192 636 8991
979 1909 3257
1659 44 8546
2511 2266 7882
1490 1026 8912
848 1399 4247
1910 2533 5854
1596 1924 9504
2552 404 2498
1228 417 6868
1400 1297 1856
1502 1719 8846
1829 2256 3935
171 1004 3287
1456 185 3190
74 143 9966
318 1624 7667
423 161 6285
2162 421 1006
1343 1997 8866
1012 469 2258
380 1431 2352
1326 875 3060
1181 829 3270
763 1192 6098
1027 2498 4814
2408 532 524
436 582 2988
1141 946 6464
2179 582 7035
1938 1205 1843
672 2043 7326
1843 1014 1698
2474 2117 3471
1733 1992 3788
1426 2509 8013
269 1324 6726
204 462 421
1086 1661 3359
5 2382 4030
111 659 2014
1350 2508 6481
578 1852 1093
468 1695 2459
2176 2234 842
1444 462 6050
716 1420 5848
1773 216 1044
151 614 4388
1254 344 7286
2145 1598 8948
1849 2212 8813
2494 440 3960
2155 771 9190
917 1259 6343
868 1849 8358
1351 2338 3282
1312 1204 5568
176 1920 2038
1224 1933 5107
2233 1969 1476
2291 880 3973
1520 1206 1842
1632 2155 6449
2565 1860 6001
1767 1612 6552
1886 543 6163
2203 394 6285
935 2054 2098
1282 1567 3758
2107 1434 3648
982 1329 2176
2285 2375 7996
2390 1945 1906
1091 1523 2416
1822 467 8823
2575 871 1400
2578 296 865
1639 928 4630
2327 199 747
2067 2243 4380
303 751 7937
654 1262 7218
2253 1417 1315
2326 2348 7053
2408 5 758
2073 14 8276
453 104 6292
1696 277 8980
1350 135 6381
341 2556 1135
1377 354 292
1492 1970 1683
1980 1296 6482
2071 1908 8564
2533 1660 5172
1559 635 9610
2559 905 6423
14 1381 1767
264 1922 8218
1806 1448 5600
1065 730 8109
1738 869 9824
2029 1206 8266
2404 1142 7661
1868 2135 6313
191 1091 8302
1511 468 2927
935 232 9919
2171 1039 9947
2031 259 8383
451 1990 6015
1781 2109 4937
1939 742 9738
2085 488 8745
1732 1769 8617
611 458 9330
2573 1187 310
2132 1297 8146
1018 9 4624
2550 1049 8867
1343 1435 7654
2428 2156 8567
2217 939 3524
1431 2244 3142
684 1910 6028
1654 644 9496
1865 2127 1412
2281 175 1965
2054 1502 3561
1314 1026 3330
2536 2325 8280
2268 2180 4459
2341 2397 6357
2338 1619 2942
1749 2583 3502
891 974 9278
572 32 368
1692 1965 1164
1050 227 7359
1964 663 3363
1769 2098 8376
324 301 7704
1122 2273 5640
2437 2092 3484
695 1166 8992
594 1850 7325
388 52 8800
1318 2536 413
1961 506 4935
1073 2217 3417
967 71 41
2078 96 231
251 1471 1968
2023 527 506
906 1826 7583
1895 1706 8884
339 923 776
1682 434 2380
2127 2373 24
2478 269 1408
1088 479 9728
989 1110 8271
1730 1241 1292
2030 1358 300
2100 898 603
2416 893 6022
2017 148 421
2424 1812 2301
1316 1854 4303
1863 910 5160
485 1233 2043
1542 2258 6838
3 2498 2448
1546 819 2877
227 919 8937
1852 2050 101
839 1877 4421
1652 2242 4406
114 530 1821
26 1794 2358
2161 1973 3845
2341 543 3385
2417 1112 2346
1820 960 4410
1601 44 8179
506 1449 5908
1758 606 4308
1062 1825 972
1190 2434 4850
1458 430 1626
387 2507 7816
1904 2384 6819
355 2137 9979
1129 73 3469
2309 2591 2100
2356 2332 9835
491 2560 5133
133 1892 4427
915 1547 8109
2186 1399 331
2284 1418 7787
1102 2262 4886
656 507 4595
1566 2402 5799
832 1365 5375
1314 295 7753
1911 1891 9836
2086 2041 2466
1061 443 4703
1603 1462 1658
1075 1958 6840
1660 59 3360
1375 2323 695
1076 2376 7606
941 1982 2327
2311 1174 1794
2026 1799 6591
2056 203 6726
835 883 6462
136 476 472
682 807 2204
1006 952 6944
1076 1629 1372
1251 337 9506
1121 1272 4924
1300 1441 6884
431 920 6539
2150 104 9364
2159 1541 8668
173 1940 7576
1117 1831 1604
1186 1291 3289
349 704 147
1839 1122 8081
1426 646 3521
330 177 569
1880 505 790
298 317 1004
1486 1073 6868
1271 485 2889
241 313 6642
413 1466 8996
2191 1743 7100
2424 1827 7800
1208 1184 9170
631 1914 3078
884 1206 4045
688 1686 6726
1313 390 5609
1240 144 4240
2353 1052 860
585 1066 692
756 1175 5209
2310 2147 1736
339 140 8362
1683 1614 8224
1258 1467 4860
420 2200 5292
580 2435 4669
928 1558 9512
2336 1811 412
2311 1817 7851
2058 353 5027
1314 1034 1507
483 2230 8657
1678 1988 1709
383 290 3742
1658 1785 4899
1664 187 3025
2267 1793 6440
1847 353 1177
345 499 9790
1998 2229 8761
1181 1612 204
909 1546 752
1924 1357 9306
522 2130 7089
1664 1564 526
188 51 6559
478 2402 3930
2565 2470 4672
612 1858 6282
1633 536 5728
1111 167 5351
865 1612 5414
2286 1643 338
1502 938 7079
1547 1212 59
1737 2477 758
2526 1212 8029
1761 840 6063
62 1386 1250
2297 664 2031
2109 1387 1080
572 926 5583
1232 1142 3633
2349 2071 7916
2498 909 6320
2103 1017 2128
2257 1662 2042
521 978 7091
1184 2407 7102
2048 2190 1780
372 2277 8405
1504 999 3719
461 857 6667
1664 761 6995
418 1754 7572
1508 343 2816
246 815 3566
1545 2170 921
1844 1109 3516
2041 1328 1506
2144 928 6357
1338 2326 281
1920 2059 1840
365 2443 2648
1762 1621 8431
1458 335 3532
900 2220 6445
1219 571 8451
1124 565 843
1118 1207 6279
368 1411 2875
1745 1490 9424
1366 242 2679
1570 1690 9450
1180 2125 3747
415 1897 7170
168 714 5031
1685 1414 9044
676 381 8050
822 1865 5075
808 1660 3589
1490 1572 292
765 143 4427
2375 1010 9817
304 1306 3427
1586 1294 700
2071 575 9374
979 2103 7745
1347 528 9689
1475 1038 9222
2508 1447 5380
2235 1989 4157
1774 337 236
16 803 1713
1963 2068 3796
161 2138 2154
2354 2059 2262
279 1206 1676
1003 2164 6695
2407 2045 5910
1677 467 3102
1430 1530 6501
277 1123 8825
2232 1666 6915
1764 494 7191
2538 1962 898
938 45 8145
2454 2508 3052
1726 2471 8765
2143 10 5216
1376 2130 2229
1995 588 5943
789 1920 1931
102 903 3937
386 678 665
537 527 8073
1847 1752 6473
1182 124 5756
1472 199 1052
228 1167 5116
438 872 5519
1294 19 349
1139 1358 1629
2449 84 8787
1661 914 9990
689 79 522
416 1701 9897
2095 1082 2243
1629 2256 4457
303 814 4851
504 1188 2503
1500 127 4451
570 2521 2745
1243 165 5420
2131 104 2731
578 1907 8016
476 238 6035
192 1263 9975
1237 2371 5890
1535 1072 2921
1858 135 2954
687 1713 971
257 1878 1359
1854 881 164
2384 344 3562
706 1561 6983
1381 1720 9488
417 1346 7774
1989 2513 7
1165 94 1937
1024 2119 6001
394 1211 6267
1291 1909 5666
1012 2285 8857
1283 1912 2218
88 1922 2345
526 690 7357
1265 844 1048
12 1846 8020
656 928 6370
1602 1468 8474
1367 2302 344
2567 2406 1836
1946 276 8709
483 1291 8067
930 578 9107
1767 1259 123
1573 657 7551
2432 1568 7759
2490 234 5362
2062 1703 5741
1218 118 7016
1121 1119 2467
590 1271 6258
2556 1914 3983
2501 2538 2935
224 881 5246
1163 228 6210
593 562 2855
283 1280 1810
55 1025 2973
345 2259 4836
47 2477 233
1587 1680 6842
874 2010 1500
2149 441 7233
2112 1048 9640
1823 1437 8769
1400 1454 8222
549 1835 9117
1552 1940 2492
1475 2532 1952
2447 827 440
612 256 473
1822 555 8452
174 1552 854
2374 497 3928
2545 2273 8403
1684 530 8843
1748 1346 2798
1499 1371 6938
351 480 4601
1389 1796 7380
2379 13 2128
1419 1835 774
780 1138 4449
1973 426 7486
1758 588 6010
694 2474 7670
1454 2211 4745
779 1234 2037
2336 1211 8741
1507 1784 2122
221 2171 1516
1784 374 9475
561 2594 6969
2528 85 3849
696 2058 2321
1988 653 2234
693 592 8806
222 545 5124
1252 1137 7453
44 907 3737
1277 219 1341
2274 580 521
419 1605 3756
2295 739 9893
979 541 3404
918 424 6122
2464 1941 1812
2374 2424 4266
504 1359 3285
39 1079 2964
1758 2468 3032
283 70 1262
835 1498 1253
1666 867 9328
2396 909 1771
694 1162 810
2307 769 7895
1781 474 4579
2471 462 4728
1595 1842 1809
2119 2273 9805
632 1513 3575
1833 1750 7168
2379 889 3010
892 2231 3979
96 2043 263
665 238 9578
2174 2332 2991
1952 2099 8891
2386 2156 9710
1909 2280 5876
2478 1648 4694
868 743 7957
1523 1702 4356
2469 473 8645
1013 626 8156
1868 1714 9147
245 1704 7824
1534 1162 5025
1689 27 2638
662 29 132
1891 785 7343
2253 999 8280
2311 222 8749
2048 865 8340
330 2438 6570
1365 1335 854
2280 1436 7239
565 1033 7237
2005 816 5815
2345 2559 769
557 482 3080
40 935 2352
43 815 470
1686 1731 9391
244 582 5111
882 1169 1415
1518 1504 3241
1032 170 3580
200 503 1621
1505 2092 228
768 1421 7674
505 1825 4289
718 2111 1049
1169 1062 2631
1030 1089 7027
1846 221 2316
571 2432 3248
539 2450 1735
1101 885 4061
2305 265 54
374 1268 5930
501 721 2083
1229 630 584
216 248 9431
2272 580 4955
1194 2256 606
2225 155 4838
232 2541 2520
1734 2525 3775
1482 2337 2798
132 152 1757
2024 1865 2355
1410 2490 3940
2582 1597 8349
386 639 275
2170 1827 638
106 2322 3280
308 2477 4617
2095 1464 598
172 80 5963
1039 527 5115
1226 753 9524
1357 1725 3511
969 1464 7890
324 546 6732
1314 535 3843
265 1906 612
2463 88 9193
2427 2187 4514
1709 1594 6781
2001 1252 2233
446 777 2210
946 1020 7488
2516 1124 2492
303 2390 2861
1892 1492 7743
1157 128 8221
2384 1701 3112
1305 578 3435
1919 426 9293
811 200 6752
1096 658 1707
896 186 5969
231 2347 5094
2274 2352 3607
254 2035 1130
1969 45 506
326 1167 8104
1565 471 7670
783 1745 978
2251 1703 7246
438 2459 7116
1815 399 6860
1702 417 250
2589 1933 1545
1679 1936 2203
772 643 7853
1765 2280 2645
1777 1835 8484
1927 1413 3966
1039 2407 8964
1675 1770 8512
278 761 5186
2588 2165 753
1205 692 8842
829 697 4230
1947 701 3534
409 2319 9745
2228 167 731
1446 874 5175
167 1136 8917
2519 1446 6032
853 2059 7787
1057 646 6144
1828 982 55
1169 926 4330
1161 1976 5041
1795 432 663
1118 1917 7838
2084 2319 5297
920 862 7559
62 2175 1402
1237 2375 103
1935 1825 2827
246 1001 8059
351 1008 3143
533 1934 9361
2434 2543 19
954 2464 2303
1731 1170 3676
2290 1869 8270
100 591 469
61 2343 1063
1227 1810 9101
2590 1331 4816
1858 430 2121
1427 1112 7996
1747 1965 6035
879 1674 1653
504 970 1661
1208 657 2889
1595 1540 8590
544 1855 8159
2500 237 7713
104 810 1778
2016 2072 7095
767 1193 5768
533 2105 2275
619 2090 9795
2517 2450 8080
1483 2225 4493
956 915 9910
65 603 2173
205 850 5060
2230 438 4887
1567 1328 8204
1293 1829 9625
944 86 7906
2348 2458 4058
1986 2169 1899
1092 393 5607
1735 602 4369
1921 1513 6828
2487 42 5387
983 277 6346
2479 2371 3120
2552 1171 7320
1075 832 3443
2 376 4001
127 357 8044
2021 1302 7480
443 1054 6290
1347 565 9470
2536 1148 3152
585 1115 307
2432 1348 6836
488 2484 2189
389 2176 5967
1768 199 6425
915 1280 9406
785 1026 4224
218 2229 9795
1609 2423 3887
2534 2399 8400
1004 1010 9093
2582 153 2872
1778 1068 7350
1254 966 8158
558 680 3151
1049 623 3957
2510 75 8030
2476 2546 8779
2322 2151 3840
2119 964 1037
1051 1871 5756
1215 831 6210
122 1217 6898
1718 1120 8786
1877 434 1360
1558 1776 3086
1015 2315 1916
295 318 6773
861 1802 937
1159 1861 2943
2248 1353 1528
482 825 4654
1543 48 8106
2038 892 202
1715 73 9498
1255 2171 9077
517 1967 4460
401 1858 5253
550 327 4442
316 543 3330
2119 2062 1869
438 2559 3701
2319 2166 9613
1515 419 1123
628 1891 8740
1224 2396 9942
2458 538 2916
389 1529 2154
106 2532 7842
787 502 9514
1343 2576 3238
345 1987 616
1351 2112 8541
2083 2364 9694
1933 873 4273
641 871 4480
1847 468 8447
1435 2090 9980
2240 768 6509
2447 2554 8760
1752 1411 6648
1857 2214 8814
2168 1973 4065
46 1971 9320
1499 159 8524
357 1524 1368
417 2022 5643
1441 2555 5730
2100 1787 3244
750 1396 4985
857 1126 3674
2376 1804 973
474 7 8019
1350 67 6607
804 1272 1275
1819 1029 6133
2033 1940 4821
2544 2046 9841
466 415 3724
1634 152 8303
136 2430 3513
2073 2220 4684
958 1439 2135
2042 278 1374
1880 2553 597
1230 1412 4161
185 2221 8396
2195 2401 2840
807 2381 869
139 205 6471
1420 700 588
2517 1220 3356
1951 1090 4567
1625 1939 2015
2156 1161 9093
215 718 3391
1381 2372 1703
823 1939 9871
841 345 4265
1232 325 6607
2241 2170 8657
2478 2378 3491
2368 529 7123
1628 1303 4978
692 932 2174
1032 935 3520
1109 17 3357
2086 1840 7978
962 430 8529
1854 791 363
1960 1975 4283
2586 1769 5574
422 2575 8288
412 962 5114
2430 1334 2141
387 138 9298
1298 632 9946
2459 1405 3170
2468 460 9329
1030 551 5890
829 2584 4356
580 608 9714
1273 1679 7195
994 663 3021
509 2597 9879
1973 2510 7235
2405 212 6074
2592 1011 6364
2117 1832 5419
1938 1614 893
1476 479 236
2145 1633 7191
1671 179 4583
1333 1844 1312
1101 2524 8529
1654 1722 7966
1810 172 4799
1240 1627 4714
982 1679 3422
33 478 4280
6 114 16
1103 2111 4505
2487 1246 9711
857 804 5377
1063 479 6182
1812 1102 9340
227 1552 8831
764 1800 869
2505 1506 3406
1822 1227 8132
1034 2553 2525
820 2140 8770
478 1741 6570
765 1222 541
218 1850 9073
602 2533 6665
1861 1412 778
1570 1338 400
262 234 1334
163 1003 6237
1873 149 2195
1812 928 5181
1084 2447 1539
2208 1439 7879
342 1365 8193
209 1860 3935
1649 1966 1085
806 2347 346
746 2457 8830
1368 2563 205
68 2105 3049
846 2466 9050
1757 117 7987
2196 1272 8896
1766 1270 5190
2347 1989 3485
1385 2390 3134
2290 2108 3307
2255 2336 7273
570 721 7265
2374 306 638
2253 1621 5753
146 826 9854
935 1867 3417
1296 204 2124
1509 583 1214
1531 2563 3181
1682 2354 3344
2330 1843 419
1062 1774 8149
1693 2301 4878
607 1022 830
2323 1853 2966
1794 2044 3711
207 354 7589
50 2443 6996
830 796 9935
17 1245 6601
1699 1305 8534
717 1012 1430
12 2145 4665
1037 1589 5764
1343 1260 4159
2013 844 6181
1422 764 8691
1447 1344 7228
1882 1381 1168
2173 2512 7609
803 2124 5705
2346 1103 1483
1480 1903 5995
58 2582 4620
774 730 8433
2006 348 4131
2109 1731 2959
2170 1924 8685
1058 124 770
1937 1250 7913
2260 1742 7097
523 1586 2236
2102 2178 4589
1046 1329 6050
1849 1941 4346
1439 971 5733
604 303 156
17 814 8019
1510 454 1953
2518 1741 7059
892 1922 5516
2504 337 2876
1873 701 5211
1139 1760 2178
1801 1161 7486
546 377 661
608 2136 2123
701 1738 6506
664 1273 3016
1391 2487 7516
1298 2489 8025
1621 1672 5096
1071 2340 6197
2269 1754 2575
1708 278 9239
134 1815 6010
919 1963 2197
1595 658 4593
2034 473 1625
2470 2259 2154
104 618 2677
517 1073 9887
2297 734 1853
143 1049 9973
2544 183 122
2117 1851 3789
1921 810 7038
1972 574 9133
2078 1366 8522
245 1546 8798
1099 2132 6122
902 1879 5337
1754 1274 588
2135 2353 5093
604 758 3419
1548 1772 4619
1162 575 5447
1583 1176 8729
2128 1413 8177
894 2425 8039
2137 1033 6606
820 1146 7387
1282 1086 905
1093 2327 1572
160 1965 3347
2276 758 9072
1300 1384 9331
729 1043 5801
887 2226 6324
1093 1891 5754
536 1067 1142
2388 1292 9617
756 2148 7548
336 170 130
2395 2549 1396
2213 462 4420
584 2309 9967
1327 2246 9442
385 1459 7804
1013 2533 9476
764 623 7010
2503 1018 7880
1546 2098 4041
1333 1917 9248
1953 1704 7517
2572 941 4211
826 2393 1492
2561 2357 7495
190 1197 7079
396 1985 48
2555 439 6989
429 1663 7832
239 1609 8593
226 1002 5264
361 723 3146
1437 759 5833
1397 938 5954
2068 1909 7260
771 907 2963
496 2196 423
307 1445 4219
47 1520 7761
2567 435 4320
763 1113 5373
800 1508 9841
1 531 8514
2042 2023 3582
2557 2203 1790
1005 2483 693
758 1131 3358
1166 62 8008
135 1128 2387
2030 2233 1195
355 1066 5842
1722 1781 3243
1652 1459 8738
1487 1123 558
1298 1084 1189
1234 2261 5070
2319 2524 62
2562 1693 3410
2126 275 9399
244 2036 574
361 119 5116
1464 1538 1751
2148 17 9214
1141 1028 5370
2190 2381 7376
1671 235 4087
196 307 3211
1411 2277 6543
695 1354 3657
1053 1825 1098
1434 1789 2496
311 361 5297
1630 1394 6860
913 344 322
2438 941 5500
641 726 7821
2591 872 5761
2383 1505 8938
1223 1985 1464
2445 2558 4399
412 317 7911
1832 1970 7565
592 1948 2888
1491 2492 6203
1536 2424 1967
2056 1269 1531
2503 1850 1504
2476 674 869
1299 476 5898
325 790 9798
1501 2360 419
1652 1979 1094
1375 2588 8853
655 469 5853
1766 1947 3350
145 348 7137
2233 2560 4574
1100 794 9156
1821 2451 3285
1964 1679 7113
461 206 2794
2050 1761 8408
2327 472 5337
1594 968 2869
1535 1260 5214
2067 1852 5093
1773 468 695
2151 715 9259
2024 392 764
372 886 3998
842 1774 212
857 571 4487
2168 2114 2710
605 2304 4399
2055 721 835
1232 2472 6231
2460 1000 2751
737 1820 7862
926 1035 9039
1040 2061 357
990 2362 7634
795 949 5665
1336 1976 3215
1404 1904 1053
1357 277 8630
1187 589 3451
644 625 908
524 321 154
752 36 6038
2405 1294 760
1289 2261 8548
2545 2059 8768
521 1045 5201
2380 566 1457
1507 1339 9749
424 2036 3112
2098 2449 9640
1651 2238 7224
102 1366 2798
162 1450 2255
1725 2034 1069
1392 946 7177
439 846 5944
630 2191 7732
942 26 7030
2564 854 9400
172 1710 1395
456 465 3623
2354 1224 1004
1000 1358 689
74 2561 1047
1629 2458 1046
31 2315 8006
2480 2165 2345
1251 1759 5784
1569 1789 354
1433 2348 5357
1340 1586 9272
1081 2472 1619
508 1487 3709
1143 1364 2228
646 1530 8108
151 1463 8504
1517 1339 5890
1699 328 552
1502 1883 5648
286 2198 7216
1449 1013 6698
556 1250 3033
421 2387 5923
2262 1685 2674
1604 1342 7966
1213 1197 5648
2231 579 7723
2381 1517 3720
841 2308 6944
354 2100 8274
1771 2248 2515
1911 1288 4544
1656 1664 1365
1647 1740 720
1435 2572 3850
105 768 9
837 820 8907
1557 2571 1574
791 182 7981
2435 2431 836
710 1618 9226
879 1864 6184
1783 790 6028
362 670 4836
379 2364 8579
1486 2138 9894
331 1404 1716
890 2415 781
2234 1242 1927
2544 1852 1095
731 2493 5752
605 1342 4028
1821 291 1642
2101 1991 1163
1615 559 4338
1384 1120 5781
367 2163 8345
1451 724 3980
1503 1747 8396
2063 2418 9653
545 2520 5994
2584 23 9912
1895 796 6078
828 1631 2079
2436 1588 2597
1729 164 4660
915 1049 6423
613 1673 1900
1407 2021 2200
398 310 3927
1801 1757 3204
319 2346 9051
2528 1937 7163
2111 1200 7109
136 1901 8171
2164 1625 9415
2102 2422 9207
2161 135 8889
2117 1745 6432
1847 2124 1338
1434 1892 1711
1652 939 2167
1796 651 9251
2228 654 2201
152 1489 6297
1356 1997 2182
488 205 4667
465 1049 310
357 274 8895
1722 1872 5163
265 1362 1412
82 1309 5581
222 1414 251
2406 600 3149
588 723 605
21 133 6905
1346 1790 6555
1948 279 8205
2096 1514 1349
2274 1505 7315
205 1737 8064
1224 329 7700
2562 531 2464
2123 1631 9847
500 1118 2215
80 1615 253
1323 579 3246
1205 1709 2105
1596 1120 1486
1095 917 7939
2122 268 2162
375 1503 5366
653 2493 9009
636 907 640
1662 1575 1838
1972 1424 2944
1363 1071 199
919 2222 6575
935 412 3226
1299 365 9430
940 642 4042
1816 1322 6622
983 2082 4907
851 879 3248
1423 1646 2400
1896 2254 9764
1527 33 3116
418 1278 6599
1617 598 4710
1149 976 3398
61 1989 9049
846 2301 3699
1506 1268 20
794 2568 3249
2378 2377 8998
2257 2397 4385
214 1690 1105
2560 1207 953
457 284 8179
205 2002 9464
1652 1657 2988
909 468 1753
522 1199 5710
2245 2209 4446
1864 2519 3957
1064 2241 2600
650 595 5354
78 1982 9900
1769 2277 523
927 1427 4599
1605 1975 9000
415 2188 1409
251 230 5566
1261 548 1446
2482 1440 9073
2513 1206 3359
173 1842 3358
2095 1892 7930
115 1132 1180
184 1084 1546
953 1340 4452
1457 120 3816
23 143 4835
2304 1117 6359
2289 1032 2313
1405 1089 6453
53 1124 3388
2445 68 8932
706 731 2622
1227 1986 2607
1590 1852 1190
984 1101 4883
1687 1856 7801
1328 951 8071
1580 2248 1562
1065 690 3432
1974 2536 1936
1023 2129 8600
708 609 2620
173 1194 7009
1538 1039 1277
608 1842 319
2032 753 6086
577 1920 7336
1013 385 1084
2151 1594 4385
2350 1372 6539
198 960 6026
1755 2337 3107
734 1723 5695
2067 2312 578
2022 2553 1724
2464 1333 5263
923 1760 461
912 1513 552
1408 535 8900
2148 1615 2524
1298 1355 7109
236 2291 7937
1366 1469 4028
396 1122 3086
646 784 555
2420 924 292
215 1499 3195
456 2211 1832
1786 596 5987
976 826 9594
2506 174 353
1984 1179 2772
1219 666 8062
304 832 3271
1514 8 4827
772 710 3992
517 655 9301
1083 2562 2419
2351 1560 2876
2356 1454 3685
1828 929 749
2445 800 3778
1974 982 8527
186 825 1125
953 1401 2910
2337 808 5131
2298 2365 8204
83 1423 2662
912 2545 8475
2182 956 5282
2338 1329 2576
1430 1673 9438
77 863 9471
479 702 9780
662 1825 5525
708 1114 5156
26 2374 9160
1030 224 8728
541 2420 9534
1196 1795 8710
709 1861 5761
1603 356 8600
1672 2362 3889
856 78 3077
657 434 8307
1723 1787 8839
361 735 4834
1832 559 1655
105 81 9991
2527 1579 2203
1506 490 9011
1903 1003 6155
418 539 3675
1480 1980 5897
1452 1059 6284
1475 937 909
636 111 5919
705 2519 8158
2368 1153 9384
1165 1162 27
1626 282 4343
1643 1148 7658
2180 1659 4763
1957 2017 5811
2382 1690 3829
131 975 5972
2329 632 2683
665 2489 9323
640 1573 588
326 925 9645
1857 301 9857
1895 1873 3891
65 2314 1091
464 164 149
2202 898 5507
1643 1391 6933
1424 873 5755
2193 1444 5420
2556 1975 7683
266 912 4278
682 1573 5516
858 134 6345
2324 440 1616
1371 1319 4552
1069 1205 9621
2293 236 655
2370 312 5069
906 2576 5541
1444 847 3997
2031 953 2910
1829 1631 105
190 2094 7478
1 997 1990 7431 234
0 118
1 2182 615 1106 266
0 190
0 48
0 286
1 749 2462 9315 1
1 748 1854 3498 126
0 113
0 247
0 194
1 334 1327 2619 290
0 250
1 2558 1506 3447 145
1 168 1720 1963 262
0 219
1 635 12 4647 34
0 236
0 195
0 269
0 260
1 500 1406 4774 158
0 152
0 180
1 1128 1985 2298 295
0 237
0 339
0 197
0 99
0 333
1 1921 1641 1374 189
0 181
0 182
0 157
0 323
1 1683 449 3191 327
0 271
0 280
0 169
1 1765 1416 6833 203
1 2004 2104 1319 209
0 154
0 53
1 869 2437 5680 187
1 1307 1024 8756 310
1 632 338 2806 114
1 326 1697 3869 16
1 403 1266 3469 288
0 243
0 167
0 81
0 231
0 108
0 61
1 1917 1182 8771 131
0 135
0 292
1 2277 473 2478 67
1 287 198 6123 205
0 11
0 80
0 21
0 239
0 317
1 2330 1733 2839 119
0 282
0 268
0 54
0 240
1 1361 84 5171 94
0 57
0 103
0 293
0 191
0 47
1 1204 1095 384 299
0 309
0 320
0 311
0 258
1 443 2026 9547 177
0 302
0 74
0 214
0 58
1 1416 985 4096 137
1 794 1530 7460 132
0 24
0 229
0 3
0 146
0 200
1 44 354 9019 136
1 851 1293 8582 26
0 43
0 228
1 247 2570 3007 285
0 325
0 120
0 110
1 1246 264 7785 35
0 207
0 238
0 274
0 127
1 2337 1655 8518 19
0 102
0 221
0 248
1 983 2230 7299 336
0 261
1 2566 571 3319 123
0 276
1 1281 248 9935 175
0 84
0 72
1 996 1504 3214 272
0 162
0 255
0 6
0 51
0 125
0 178
0 62
0 166
0 55
0 101
0 116
0 153
0 179
1 1401 1085 7058 188
0 242
0 129
0 9
1 783 2045 418 128
0 198
0 92
0 69
0 170
0 335
0 297
0 115
0 140
0 104
0 77
0 66
0 263
0 165
0 277
0 232
0 2
0 257
0 300
0 151
0 254
1 786 883 888 331
0 138
0 341
0 324
0 315
0 31
0 42
1 1712 2479 5757 109
0 65
0 273
0 142
0 83
0 155
1 1958 1197 5929 106
1 1671 1435 6326 88
0 202
1 1516 888 4757 210
0 252
0 78
0 313
1 1384 1180 7263 29
1 2584 2301 8539 122
0 256
0 147
1 1654 1694 3360 143
0 75
0 168
0 208
1 1664 2539 8780 301
0 13
0 328
1 1609 2296 4315 265
0 267
0 33
0 112
0 76
0 38
0 18
0 224
0 340
0 111
0 304
1 904 1400 4680 134
0 82
1 418 2260 4082 172
0 193
0 337
0 199
0 308
1 295 971 2318 294
0 27
0 307
1 211 1911 5800 319
0 176
0 64
0 4
1 1125 264 1555 32
0 338
1 450 1153 8548 144
0 10
0 97
1 759 265 4301 281
0 217
0 7
0 40
0 95
0 30
0 39
0 334
1 1099 1191 9270 159
1 316 973 5115 59
0 73
1 1441 695 9776 139
1 2240 377 997 14
0 22
1 1777 1554 4791 79
0 68
1 348 1487 2913 332
0 230
0 163
0 192
0 100
1 1054 314 2853 49
1 2329 1547 4009 23
0 93
0 275
0 296
1 496 1462 3152 246
0 206
0 185
1 757 1049 859 312
0 251
0 171
1 1080 2129 1606 291
1 1787 303 73 213
0 86
0 149
1 2021 2493 6341 316
1 1098 1604 9412 12
0 117
1 2573 1220 4329 52
0 264
0 186
1 398 1904 6555 130
0 46
0 241
0 91
1 726 1312 3191 233
1 1377 109 6806 89
0 141
0 201
1 978 1758 4399 60
0 204
1 498 1939 2669 212
0 196
0 25
1 74 2558 1342 305
0 270
0 164
1 772 2155 6566 211
0 63
0 222
0 183
0 330
0 160
0 298
0 107
0 90
0 133
1 1883 813 3727 284
1 480 506 5897 56
1 250 1615 8514 5
0 253
0 150
0 28
0 20
1 1651 1305 9518 287
0 174
0 98
0 41
0 306
0 70
0 235
0 15
0 105
1 2479 23 9783 249
0 218
0 329
0 8
0 44
0 96
0 278
0 121
0 318
1 1571 2219 4542 314
1 1186 2230 7861 283
0 216
0 215
0 326
0 36
0 148
0 225
0 17
0 303
1 1323 878 2248 289
0 244
1 1122 1398 4522 245
0 321
0 184
0 45
0 259
1 520 2081 7927 322
0 227
0 279
1 298 771 8163 37
1 1971 1867 6040 156
0 161
0 124
1 1268 950 7322 223
0 87
0 85
1 2227 1391 5679 71
1 116 2499 7827 220
0 50
0 226
0 173
