3800 3799 1678
1422 2510 4887
2678 3019 7169
3501 2211 7174
1273 2068 5095
1111 637 6262
1731 3192 504
2545 1785 2207
3064 1945 1561
1568 2889 8495
1270 562 6202
2280 105 8643
2523 3357 17
2858 1908 4781
1135 3611 8167
1941 1148 484
520 406 1898
1449 322 101
1593 2441 6107
2996 2095 7816
1112 1290 1154
3573 835 392
1333 1380 10
3387 3611 5277
3707 993 8993
1285 678 6952
3334 1388 8837
2801 3059 3452
839 1045 9794
3513 1425 2563
2321 838 4873
3339 3282 5961
1174 3206 5653
1160 3358 5526
1562 2818 4566
825 2359 4368
680 2441 7697
2494 634 4672
3023 2812 5264
2348 1253 8896
2541 1266 7340
1336 3578 5422
1240 3141 1364
2168 762 5014
3759 1947 8759
205 3058 48
2302 1089 590
1704 1781 7192
3429 2779 4363
2538 869 5881
1131 2662 345
2152 1057 9707
1773 3666 8724
736 1200 6047
867 1174 9395
2176 1144 5470
3645 1172 3754
2712 1657 1885
723 2568 4141
3694 2502 6203
2082 2790 1987
25 515 9282
781 2833 7564
684 2603 2578
2537 1991 8366
3099 1502 2142
2104 1957 6400
1741 514 6366
688 1071 1841
2644 2793 6846
1702 2048 9605
3695 2454 9669
1730 2359 4141
2770 3756 7663
2096 94 1171
3119 212 5876
3208 2191 5556
2171 2195 9192
1315 557 9405
887 1630 1902
38 3517 5201
694 1934 1576
3534 1534 3193
116 3292 3488
2635 2582 315
2572 2368 6882
1857 2403 3196
2123 1827 3518
3601 603 2593
2520 2723 9808
662 2672 629
580 317 6655
9 96 5821
2275 1543 9683
1054 2679 7183
2026 2454 5681
2825 1053 4196
1196 1448 2813
1461 2585 1643
914 2077 4623
2071 3171 2630
2195 1178 4106
3020 1045 1015
2152 2774 6600
614 692 7583
3559 3520 6631
1155 1241 4132
1579 357 7309
771 2652 4836
144 2809 7347
944 1150 2417
1492 223 9462
3109 854 28
1058 3197 6430
3283 1971 4915
1964 1525 8767
566 3763 3145
2629 3694 1932
839 3544 7825
3274 3774 518
3415 154 547
1660 2080 7352
924 2210 9246
1207 3746 6463
1890 1853 4524
3111 942 4694
1982 3613 6349
1048 1464 2583
2563 2910 5746
3348 3280 6590
2823 3280 6362
3575 394 1282
1891 3666 9443
964 2615 1125
1339 419 5999
1101 3146 2608
3056 660 5223
3131 2298 206
1015 995 4103
1119 1293 5002
965 190 8160
2093 81 2034
2033 2347 5063
3165 2062 2702
3487 2564 7482
1170 1426 9433
1563 758 7555
2134 1514 5694
2474 1469 8325
3245 1993 6372
502 3044 7476
981 3417 953
2527 2485 8577
2860 2139 109
2889 2568 5679
58 3278 8893
2619 2527 2335
3429 286 4762
2568 420 9074
3468 922 8002
3574 2504 3517
2033 599 7082
501 1857 8303
2230 2427 7300
2540 2444 8028
851 794 9439
317 447 9732
3671 2093 6008
1191 1175 7807
3034 725 8156
2068 382 3185
1479 514 4160
974 2073 1453
2015 1518 2815
2528 1215 8619
1773 2518 8045
1765 3521 1067
613 1495 8673
1550 1388 9443
1736 3090 8524
1752 3538 2332
3426 3242 4755
1873 3075 7042
3609 1776 5568
52 2305 2009
319 496 9894
3550 1766 1749
2691 2502 6895
2993 3792 7605
2394 359 3665
256 826 4891
2578 2360 3488
2020 1651 7077
694 2338 5155
3041 3430 9466
2876 3725 163
874 251 4973
2593 3308 7740
3371 1693 4200
123 3432 2481
946 2851 3452
3616 3522 4280
1806 216 3400
2233 2410 2078
3327 3308 7074
3675 3335 2772
742 968 3607
3661 2232 721
1835 1813 3357
2394 2124 4123
2713 1645 1857
1274 3558 2373
1704 2913 7061
2626 1136 160
906 2409 847
3025 1483 3202
2348 1797 7231
27 672 5925
2684 3370 9326
3474 3503 8503
2500 1617 3319
1521 471 4591
2532 3009 2984
573 1707 7819
669 929 8600
2273 3798 6351
818 2392 9159
1705 1899 8616
2230 2090 3042
3142 1469 6
1708 3539 7534
615 2103 1577
2668 1017 5344
679 3366 491
2439 3203 384
205 3349 4306
79 293 9998
3668 1670 9343
500 3646 4931
2947 1458 8465
1355 512 910
3099 214 6387
3258 331 593
158 1118 172
3013 2494 5768
1589 1762 103
1758 3671 6430
3448 1912 3088
359 1500 7540
3208 1235 7910
610 2242 1439
1200 2743 1445
3154 2097 3918
2969 3107 9467
3410 2926 1147
3230 2609 6640
3231 2433 9453
519 1161 6355
2499 1537 4894
1055 509 5525
3525 2830 7155
673 2185 3020
1036 2015 9751
3487 3343 4272
721 3644 2398
229 131 5293
2042 1790 5062
1551 180 7080
3521 1704 9478
2210 1467 3649
2763 2485 8468
3324 12 1387
3525 2733 7741
3690 1213 2931
2348 2262 1702
3333 913 4867
3704 2689 7362
2586 1579 666
2936 1815 7318
6 652 6402
2669 527 5422
1472 3721 8109
1396 3330 3292
2268 3568 2574
332 3791 4264
3752 3333 5552
2753 2405 3361
2028 1659 6572
3354 3363 7843
227 515 3395
2502 2337 5403
441 2064 4641
1150 3330 9262
1302 1071 9739
572 3623 9309
2079 486 5583
572 2257 3193
215 3436 8352
1010 962 8000
1841 3407 4270
1375 2533 2272
3047 2987 1240
1882 848 3197
3765 3267 9805
2930 2255 2395
3406 2798 674
219 2546 2752
1075 906 8640
787 2571 128
378 1292 8471
3286 2839 4140
2821 597 381
1489 2778 433
3338 1721 5685
1201 1701 5333
1639 3477 5298
65 2829 7641
808 2872 1371
1917 2547 3555
3343 188 3258
1809 2585 9748
1132 551 9095
2547 244 2316
736 2343 6062
1495 2694 2260
2270 1118 7481
2085 818 6281
2616 1788 4717
1856 1636 6385
3594 1867 7361
2348 2735 6844
3479 657 3623
635 3398 2246
1141 1349 7150
3508 1816 6566
572 1165 4021
2961 1064 9640
3776 685 9042
2718 2780 8835
2052 521 8051
658 736 9912
3524 1518 8585
2736 1316 5892
1085 3200 6386
772 3 8286
1693 455 8749
1731 2654 1951
904 1759 918
2236 996 3786
3376 3372 54
229 1401 2311
2473 3282 6318
3636 2934 7047
3636 3180 1785
2718 220 9786
2015 3588 9729
2881 18 8991
3557 983 1325
2542 590 1983
2537 762 6407
3265 1675 6445
1006 186 5222
1814 1682 722
2402 3326 449
340 2398 3570
1885 100 3620
202 3470 217
1300 2562 4084
2905 2242 2053
396 3490 9900
3523 2832 1466
2213 3037 6759
2962 3272 9508
2083 3012 8484
3042 3619 9427
903 2077 1013
1750 1617 2539
940 2187 8292
148 1036 9777
30 713 5645
2677 2494 6778
3054 2610 250
3401 2544 419
931 1694 9476
232 1679 2392
1074 3674 8590
3566 49 4183
2562 622 7985
3790 1439 6240
2214 3506 1210
3758 774 6767
1080 3727 7418
1066 815 3862
3316 116 4503
2795 3554 2755
3742 1833 451
2205 2634 4239
3426 3437 9185
509 2234 4693
480 1931 9720
3576 3342 6247
2908 2019 8018
2577 416 386
3614 758 5433
2698 1915 496
1306 653 9185
3581 2662 1701
3119 2943 6483
2871 43 2454
1508 1872 728
349 1712 4611
3176 3505 3510
3044 368 2031
1055 3287 5152
3519 2284 52
124 1375 338
152 393 9085
3204 1614 1832
679 3310 1358
549 2621 4607
2713 987 8044
1121 709 9316
3102 513 1960
1523 2534 2752
2364 2647 8738
2167 741 8938
2320 2702 2504
3611 2046 4170
1193 1697 1729
2596 1160 1795
1977 1479 4669
1957 2605 8652
3289 3617 3993
2354 2160 8764
2530 3661 4847
2626 91 2656
2294 1617 3047
630 844 1062
2627 203 5884
2742 872 4106
1769 1973 9694
1176 2027 3735
1894 1118 6853
3673 1876 9971
814 1792 4987
3556 1407 7888
2583 3201 3549
1104 896 2493
1613 2304 5308
2237 341 7817
3452 1233 7334
2820 2630 2883
1292 604 8054
380 1228 2259
2027 1300 9397
2045 1631 8212
2770 3758 6128
660 2162 5205
3000 3084 906
1023 2790 2065
2108 1174 9875
246 239 9062
851 2646 9796
328 2121 3062
806 2858 4320
157 1520 5773
2890 1031 386
3 3042 9081
2805 160 6826
1212 3285 1127
496 1458 3802
1498 597 2426
3369 2635 7889
847 1006 5969
2968 2707 5138
361 200 1727
2822 2784 4139
1855 159 3408
3343 1366 7135
1616 184 560
936 3537 4087
2778 740 4356
1461 3658 5532
98 261 4095
3178 3782 739
1186 251 3377
763 47 5660
2348 26 9767
1367 3577 6362
2174 1661 431
2564 2095 700
1725 589 1803
1412 3585 6413
664 2167 8180
192 3277 3732
1177 3497 5966
3252 1882 2904
2631 1442 4534
1749 3213 2144
2297 2572 9737
3024 2467 8404
1325 962 39
894 1659 3651
2253 1849 2166
2848 3069 7443
1476 1798 3881
164 656 111
2937 537 9287
650 3066 39
3648 3101 9737
2407 2960 2093
1961 1421 4852
2574 2455 2744
1238 1010 4755
3589 2932 6701
2706 3713 2146
3387 36 242
1713 2200 7462
2877 2165 676
268 2242 2849
729 3054 492
2323 3188 4084
3302 87 3524
1503 1549 4725
330 3432 2580
3393 1783 2223
176 1146 2346
2848 3723 9753
560 2449 4192
1998 3312 5269
2950 2424 3251
965 1005 1874
1569 889 4099
1975 70 9502
3064 3187 8339
1099 1337 3063
1277 1163 3307
1565 1643 3220
3107 697 3632
3671 1417 3418
3560 2633 7955
255 683 499
1985 2386 1581
3079 1028 4
2690 1132 275
3441 1818 1646
3013 1234 4938
2455 801 9114
1372 987 9800
1700 166 3584
1882 2394 9532
3500 1374 534
2373 2943 2802
1360 3712 9698
1256 2819 7195
3031 3263 149
1074 2213 1547
3746 1673 620
1813 3281 4716
3439 2790 327
650 896 5367
2313 2525 4101
2782 2014 6853
1994 821 6885
831 3493 5769
1175 2192 5533
635 325 8089
201 3726 1935
1190 41 1521
1722 3190 6562
2333 1005 3909
1881 325 1933
3180 1754 7963
3553 636 104
2485 181 2586
2732 163 71
1641 637 1196
3696 3061 9201
3104 499 8849
323 152 4870
908 3101 6553
988 2504 8595
978 2245 4243
747 286 363
2794 2931 6064
2761 1321 9188
1498 520 8468
1605 2954 2649
1333 606 4255
1266 434 4592
1314 2212 5523
1954 3324 5062
2047 1690 7888
1268 1994 192
1328 2013 7914
1048 1824 2162
1205 2115 9283
2133 1905 9143
756 2719 7614
3353 556 4511
3691 1726 9920
3103 3097 6675
1640 2871 1074
2985 3758 9034
2461 891 5380
2732 1322 5442
1718 3752 289
920 1433 7506
2857 451 4559
2659 112 6198
3483 3407 9245
1464 487 8060
1006 43 1398
1548 1677 4262
664 2915 268
3682 826 4457
2223 804 5250
2382 3061 7429
3111 1347 8632
3054 1949 7468
1853 3625 4516
3648 346 5296
866 1609 6430
1815 1738 7037
2746 2356 2262
123 2087 7966
871 2419 9119
2150 2281 1740
2535 1710 5792
2535 2607 8142
1396 104 3114
2779 1171 7229
354 505 2707
1180 2479 4143
3220 156 8890
3444 2140 8368
1773 3190 6404
551 2745 9895
2804 1034 5748
1619 915 9063
276 787 7650
3649 3186 4166
1931 1001 2769
2961 943 4645
3135 2593 2766
97 3162 5317
858 1506 3144
1752 1510 5500
1737 1368 5037
418 2061 6299
1424 2187 1527
2547 1144 3260
3110 3017 8195
2156 153 2353
2211 387 6564
3210 760 860
3457 3479 9242
2832 3612 4107
388 409 6736
3106 3219 2838
3595 1666 3720
720 419 7841
776 1764 3903
877 1237 2390
1245 656 6967
3772 1087 8811
2447 2875 287
2400 1356 6053
3718 3788 6533
669 2641 8353
1583 2776 4046
1794 3139 23
2622 2223 2022
1078 3252 3906
3533 298 5687
2187 2479 4100
3255 2687 8234
3322 835 1149
563 1569 5376
1751 2429 8384
1881 2287 5198
1738 269 5437
2939 1967 1053
1418 416 7022
3250 1278 2927
2470 914 7729
423 1263 629
337 850 7317
1599 3511 8187
712 59 62
1397 3027 3096
1733 1510 2818
197 1236 9212
3367 1535 8123
3313 469 5798
2722 2966 8967
501 2384 8965
2597 2743 8302
3447 991 220
2365 918 4279
2606 402 2773
1633 3203 6211
710 778 9584
1020 1676 136
1857 2542 834
3237 601 6185
927 3773 6746
2090 2732 5825
2775 1983 5223
464 1083 5071
3453 792 8648
161 1848 2008
1773 79 7847
1683 2730 1322
2726 1268 6977
1169 346 8130
2095 280 9776
2444 1164 3549
1321 3630 9217
253 2809 5393
2519 3079 6546
84 258 911
2911 1670 1603
2164 1412 3981
3464 2249 590
126 3729 9723
2905 429 3010
1623 2166 8130
3031 809 869
3669 435 4616
973 379 9460
974 598 2835
62 2876 8855
940 3791 8380
2172 3604 1876
2883 998 4180
2605 2684 8872
194 1164 845
2208 3095 2625
3474 118 4821
2417 757 3099
2079 2007 4868
1255 2151 4767
2877 812 9032
1247 3201 2899
1002 3507 6652
2188 3755 518
3035 2316 4507
892 668 2477
3740 2917 1890
426 1113 4034
40 348 122
1113 3256 5882
1620 1640 2438
1452 159 7905
736 3420 9846
2980 1885 6899
558 2061 7005
1032 411 3755
1581 1092 3524
2553 2158 6609
2865 3393 2504
3474 3102 4280
2274 3204 1062
3470 3006 1643
363 3611 7686
1467 2892 2575
2024 217 8876
2409 525 8143
2122 2568 7877
3261 2316 542
3554 3120 559
2905 2188 6891
1112 1610 1743
3203 208 1621
840 1168 501
2468 3747 203
501 453 8259
2737 2048 251
1346 2328 8468
6 2814 3986
2646 3203 8086
2171 438 9569
3374 3375 8416
151 2709 8596
2386 3191 6836
522 2914 2050
146 382 320
2681 3704 9174
2859 775 5713
3733 2861 6297
3258 326 1507
3292 3143 4112
1871 2615 9963
3054 987 3564
638 505 7104
2057 928 2538
343 2549 9703
1657 2678 3215
2112 2234 2405
1870 2351 5716
2128 1493 7210
2962 3092 3198
379 3537 7376
905 1934 2416
3546 1017 846
1624 3256 7453
31 700 4207
1255 3223 4303
1119 179 6140
2053 1019 2235
1393 570 2765
986 2563 8542
3353 1274 4646
147 3515 2707
1796 755 3355
982 2399 2896
1905 1918 419
2326 292 7212
1925 1966 4034
2956 1414 3182
2774 2329 344
887 1703 3698
834 3018 7216
2321 2873 3542
2849 2372 8535
625 2527 8822
2479 1067 3412
169 2556 1163
822 3156 3666
2780 2020 2981
3233 1042 8436
726 710 6300
1561 1734 4805
2015 3223 1975
2131 3092 4149
3267 1730 9729
2342 1093 7789
3625 1534 560
3074 25 9090
2601 2332 2435
2226 1941 6507
3380 2776 7089
1827 2026 987
1562 1251 5252
384 983 9232
3532 550 8602
757 2637 8626
356 2206 3634
527 3172 3268
2789 827 4963
3198 3172 44
3150 2397 1001
2197 644 9601
948 2032 2756
3760 853 3960
2221 3397 6669
1071 2222 7250
3621 3474 3252
1104 1331 7774
498 121 9966
983 1135 7898
3593 711 6664
1432 13 3733
198 2390 748
3429 3452 2625
2227 3159 1266
3155 723 8542
2032 2546 4135
2593 3664 2294
2188 2028 4277
2976 1991 3371
2731 488 3084
2668 87 4189
1077 3685 9050
3605 3551 7880
1819 2757 6006
434 1472 7726
472 3027 6490
2481 132 6102
2372 1981 7467
2773 1603 7528
3284 2348 4652
1847 2990 7794
2544 1559 9078
249 53 7467
24 2836 167
3136 1210 5044
67 1763 5595
3638 292 3997
1070 2726 9009
247 988 4008
2474 750 2719
757 1097 9068
2827 54 9884
2112 3501 5983
3466 1932 5358
1803 2664 5040
2256 1099 1727
2792 3224 3572
478 1618 5906
1603 298 4794
2715 3292 11
3475 2652 428
3183 2470 1622
3766 2662 5231
67 2167 9733
1459 235 9008
504 1187 6059
2733 3288 80
747 454 8867
1132 2961 5275
2624 191 2740
3069 391 6593
1422 2115 3477
508 2134 3830
3057 1825 2910
3021 691 1369
3618 2218 7075
2232 2573 5098
2127 3683 1335
3075 3596 840
2613 1462 8159
2918 2496 7462
3125 1007 6742
2529 2505 8261
1752 1622 8042
1141 976 3801
2199 1348 2691
587 1090 7591
1053 3231 3345
1894 1906 1596
1749 2354 4874
4 1546 2970
2955 849 7715
2021 1428 9922
1093 1412 7027
2032 1506 6122
3780 3491 5843
1452 1481 7101
1997 360 6647
705 1471 6488
323 3771 3341
2391 1043 8875
2003 254 1022
2924 447 7918
3651 2357 9208
1845 506 6776
2656 1487 2156
821 701 6243
2332 2740 6244
1442 555 1236
345 2111 9622
511 3035 527
1968 109 7073
1930 3159 7360
1248 3376 2478
1135 3323 3999
2663 883 6112
461 2712 9801
2946 1646 867
1417 3686 4883
691 2637 7702
1772 2804 246
972 1963 3849
1767 784 7013
882 612 9189
26 3505 1307
2616 1669 1897
1185 640 3516
1727 3714 2229
1299 1816 3589
498 2381 3611
1357 1373 6957
2920 1664 2013
2368 2909 9106
2107 3762 2768
2186 1296 8890
3694 2198 3956
949 3096 808
2792 3284 2456
1031 626 9782
2106 383 3276
3076 2765 8055
1924 2311 6480
568 1453 7404
1697 77 7344
2093 1776 4567
2201 426 302
3389 1943 1029
730 890 6440
2833 606 4529
2887 672 8804
3017 2586 6384
3064 1013 6210
3758 1654 1025
2596 2978 3283
1220 2991 6567
390 3125 9381
3308 168 344
2545 3709 6637
1703 846 627
3259 3137 2236
2239 3108 5809
3663 3426 588
2500 3643 5321
3124 1686 7099
1141 2656 4634
864 830 5256
447 592 691
811 2775 3353
833 2108 5285
53 293 6414
3291 1449 7000
724 2982 8398
3127 1965 2330
1932 3425 6019
2837 1654 6391
492 746 3238
3403 449 779
752 1010 9603
2553 3182 7499
2172 1733 4535
1318 1767 1781
60 2159 7855
3092 1688 5279
3752 2152 556
1509 922 7343
3263 2383 5518
3796 657 9993
1879 1332 1504
2278 2410 274
324 1893 8572
58 1194 3786
3066 2579 6085
1587 298 5802
3555 3402 3657
2105 2606 7826
845 426 4624
698 2604 3955
77 88 3545
3431 3178 9839
683 3268 125
271 2984 1886
3601 1464 9682
3479 1562 9240
2195 477 6364
85 122 4633
2079 606 8875
1126 2135 7463
2968 3062 4385
787 3435 5356
1864 186 6968
2385 427 301
347 2052 4939
3203 2862 9822
2363 1403 6061
321 2118 6834
3098 3755 8036
1554 3238 4356
1388 224 6751
90 1649 6816
1192 3464 1857
510 3305 3877
3022 2945 4942
3684 1256 6013
616 2725 7634
22 3291 9305
3110 2307 3939
2287 1497 2038
742 1968 1366
1139 692 6093
3266 2479 9101
1877 3211 9307
3205 1716 1911
2713 3128 1688
2376 2890 4113
2507 3279 1940
1382 1253 6428
1939 3652 1237
2897 3630 9064
692 1415 2330
1678 1776 1133
2902 2306 1901
3715 2119 3093
2171 116 5028
709 1466 7340
2305 1768 512
457 3733 5695
2691 2150 5648
1542 2652 7461
1658 1854 1666
389 1090 6232
3182 1714 4231
321 3145 1608
2652 511 6375
1590 451 4694
924 2634 8512
913 2445 8520
1279 326 1691
153 3201 2129
2129 1475 3769
1829 2982 6518
1105 651 2777
1046 306 8413
3427 2002 6094
373 616 4602
907 964 4400
3296 1312 1132
2093 3180 9619
476 1287 431
3001 2467 9080
1066 1081 559
2781 3159 1215
3043 33 4080
2513 642 9086
658 568 9789
3637 2771 3850
2575 515 9611
2977 418 610
73 3722 3151
1794 2154 5311
2766 2242 9296
254 3534 948
735 2392 9304
1519 1881 443
3354 3563 2111
346 8 9663
3362 324 8140
1559 2355 1040
241 2901 1279
1152 2980 3500
2312 1260 8934
271 2966 8181
1575 1615 3859
2547 2811 5854
3452 2510 8794
1455 3166 9770
575 58 1602
1004 49 2621
888 2708 6493
2961 1180 7
965 509 7558
1910 1020 8555
1899 1967 5095
3276 3785 8198
3628 1346 7523
2059 2275 4998
3238 128 6037
505 1873 672
2522 3351 2793
2007 2245 7166
2440 1148 1326
2459 3153 560
2108 1315 7843
2416 840 9973
992 1543 1737
3491 239 8497
3508 2888 4596
800 99 7165
1248 2734 6400
335 2220 2710
1114 1532 6967
2953 2311 7721
1344 761 3581
3491 905 101
2170 1362 1706
249 639 785
2499 2488 4337
3497 2985 7278
2956 745 7933
2223 3518 3239
1116 515 6892
2127 1606 2012
3550 3068 9487
2036 3068 4593
1689 916 2102
1020 3559 3199
2703 3221 9330
2993 1115 2891
1732 720 7328
303 1654 3557
1542 292 6033
979 3699 3312
3604 1035 9852
1847 2111 1852
1940 765 9922
2588 3314 1801
1838 2301 7593
872 2830 8630
2545 2067 4673
2982 3152 3881
3322 305 7708
1452 2096 2363
2812 1902 7892
2478 1166 4758
1784 2912 540
1597 367 8567
1460 1967 5776
982 2845 3836
3570 1764 333
377 1302 3738
228 3118 8616
572 2069 1013
1697 2127 5224
2685 230 1522
442 1605 4394
988 3187 9296
2074 2702 6113
1779 1625 2525
778 957 6528
3433 2607 3079
3207 2554 408
2960 2381 6824
1990 2277 6955
1021 1331 2903
2940 2182 2125
3263 406 9524
702 1185 9745
2765 42 7959
1768 495 8092
679 3365 7758
320 2847 395
3102 1915 8813
132 1319 3968
3644 2613 3555
1279 2115 9665
2731 2831 7094
2932 962 7239
601 979 9928
1373 1183 8326
1554 1429 3191
2424 1086 5531
281 3262 2039
561 3717 3811
1999 1816 8163
3697 3246 8220
928 271 2890
70 1586 9030
2337 3464 2851
467 3138 4345
1910 2667 6533
2754 740 1335
2339 1124 6231
401 3597 5781
3401 3031 2575
141 1143 4668
1621 2377 580
758 1969 2212
999 3742 3147
790 2353 7792
2623 585 8853
3166 859 5177
2551 2296 7693
420 1167 7756
2997 3548 3468
3099 3547 1521
1571 2411 5010
2973 3091 9837
764 3500 7613
3261 2325 9037
3190 2554 6570
2958 2741 2780
1225 1483 5331
2136 2617 3348
329 805 6055
806 1047 8408
3466 2739 8308
641 3562 4953
1497 117 32
1893 3154 2652
3425 2434 3458
351 2571 299
442 501 6341
1141 870 4404
305 2958 5819
2077 2072 4051
572 2269 1650
285 3712 296
2238 3508 2431
2592 2491 2438
912 2993 8862
2143 2599 4814
1552 2893 1883
1666 2926 9816
2837 2330 2396
213 3492 4445
975 3076 9893
2537 2695 6280
2691 3598 1675
2355 3012 5626
114 645 2554
2439 3391 1001
1747 3308 4262
2380 2169 8660
991 401 7562
1373 3416 423
3280 3253 8210
2331 3206 8040
1558 1887 4960
2428 13 7618
2151 3089 6462
2475 1199 1715
1266 2761 6253
954 3010 1120
2936 1357 2387
3022 427 9771
3719 663 3254
2357 1654 3050
3726 1515 8217
117 2373 2360
139 160 3150
897 1978 393
3096 2697 9312
3268 1107 9830
2026 3304 7393
385 1385 6739
2393 2280 7779
3343 459 7851
579 1124 1768
2279 401 1683
297 2051 5796
803 949 8570
1090 3786 1565
43 2826 1291
2966 1856 2912
3195 2095 9839
3304 1640 6625
1554 2123 9032
209 1725 3445
2895 2699 3839
1932 1980 1864
255 3288 6801
601 3743 7527
809 2238 8817
503 673 1599
2228 1086 2366
1152 1272 8312
496 2475 8066
1901 1813 2340
1514 1408 6264
2504 1951 3630
1480 2278 5206
1492 2380 5524
2921 108 4657
2480 2280 7754
542 390 538
862 1911 2763
3020 3549 7907
3610 3345 4180
1696 234 8701
312 2526 5070
721 1619 8270
1112 168 6973
1502 1846 679
1062 1516 5346
477 36 3840
3729 3095 9305
780 3026 3514
3657 527 451
1459 590 5325
1445 2689 4307
2418 2054 3969
3761 3286 7987
3503 1993 6621
1572 1999 4908
2385 3034 7954
3655 2684 6659
2392 1712 7154
2647 3542 1949
1966 2642 749
2644 865 8406
188 738 2614
2445 559 6349
1881 3700 1792
3374 3776 8284
2326 960 346
813 938 6876
3218 3518 7317
1825 3123 8786
3374 878 7816
1312 949 1190
978 2225 7207
2798 1971 7393
506 1755 8676
1709 2681 3823
892 2306 7967
902 90 5249
1009 2316 7950
3553 28 7551
1749 2346 1505
2564 918 5310
3707 1430 5423
939 961 6616
3072 3354 5929
2073 1971 153
3408 1236 4648
727 2697 9843
649 1374 7038
2054 1266 4358
3671 2923 7092
3375 1667 9502
878 1124 1276
1850 3531 1211
3141 3459 6708
1031 2662 8495
1870 1489 501
2691 491 5871
2826 1608 8308
3720 285 4573
3151 1565 264
3592 346 6970
737 862 4920
520 714 9372
2756 574 6904
611 2663 9592
2616 2292 4286
2564 1456 9974
2709 3053 1856
399 717 1672
3294 271 9175
3545 323 3502
550 3157 8874
436 709 1913
3240 3435 9393
2513 1066 8437
654 1229 8690
648 1270 9185
3662 528 324
3372 3583 8135
3449 1914 8453
1681 3482 2815
1598 2455 1102
3732 1239 5145
214 725 4669
3599 3282 7565
142 2392 5664
4 68 1895
1449 2530 1953
2273 2932 8268
1208 146 1561
2116 3177 1751
2771 1834 8223
1359 3321 7095
670 407 450
2420 3111 5751
2426 2665 2385
3715 1786 2561
599 2692 1015
624 752 4815
1594 2443 6784
578 1329 986
2995 1794 9959
2462 1679 4199
1928 2253 7933
2192 339 2082
1789 2157 3185
2446 1933 5766
3269 271 1720
1978 3502 5513
2571 2989 306
3586 2179 3979
3418 1353 2189
1029 1316 8512
3169 456 1015
3419 1678 1541
1637 1603 3621
2098 837 3916
511 3266 2926
3718 1738 1811
1591 1299 7127
51 3108 6027
1534 1211 5834
2215 2595 1833
1877 321 6898
2446 2863 2850
3704 666 2810
308 2734 2042
1678 2703 2580
1805 3315 605
355 3404 775
1078 1748 2900
2551 824 9676
196 2665 1515
1823 1899 1638
233 613 1799
114 3226 1921
2533 59 5786
1319 170 2223
3674 2169 809
977 387 4668
1494 2221 6605
1794 1343 5630
154 748 7407
2903 3286 5042
3451 1381 9198
1610 2923 904
1866 2617 9150
2075 181 7240
2886 2593 4037
2767 2191 7238
912 905 7744
1241 2130 10
3220 700 8403
3577 3519 9309
3408 3222 1446
1138 1125 6899
2057 1792 8778
1274 2312 3731
2467 378 9544
1684 288 9557
1513 182 6351
2600 1201 6966
401 2204 2153
1201 2442 9115
3619 2106 4726
2620 234 4680
521 461 5459
354 54 2722
1413 2502 6778
2623 3078 7361
3362 2401 9848
1716 917 8602
154 898 6174
2788 2933 7358
1475 1747 6385
1498 3316 7638
2468 2729 8862
180 2843 3456
2770 749 1090
1260 325 9569
690 2600 9844
174 1625 3460
1333 2675 8872
1204 1170 8345
2378 1569 5368
988 1507 6700
1045 1109 2110
3730 3270 1899
1615 1896 2112
2612 1893 450
3749 3483 4919
1221 2460 8267
2164 3676 7828
195 2942 7299
273 2402 6500
1915 791 2425
3508 3271 5902
61 3173 7593
1014 1618 6803
104 674 2381
262 2385 1016
1817 1604 5354
412 2190 3512
2139 2931 8576
1304 2089 1678
3234 3107 620
2129 3565 9895
2865 1943 7733
3199 722 2751
3343 848 9656
2819 2587 8914
387 2016 1450
1444 225 2215
1064 611 5552
2254 2202 270
2295 3141 2885
2964 1075 349
1312 3685 973
950 2642 8551
1021 2821 3238
2232 1534 1106
295 3744 4494
2387 2439 9033
560 3583 4015
2113 1461 525
3103 544 8963
1557 1627 9142
1995 2103 6372
1711 1494 2975
2423 3020 7662
2287 522 1621
3346 1819 4254
2097 2439 9456
1591 3071 8834
27 2809 4152
1738 180 3833
2614 1659 8841
2764 3762 7978
1594 2641 5681
908 1113 9571
3247 3035 2885
326 3708 1938
2485 62 5008
229 307 5116
7 118 3746
1497 1972 1406
829 2320 4608
1287 2247 6234
1168 2521 8408
2787 2696 8141
3214 1455 9028
307 1428 5688
1334 3546 6132
2155 3304 825
3371 3675 2103
2475 2464 6629
72 3090 6472
1743 347 472
2745 1859 5380
604 969 3126
141 1922 8239
1460 1721 8287
1186 3685 5024
585 270 9632
1869 1095 8103
1753 2354 2142
731 2603 7609
2927 3772 1677
1462 1069 5434
980 603 882
326 2715 7227
2855 3562 3736
918 2012 1856
2592 1341 6512
3609 2633 1697
3603 2355 1615
702 2749 7790
1751 3433 3317
577 797 1887
1960 1537 1736
3575 899 4065
2289 3432 5393
49 2841 3440
2337 2881 5246
3682 820 3098
528 340 9022
1513 1570 2642
2570 1179 1815
220 1099 1403
2663 1466 2750
1879 2610 4143
2246 2670 248
2525 3495 4548
40 2847 8797
2687 2068 532
524 1672 3510
639 1932 4864
226 1875 9351
3242 1649 3543
2304 679 3748
159 3748 1091
1604 644 8696
1614 563 2527
194 1269 2732
2932 1286 7285
2941 3564 1058
3336 437 1518
2058 545 2290
1152 3110 626
2225 316 1672
2378 306 9509
1343 1756 4200
346 2453 4982
3268 1419 501
1457 937 5450
720 725 7434
737 84 3976
3233 1408 9528
3447 198 6575
1568 2117 5513
1378 1694 8842
1868 3691 5277
3146 3441 4688
243 2426 3549
1699 3271 7766
1667 3747 3843
753 285 811
1636 1590 4592
3036 2543 2984
2857 3199 8785
1518 1690 8287
1712 3680 8453
3251 199 3406
2935 55 3789
3206 634 7870
3039 2859 3924
2850 3463 5023
930 3660 8789
1359 1289 7110
2295 185 3614
348 1156 400
1214 2260 2077
92 155 757
2067 2034 4547
2919 1956 4624
655 1149 4369
2837 3096 5546
526 2921 4686
3719 587 6128
1437 2095 6791
2954 2200 6926
1416 3670 1579
1715 495 4268
2358 1592 1665
2763 3577 2798
430 1195 6986
3481 539 5120
3324 3418 3934
523 524 7885
2963 730 5152
2510 2075 6436
1697 969 6144
1743 2565 1126
1289 2651 1851
32 3649 3341
2487 1525 3654
3127 1790 164
914 2727 8000
3037 1071 2175
2085 2224 5055
1565 2090 5586
2929 3475 8236
1505 354 1830
3482 1764 2007
2767 2970 4973
304 3246 7322
3269 2239 8525
101 1679 2730
576 3090 5365
3750 3694 3703
3220 3098 828
3319 2186 8199
2401 1726 2844
3592 2248 389
100 549 641
2970 2192 7462
648 2229 2747
2335 3549 3601
549 2954 432
3142 2525 2715
1591 3513 1782
3285 3659 5726
2675 6 1164
2794 2726 1693
338 2047 9265
1076 1910 1811
2728 132 3164
983 2001 9741
2469 2663 4307
2181 1331 555
3338 1502 7545
631 1263 5654
3393 3145 8205
1326 2377 4002
172 722 8109
2217 1795 8674
2376 607 929
3170 1410 1193
2751 1412 153
3226 958 4963
746 2621 3813
3023 85 8677
585 340 1824
2653 666 4549
3714 398 9567
3299 967 2192
262 84 7592
3333 1534 427
751 1423 1464
90 525 225
3091 3256 7224
1455 3428 6853
2941 1794 8448
1138 2256 6426
3081 2779 7544
2867 656 2230
1689 3345 7485
557 262 8675
1409 1895 2508
280 3167 6442
1735 1397 475
1199 2811 7354
1232 317 4803
3302 1683 346
18 3346 1404
1078 237 9102
1759 3184 1767
1783 3485 519
3458 3777 7498
3365 1421 9601
737 1578 5320
645 924 4676
607 1233 2667
2568 3169 9423
345 1809 347
3157 47 8146
148 2751 8976
53 1046 7354
2245 3043 7325
1509 687 9563
3531 982 93
19 1531 4481
3781 1427 9475
41 2495 7607
2783 3765 8869
404 3061 2747
1915 97 5004
672 1974 2185
2724 3068 107
687 1634 7945
425 150 8990
2742 133 1537
1859 571 2798
3644 3771 9619
1017 405 9396
1543 519 4769
1876 922 478
297 1 9108
2797 33 369
91 2279 9353
1543 2232 6015
2649 618 8141
1720 2133 1079
1182 1112 2665
360 3764 1953
200 1555 4442
3120 3359 4416
2421 1496 8039
1047 745 5705
428 1322 2209
829 1266 7520
1286 2607 2599
3246 3094 6891
1107 2589 4957
1325 710 3631
500 886 7489
1970 3221 1059
3661 229 3056
3072 588 8532
2355 33 229
224 953 8331
2905 3444 3155
1851 1127 4271
3465 440 2941
1571 164 9877
884 655 5299
512 2433 51
632 778 9935
3611 3455 1835
3191 3674 4393
587 3739 318
2325 2784 871
184 3071 2923
3632 533 6784
3424 1396 7832
2244 3106 1616
3332 1866 9249
2559 190 2096
359 3347 7318
1129 24 8606
2602 185 5768
3750 3324 4911
3616 1974 2887
2551 1216 3279
1355 2465 1023
2284 149 631
2342 782 9062
3757 1302 9504
2916 2142 4649
842 2666 1756
470 3559 4815
338 833 6828
1473 137 41
365 2790 9410
2477 3038 2003
2063 2994 4554
1073 977 3667
981 236 5759
283 703 6237
280 256 9986
510 848 9456
2136 2451 9619
2214 2192 2147
2655 1890 1844
195 3711 8062
1768 2399 4754
771 2298 2433
737 554 3555
3115 3693 8717
1709 897 4393
97 1823 4184
3359 670 5550
1559 2912 5087
96 418 3126
2236 3527 1691
3345 203 5951
1536 714 8977
2098 1478 6287
340 3204 2961
2945 1962 9007
2310 3036 7843
443 2616 7984
3515 495 6462
1651 2486 3866
3352 294 3284
426 913 464
974 1868 7091
3589 3754 3275
1631 2515 1773
129 1885 7988
250 134 3783
473 1110 5750
2985 577 6366
68 961 4871
3242 2521 911
1046 1354 9628
2063 937 6073
1918 3622 3282
3695 1093 2101
1502 2063 8995
2920 97 8527
1513 3415 1225
2013 3214 4538
872 1956 2989
3249 3485 1107
1512 3039 7457
2685 367 9065
2761 1595 7798
539 931 7158
1653 2158 6175
2375 3122 5229
523 66 5259
2123 1554 9867
2382 3743 4750
1711 2138 5090
701 2038 268
3610 1355 1306
1827 625 1037
1716 1222 1528
3484 1759 8013
2223 3546 3070
711 2038 7998
3250 2001 8888
253 1542 6655
1420 3184 9152
1704 2324 4693
3414 3700 8067
1292 2296 8380
2546 2322 1529
1262 271 9072
2406 2796 9348
818 1306 7005
2313 2777 3491
3381 1362 1319
589 406 5837
770 2560 7639
2805 1311 4752
603 2231 5275
3170 1007 9132
671 3699 8668
2803 2186 7765
1161 2949 8587
3711 1007 931
882 1882 9713
853 3787 6115
1893 3458 2897
292 3182 6909
3400 1395 5903
2538 336 5173
808 1307 7754
189 1141 7552
1451 3363 3464
324 1193 8221
2174 1911 7171
1338 2996 938
650 3748 2751
3186 159 4723
3794 3712 2920
3642 440 9917
2433 420 8894
2004 1785 3016
1409 2780 5850
444 1979 2910
2295 3013 7049
800 3202 4533
3000 2890 5742
176 1901 9562
2286 1794 8565
3289 2148 1168
3214 3551 8076
2232 1990 1746
2654 2240 9168
1778 3449 1219
3786 1816 5122
716 1816 7074
342 1453 7781
109 3418 1660
3466 2424 6377
3270 2981 5536
2412 3706 6508
2989 3187 8981
3102 2489 7030
1322 2550 4510
1857 1026 3634
2138 1307 2180
360 3186 321
233 702 5704
2453 2301 6512
3089 3422 9830
1927 1665 1625
2506 292 1208
1030 2993 9683
1699 3496 3272
3744 2712 2777
1463 2141 3256
776 253 6632
1850 2120 3722
891 1497 8505
1573 1967 2870
2195 2627 5944
2754 361 3100
1304 3252 9794
3579 55 1774
2917 1480 9797
202 2796 5294
2092 1903 8025
1788 1271 5963
2930 2256 5760
1765 3326 3018
2012 725 7747
1815 2847 9954
3036 801 3994
1904 1064 2910
2574 2488 852
3110 627 2102
3382 297 3916
848 3626 5500
334 3265 5375
1298 1545 7091
3206 2369 5742
1729 3463 6728
1336 820 345
1408 2428 515
290 2938 2032
3094 2584 9459
3288 1179 691
2673 3370 8325
3515 2070 8083
1746 1977 188
868 2952 4009
3775 1567 5038
2746 3165 7876
1026 212 3477
1821 800 9578
2679 976 5312
46 3780 8005
226 1292 7462
174 3328 8069
1975 3336 5190
1187 1609 4620
2786 404 5528
549 1823 6671
2991 1676 6711
1855 1177 9110
1219 3449 347
3209 952 3049
3712 3122 7279
2703 399 5862
618 1421 8583
1227 1535 3776
3383 354 1188
1669 2885 55
3029 1340 743
474 3288 9205
2062 3676 4425
1850 1787 5139
3673 2316 1824
1842 3035 8824
1470 166 3197
1757 1128 7198
1231 773 6362
2740 1141 3421
1381 1347 3627
163 2793 462
1821 3308 1386
739 2592 5356
2301 2667 6290
2604 1999 2198
1786 2156 9685
2612 1584 1132
48 3691 6967
3795 2713 348
1137 2439 7081
3076 1615 1511
1314 1771 3896
406 1103 4273
2285 3708 4549
2286 3245 4587
2949 1286 1879
2941 1287 8403
28 1135 6287
65 2247 5294
1944 1027 93
1835 831 9638
200 3652 7963
3789 2043 2260
2682 2958 9570
1778 1749 3576
665 1138 7402
1191 2188 1008
2886 3382 3452
2643 453 2999
1278 692 552
569 2516 7510
2460 1305 4558
2087 3327 4382
1002 3711 2773
2601 1036 8322
1594 2765 8105
2598 3738 1060
973 2259 3251
867 966 6595
3722 1450 6202
2270 3326 4399
1433 3755 7272
1056 840 1941
3498 892 7850
630 1776 9138
3593 511 2296
3151 2488 9910
213 1641 1937
2465 1288 9814
192 2048 3710
3416 3393 2498
3414 267 5625
3499 2241 130
2373 1866 8124
2371 3155 1115
2698 1924 7390
1129 2360 6367
793 1894 7641
2969 3157 5016
2210 1829 939
3386 2985 4001
1031 999 2574
2046 422 1700
2928 18 4565
207 1643 5441
696 1071 8510
702 1568 4866
3670 3366 521
3639 3678 4543
1792 3175 1645
1081 3511 2050
1771 2724 7924
3001 1371 3728
871 1587 6567
1584 2595 8023
2847 1836 55
946 163 28
2952 3665 9884
3733 1470 5471
813 1147 1936
2445 2241 4579
2663 931 3529
423 518 7409
1344 1352 8597
3003 2090 3159
2091 3244 9090
965 3256 5749
3012 1187 8193
1343 1661 6161
3738 3441 5777
365 1353 9685
402 3366 3011
2529 2170 3527
2847 9 3917
1675 2261 5304
1433 827 9597
1258 3583 7536
178 630 7155
2982 1807 1019
602 2962 8511
304 3522 3731
808 1538 5687
594 2873 3321
143 3172 1653
2591 1071 6023
1352 1232 7579
2764 420 3187
886 1467 9520
2029 1265 4324
2441 314 6143
1802 947 7660
1730 1334 4581
3054 2383 1800
344 1256 8571
3335 2129 4302
14 1263 5171
3095 3576 3363
2186 2327 9079
3005 497 2287
2057 3180 4783
3757 3527 7997
1493 3032 3231
1039 3078 8385
2435 2995 4226
776 1709 7912
1513 3694 7264
443 2986 5656
1705 2669 166
1440 3257 9103
436 3088 5587
2946 1348 8776
2764 1970 4529
1779 1675 6038
1375 1240 6289
3307 2284 1253
3059 2022 8592
3437 629 3969
1073 2965 2800
3283 1302 7487
1183 2848 6639
321 3329 5118
1666 1758 6340
2689 442 9581
3004 3749 4344
1584 3582 1104
959 2922 6997
2047 2532 8169
3635 1849 7366
1012 1967 4973
2630 2295 4836
3271 2286 9303
2461 2011 1806
2741 1363 8347
41 247 5310
262 2578 7038
488 2592 921
1096 3126 1799
806 1880 5615
1848 65 8905
602 1505 4778
2181 1045 5754
2102 647 208
719 2244 1627
183 3025 4354
2752 2613 2921
1782 3480 3657
295 758 9451
3176 2118 1511
2830 3466 2418
2007 1506 8847
2968 1653 7329
3104 90 6586
793 2605 7869
3074 891 8448
2859 215 8298
2062 3230 6404
1428 1572 584
595 174 5660
1817 48 9453
389 239 5441
2836 685 7259
3742 3575 4890
2497 900 1906
596 1053 69
3182 3415 6824
1079 3344 6447
809 601 1638
428 1536 6904
3057 2869 6115
2557 1600 2881
3568 3340 465
219 279 9463
2392 1904 763
1596 3139 424
3727 2269 4572
637 547 4822
3326 2330 286
1868 2369 6147
1443 236 7391
2105 2024 773
536 321 416
3730 3667 2373
741 1490 2040
2490 1444 5030
2136 3387 3987
3223 2343 5741
70 1655 9432
3165 1280 8275
1509 3556 7511
3504 3780 9523
176 3101 4250
2420 2374 8238
2764 2599 8309
343 1995 3634
3084 2333 1475
3707 1547 7922
2751 3071 684
2039 414 8813
3644 1468 9108
729 3047 6239
3431 1781 470
2488 1274 6508
626 3611 5207
160 405 5422
2751 728 8121
10 979 8725
3153 1733 3861
880 312 7512
1720 2651 9911
3413 1367 5109
2661 748 1255
2340 1301 1408
1665 2692 1198
613 3283 5310
1454 889 7171
1936 2667 9007
897 3506 5345
967 566 3455
1024 3458 3428
2930 2291 3698
3110 134 7655
2603 2469 7720
432 2700 4561
3070 3198 4369
467 934 8487
662 655 7922
1995 3079 9151
800 3692 4393
1886 390 6922
1332 1102 6921
313 2339 3887
2331 3408 9767
3411 3412 6802
2787 2006 5004
438 1758 1946
1434 1076 5030
2079 1446 2727
3124 1658 6979
2111 2168 4033
3256 2533 3801
800 3000 2965
3462 3301 2217
3379 1958 3101
2080 3555 8813
781 2698 1330
3034 2242 5116
1794 1332 4246
2201 288 9919
1726 734 4517
2562 2700 8459
2561 3035 4234
3517 1895 9840
2267 632 3118
3741 3407 5272
2077 1342 5929
191 2863 7696
1033 3706 837
3199 2916 2233
2565 3257 4459
3341 450 8749
222 3562 402
1951 2704 6828
3250 2624 2343
3236 1803 7561
3214 3384 1509
2781 1540 1455
2728 3758 4528
562 3664 77
253 936 6962
1248 2918 9673
1936 589 4259
3620 3651 8873
194 2388 1102
718 1712 6621
972 3597 4922
2038 112 4201
2774 967 7455
3017 1377 9639
2335 3344 9899
3204 1467 2343
3653 1512 3121
2418 2558 1057
3319 1665 7942
2429 3097 8448
1887 2200 3069
1508 1110 427
2310 3376 9456
210 2041 8998
293 2279 1119
471 1793 5077
3725 708 2540
3238 4 6126
318 2608 1066
1490 863 9361
2398 2830 9675
1671 72 2063
3460 2398 4793
137 483 4530
3203 449 7417
241 3056 1647
578 3737 3094
565 2544 8672
1580 84 5362
75 3392 3734
2330 183 8996
3478 3628 9679
1020 3150 1625
2308 2952 5413
3542 2200 130
678 2685 8171
3780 1936 2716
470 3232 9496
3393 2212 636
79 357 6293
2203 2254 9917
3468 2812 6033
2264 53 6463
1358 1385 9364
2621 2532 334
195 2339 5277
1176 2955 8441
3123 575 8446
2994 2249 4933
364 349 1175
1365 1039 733
398 893 2073
512 3330 6671
1248 1155 5137
1639 2278 8337
1903 2587 9915
3564 3479 9043
725 3799 9321
2112 490 619
1673 3242 9947
218 2124 468
3752 268 7385
136 1932 5113
14 2853 4364
210 2195 185
2366 1935 969
303 885 1927
1635 1681 143
3728 2057 5370
1693 1275 7128
541 1685 8398
2822 1671 9551
1084 552 9311
3491 2187 123
2108 3669 5518
673 698 6470
2001 856 7463
792 155 9795
2689 325 8212
1311 1710 6517
76 125 9033
690 1153 6906
2647 2428 8505
2290 1350 372
2409 2258 1557
682 3258 4752
3398 2546 1058
1671 2631 6461
255 2335 6612
529 3365 8457
3347 2783 9532
2761 3243 8890
1632 1396 1408
2820 980 8781
1806 1950 6485
1873 1764 4697
2101 2949 7377
1616 308 7141
3198 276 290
3484 700 213
1271 2163 4475
1670 2311 7737
3725 1935 9714
2194 1627 1207
1630 857 7121
1963 1649 5408
1615 3082 9760
2946 2334 5840
3568 3491 7677
3512 2291 2831
2766 3409 8593
1450 914 2443
3037 2977 1945
1751 2241 773
2404 2413 9079
3003 503 4345
1059 929 4877
1235 885 7537
3127 3772 8043
3483 1238 4629
393 3044 2056
1509 2121 8729
2320 774 6620
3449 2920 5024
40 1058 1831
3390 2861 4208
2945 512 3319
870 2825 845
1720 2377 6999
3402 1005 4507
103 2968 7239
3705 2738 810
212 2267 5075
2721 2636 9934
2680 1306 6300
2525 808 2525
3072 1668 5171
185 2689 9717
2664 444 4821
903 1242 8579
920 3343 6028
2904 1274 2128
2650 1507 22
1705 1059 2931
1415 2234 6411
3370 2297 9198
3194 2583 2753
131 1625 5334
104 2946 2275
2041 2768 6436
2378 555 9298
3271 1382 1411
3645 668 3230
2161 3380 4634
1589 7 872
3760 1082 5573
3468 2365 8064
1084 1122 6936
434 2905 1586
1339 3702 3383
546 2791 3266
615 452 4307
981 1314 4780
2370 2810 9558
2458 2595 735
3305 1541 4810
3282 1939 9648
1926 2780 9464
1127 2712 6401
1824 3659 1532
1289 3239 4189
2689 2680 2869
1632 3619 5500
2256 864 6639
2894 2068 6634
2845 2463 5133
3162 3426 7798
56 3349 6531
2154 1933 2328
1315 1408 3025
1366 2946 5427
884 699 3501
1546 3768 1693
1349 3662 8741
2223 1936 5500
373 572 6445
532 3561 7080
511 1664 1644
1351 1695 9248
1133 2518 5319
447 2112 3849
1363 577 3969
680 2072 5142
304 3748 1261
2488 616 6509
982 3619 4445
925 1195 5824
2430 3384 9707
439 3024 7159
208 3614 5019
1267 3467 9394
1226 2377 5983
3556 852 3329
1644 1183 9795
1206 762 2023
1449 759 2670
2161 1463 9695
1564 2339 4823
1196 1003 4093
880 2809 6475
2963 1880 4450
2401 2840 6276
2642 2228 581
2661 159 5561
550 2593 1134
1427 1638 2895
2719 2794 436
2574 199 4574
2008 3606 2289
3609 959 7834
2399 1896 2132
394 2740 8984
109 2469 3011
3133 2205 6542
879 313 3702
1822 2465 2060
710 2139 8469
320 1637 1711
3289 2921 1798
2425 2811 478
98 1435 9088
2181 681 2091
3794 438 9324
5 1359 5560
992 1668 7683
2263 3077 4783
3545 217 9257
1491 959 9290
3322 1666 6040
3065 1701 6966
637 66 6278
3221 1272 6320
1806 1867 2801
3077 3141 6855
1873 2656 9128
804 1166 7207
3242 3002 8250
936 2412 4748
740 1894 9940
1164 3400 2802
302 1624 7090
917 3279 1394
1268 2644 98
1320 3084 9095
641 2048 9988
836 3743 8432
742 3161 841
2905 1222 5672
3434 2841 2661
338 2262 8183
1923 3565 6554
426 1354 3267
119 2652 7843
3228 2173 9436
215 2613 38
396 615 362
2045 2888 8642
1014 525 2833
1943 750 5491
883 1391 5255
1794 1424 4467
1633 243 5034
2805 2915 9699
2577 2818 435
762 801 7435
1524 2728 4673
2795 3042 2810
54 834 5301
1880 2002 2824
2690 2234 4285
778 2967 8531
974 1575 7485
3169 3209 5533
1020 3026 1706
227 3576 5220
3517 2028 9787
1785 2557 4938
1932 999 8192
1217 2285 4207
2054 797 1063
2119 3244 4577
2799 1229 2491
3076 2618 6406
548 1258 26
3212 2807 6642
736 2886 4169
581 101 9664
3707 69 1800
174 2135 605
1479 1833 8811
1824 2929 2089
674 2810 8349
283 645 5578
3646 306 4727
1968 2285 6448
1864 3529 1791
1441 853 6472
1176 3022 5872
281 3361 4596
1274 907 6084
1402 752 6141
1801 2772 8285
3734 862 9946
845 1451 403
135 1981 1446
733 911 7581
3454 3560 9137
3673 2801 4866
182 826 7336
2813 1140 9762
195 2166 1678
1566 3414 2451
1371 2996 9802
683 838 848
3786 3152 9613
47 3705 5904
521 342 3726
1428 2520 1391
1256 1953 9966
2252 3766 4979
1048 2907 5937
2756 1265 5523
2741 880 2681
2843 2860 1074
559 590 5034
1414 2253 6219
3024 891 2274
2096 627 386
2524 3322 6122
1810 1002 7800
1712 367 3032
3090 1752 9828
2724 1548 28
2968 3748 5486
92 334 8097
231 643 7878
1640 2434 2542
193 2613 7569
2438 155 3523
359 2578 322
3017 3027 933
1493 2295 7039
3318 496 4285
1874 2162 3528
279 2900 1704
2873 2141 5266
770 2667 4586
1728 2779 1344
2981 2321 4625
1484 2868 2413
175 2496 9036
2758 3540 6437
3172 250 1697
3015 418 32
2112 816 6721
2564 2887 5433
2270 3479 1061
3474 1772 7416
832 634 1799
198 1889 2623
1621 535 6306
2572 1439 3554
1324 1961 3982
271 3401 6361
220 3295 3638
3164 3074 1510
3034 1019 3599
193 1395 3002
3442 3654 1038
1737 673 2606
2598 1636 3474
2083 2128 7001
394 3003 5433
3659 1511 6548
765 269 7991
2369 2463 810
2150 358 6826
2724 231 3445
2471 577 9445
125 1491 8110
2826 2496 9041
1596 2844 8049
1153 961 6845
1525 874 1234
2752 1982 3933
210 1060 470
2327 1088 142
2622 520 8390
2945 1319 2133
2483 2133 3418
3143 1999 6843
1962 623 724
2270 1313 8205
2435 3215 886
3192 135 2015
543 2013 837
513 2362 7216
2920 2108 9382
2133 574 3014
164 2718 6370
268 2945 6486
3170 3610 2181
2942 1171 7816
894 2083 6603
1057 2544 3832
3485 22 888
1889 68 8398
1704 1664 2343
3772 1056 6460
1172 533 3795
2001 3759 2910
2950 1887 1484
3271 3447 7926
880 571 1813
1597 1994 1726
1453 1412 9225
1096 3179 4774
2703 2258 4567
3552 417 4007
1485 2574 8836
1946 440 2954
886 2547 9239
182 1102 5042
1515 2602 1147
3349 1082 9445
724 2410 5991
920 3716 7607
3561 2469 5757
1550 2376 9603
2066 3001 392
444 1979 7845
1648 890 2089
1840 2756 8093
1113 782 5182
271 3238 851
2762 3485 9811
3358 780 6258
1624 3348 5333
2028 3507 6437
1926 2844 8024
2003 2780 1010
1999 1689 7421
1305 2291 2235
1144 1139 9536
1562 2230 6373
3783 2423 2029
2030 3422 2302
1788 3002 8430
2884 3434 5942
3322 1182 6964
3222 465 1902
616 3314 4316
3353 2195 3871
313 3672 1984
3155 2272 310
2833 146 7226
2798 1347 3098
257 1620 851
1602 1666 2993
2760 3236 1008
979 2767 1263
3675 3227 5926
3616 3061 211
117 281 3717
3131 315 9918
3482 1886 8537
2515 3723 8340
420 205 3913
3340 1201 1873
1893 2426 8816
2507 990 5436
1127 869 4577
292 230 4624
565 3640 2147
857 2528 5767
3226 3263 373
3603 1034 3226
179 3285 8519
2645 663 8720
2412 3034 6562
1522 2299 6620
1464 3413 839
1874 1961 1343
1304 2952 4299
1583 1704 8386
2460 854 7241
3196 81 827
1036 2782 5483
1792 1046 2500
3765 941 1559
2504 2594 4423
1101 1237 7630
1878 1817 8390
2728 261 6520
1045 2973 665
3462 709 3092
3738 1093 8318
226 1114 2021
1673 2545 2247
3382 2766 5102
3291 1021 3398
2573 1651 7676
2280 3337 9248
119 2777 3943
3402 3649 5808
1851 1471 4362
2752 3473 623
808 173 3639
692 3554 5874
116 879 6434
1674 2851 5875
2962 656 2470
2869 2595 4036
2783 1826 5209
567 1890 5730
2049 3168 5793
1231 1628 8403
519 1117 3133
1588 446 2065
1866 690 7790
43 1118 9760
2920 1534 1670
981 1112 2521
2840 1438 157
641 2473 9016
996 1712 6910
208 3349 489
3499 3365 8693
2981 1062 9506
2040 1100 7185
182 85 9040
160 1022 737
1539 2360 6829
2432 1851 3654
459 3518 5271
2976 558 4768
3315 935 2374
2745 3667 9111
1319 3280 3369
1085 92 5224
615 157 359
3619 1789 9145
2909 3326 5763
2245 833 5768
1431 911 6663
3603 3559 3363
675 2453 4491
1802 430 5941
3192 3234 7941
65 3108 8651
709 1161 9504
419 3046 1690
2058 2126 8564
1532 3673 2438
3518 2776 807
789 2050 7562
2606 361 3998
3213 687 7320
568 1772 924
670 956 3211
1512 782 582
731 1669 6647
853 2369 5607
2470 3275 9030
2237 2773 9304
2237 2934 4205
2508 111 1765
471 758 1532
472 2464 6389
2098 904 9155
812 1777 7955
2517 3585 952
202 1550 8379
81 2018 1682
3410 3278 5735
3294 1571 6184
1142 2592 2590
658 1150 8552
1878 1998 2521
1229 2068 3789
2174 2967 2545
1980 2115 7083
300 20 3451
1997 2108 292
2099 1432 1644
888 2302 7436
2931 793 6625
2280 3693 6941
1080 3046 9633
3379 421 873
1589 2306 5219
2778 265 2497
1935 2997 2904
2489 440 3510
361 3405 817
3036 277 6163
2189 2459 4215
1621 2516 4616
1707 608 1446
2406 582 1010
3742 1529 5447
2169 613 6803
2054 2578 6076
2347 3108 8432
1263 2546 904
1718 1957 6187
1366 2549 8311
1067 2004 1287
338 555 1803
3656 1284 2840
26 3217 9212
2647 3163 7032
1908 472 228
1886 3051 2448
2913 2617 1531
3536 2529 3232
1097 1204 4062
939 3524 540
145 3480 1618
1336 810 5725
856 1350 4647
1247 3013 9718
788 2833 7751
2132 3426 7649
1351 2498 3592
2532 921 3851
148 2748 9088
96 148 2548
3003 3370 6907
2516 3000 879
1300 1463 7021
3308 2496 6290
1909 1354 6676
2589 3 6779
3643 1542 6538
640 1134 1042
730 3624 8894
2100 3003 4961
3060 867 2506
1337 1264 3620
1140 1221 3962
3301 131 3025
3139 2272 1856
577 3215 4317
3322 328 2735
312 2567 1775
332 8 2837
2942 356 9049
1186 3770 950
2628 2257 3885
212 1215 5134
551 2638 6069
2056 51 8962
3032 3230 1989
2074 482 2039
1596 1334 2092
3165 1470 1200
383 1916 8253
1774 3663 8976
1676 3039 5790
2485 1568 6410
260 1801 5101
1604 2512 3325
2628 1122 7111
1253 1492 7026
727 2435 8973
3221 1522 2532
276 2960 5943
2126 3317 8788
3540 300 3672
1770 1221 2806
640 60 54
130 1759 9175
398 1015 6653
2765 1350 696
1345 611 9511
2859 1465 7607
2744 814 668
1952 2042 5309
849 1389 5696
2501 3073 1048
3739 3148 643
2973 1496 6599
1378 3056 3108
2844 1340 8904
1142 1560 9397
3606 1964 6591
1849 1 1945
1942 686 551
545 1551 7676
2185 2922 426
3084 3185 1392
962 256 6586
1950 484 3366
2815 445 2575
1325 2013 1463
1679 1379 7053
2790 2529 7064
737 1313 3631
2624 2527 1777
1498 21 6122
151 2375 5058
3708 858 1782
3223 1092 7167
967 524 6294
502 3743 562
3533 1425 8599
1164 2668 7459
2026 2250 9351
2505 2161 1194
3038 823 6921
411 1274 1535
2882 1209 927
886 1023 9701
101 3050 2754
859 353 6268
894 3533 5984
1794 2754 2949
3650 3500 8165
1502 1292 9980
2367 3352 6988
1258 1970 4990
1738 937 54
1984 1181 3442
2544 80 5058
3040 238 9438
594 1897 5009
592 1371 3228
3395 1187 4032
2134 3494 5006
2307 451 9234
282 3669 4969
995 1701 2478
2787 1367 5589
694 194 2829
2253 934 6215
3655 2421 1203
186 595 3373
2509 3379 5565
1672 2536 8464
1629 3491 2351
2414 3122 534
3101 1850 3174
366 2017 2316
261 3598 5959
2506 3639 87
335 3618 9700
1151 2696 4750
3262 3720 9510
3215 3339 6740
305 2115 3205
75 2415 7913
564 1625 4579
1192 3128 7257
485 2165 681
2171 403 2995
1142 1414 6789
499 1222 9867
2794 717 1073
778 610 8230
2318 2978 9827
2205 107 7714
399 3465 8557
606 1878 8457
12 2175 2254
2605 1027 8365
3208 1066 7087
2400 311 5678
1264 3250 2511
3543 3008 177
3040 3527 7608
138 1281 5286
1955 3646 9059
2749 764 8612
2503 2050 9671
3628 2860 7270
796 934 6647
192 2870 7211
3562 177 4030
843 3289 7880
113 3179 1215
1542 2595 9709
3162 1950 8272
2005 3262 9368
2488 2399 1539
107 3296 806
3323 2392 278
797 3191 3237
624 2664 3870
1736 2816 5358
229 572 3673
375 3678 9963
278 1423 8945
1297 1130 1888
819 2435 7195
3602 511 8663
1154 2745 6169
3437 2618 5964
332 1966 6072
2898 1068 6555
3539 670 1447
1608 3761 4943
2091 151 5290
2532 2929 9740
2846 975 6225
2920 3668 7388
3599 475 4702
3458 3284 2746
1737 268 5535
962 670 3614
1500 1150 7604
385 2757 783
3452 2493 5946
2508 2870 2824
1046 3404 8220
3116 2272 5729
2859 2811 6236
1084 787 7438
1448 835 8106
1445 1114 4302
406 187 803
2044 2546 9843
2724 1394 3249
2513 2688 5643
612 3430 3929
1509 2411 4797
1473 3329 2321
3308 984 7182
878 3018 8548
2289 1866 2147
1556 3648 1197
3246 2093 9940
2174 3641 2341
720 588 3858
1294 1840 9823
890 1137 9395
3295 792 2017
620 1987 9052
2409 299 1502
1971 3331 2910
2123 3610 8512
3196 2727 9922
894 700 9248
117 3745 6078
1814 1575 811
126 1745 2924
2052 1781 9478
106 1315 3530
3595 770 2638
3151 3095 3304
2356 2467 8761
3595 3737 4177
2873 1234 3372
692 1973 970
1335 1692 7600
1124 2985 2119
3260 2598 4092
1185 347 1540
10 291 963
1660 1382 2957
776 3177 5444
3161 1006 3904
1428 3235 1601
1572 2192 7057
3357 2746 5153
3299 148 8257
444 172 3919
712 3373 8613
639 50 7232
959 2557 44
1557 3412 507
1860 286 1824
112 3107 2496
1298 1894 5399
2672 1303 3954
2137 890 3648
2739 2009 3034
2477 523 9755
3461 1699 3796
3069 1841 4455
1755 1176 4509
3467 68 7987
2419 3065 3981
789 2571 937
642 2173 6036
890 2354 3816
3327 2724 7661
1004 3261 3896
1792 1922 7280
1682 2967 8057
1215 286 9026
2669 1536 5770
2531 705 7737
1960 2959 4532
2167 357 4465
1539 2830 8899
2505 1516 4726
3130 182 4084
2951 1006 7373
2068 3269 4256
934 1821 3943
2755 2588 6961
3143 1886 1579
2978 701 8669
1605 1691 7712
3596 823 2014
493 381 1615
2171 77 5503
2137 1146 6212
21 350 8096
721 3779 2059
2685 2524 2157
1469 559 7438
260 1400 3531
918 1410 5015
2269 566 2480
886 3707 494
3193 2689 2815
3727 3693 8018
46 2966 511
2204 299 3725
3259 2880 6819
2192 9 4760
2139 2369 7462
3609 692 7124
3470 2182 6086
2556 65 5681
1831 2051 4849
1311 3142 1649
3307 3579 1323
1111 1087 8132
2589 3003 907
965 2260 4721
1090 2922 3485
227 1080 5451
3736 517 8921
2241 591 6575
2963 2846 1761
2133 2164 7143
983 934 2349
2050 3207 7390
1510 3285 7690
1912 2189 7033
2189 1012 6904
3449 2249 4443
293 2776 818
351 2349 8372
3445 3517 479
3629 2825 651
1998 633 8606
3110 1710 4988
347 710 2324
3597 2586 9282
3644 2961 4899
3800 3398 479
1322 1285 2082
3507 2009 2011
2395 2899 1089
2764 3117 8516
2934 2466 6268
2134 1039 1063
1932 3343 6451
1608 3797 818
2272 96 3698
1179 1841 1210
3435 1694 3079
2588 2716 5557
1702 700 6870
302 134 1538
3642 881 5014
2069 3053 5407
1837 3678 241
3520 172 7991
771 2443 3194
381 2190 1277
1085 498 7907
139 786 1608
3269 149 4056
806 118 4792
2690 1921 5441
624 2062 7413
2123 1040 3060
2766 2435 5816
889 692 4459
753 3799 626
1596 3675 4518
2207 1973 2906
408 3583 8176
3741 2437 9734
735 3338 8429
3543 328 1804
495 1769 7720
1754 1560 4270
3650 1923 8473
316 2620 5955
2891 3547 3009
2292 150 513
1392 1387 8136
1076 2121 7468
2620 3428 2757
462 3267 5009
1430 3348 3654
898 1562 8969
2703 209 7955
708 2508 9983
1316 2388 3870
1729 3708 3125
2911 3753 3824
1568 1376 2943
277 2849 4210
3451 2513 5645
1487 410 7058
421 830 6910
2478 2514 9401
964 2562 5061
1345 2366 8074
1204 757 4959
2539 1219 9424
1359 2735 9810
1404 3421 7181
2989 3166 3518
3465 2094 444
2879 2557 1220
229 3721 5876
3410 3376 5991
31 416 7779
2453 1546 828
520 2733 4911
170 1872 5169
1735 1627 6352
2327 3287 9000
1156 1418 283
2299 3129 8635
2161 769 5084
388 443 1392
2806 3626 1171
1847 3176 3162
1873 1793 7520
1099 972 7759
1284 2935 295
2544 766 4274
1870 2526 5068
972 3554 845
1030 1261 802
1876 2515 6023
2131 1875 3313
2200 3252 1670
3646 1391 2644
448 2523 8331
3164 1757 6511
3531 1576 1263
2211 1271 2159
2333 2012 1952
3676 1071 3132
740 2801 6144
220 728 7582
397 3358 5620
2316 775 7634
2431 28 8841
2998 263 8007
2438 1238 4877
1784 3433 3902
1947 2315 2768
1361 211 3341
1048 2763 8331
2732 1145 8405
3578 3086 8303
1499 457 8753
2002 2962 5459
1792 3791 5698
3699 1950 958
3740 88 7496
3009 1550 9682
611 2562 2931
577 3196 3198
2959 3370 4153
1407 2183 1717
2702 2847 3715
3407 3435 6397
70 2475 4966
3658 891 6780
334 2800 5890
944 3553 9429
3272 3698 5225
323 3234 3483
322 457 8197
319 3310 1171
3010 1991 478
185 3048 8453
467 940 7759
2477 3396 5086
906 2000 2762
2429 874 218
1596 108 9609
1481 1089 8149
1822 3363 1517
3737 532 1125
372 3059 4202
59 1862 3999
2699 3625 9738
1438 709 4394
2236 364 6457
2223 1651 728
3617 1326 1173
755 683 2697
275 2687 1575
215 481 4993
2178 871 4602
1637 1762 9797
1880 108 4952
2912 3445 1511
3643 2646 2757
727 305 6946
3089 623 8176
2260 1921 4173
2739 626 3621
2305 2592 7489
838 2007 5484
3219 1616 8443
1343 850 9447
1445 2937 2314
2033 3403 2414
933 532 9813
730 1740 1186
3709 1990 3636
300 1660 9850
2265 381 9266
2782 3443 7696
3007 3223 7367
1303 664 7890
3739 3139 9855
3121 1109 2313
675 202 8178
1610 3445 9151
1844 1965 1327
2288 3447 6338
2867 1539 7591
2695 697 2117
3124 3770 9856
178 697 3970
3385 3421 9020
3171 2059 9972
2498 2265 7073
3291 282 5883
1258 3584 249
1083 621 3200
386 1533 2895
887 3406 901
3785 1849 7159
604 2374 8193
2345 1751 8450
3318 679 9176
1752 1554 5037
1143 721 444
158 3036 2278
3065 1615 7409
2380 2174 5708
1475 3494 4298
3116 3547 988
2410 3100 3804
3438 2149 56
1173 1498 7918
2406 680 5428
3253 3200 8750
1432 694 7119
589 290 9286
3555 1087 4321
2420 2904 1505
1913 2443 8482
483 1358 4087
2148 1765 5729
1947 1248 1708
3608 2566 324
2825 3711 1494
2106 281 2859
1174 496 960
923 2280 5622
1616 1908 2168
2677 2756 2437
65 2470 5215
299 787 3802
3780 335 4844
3056 2249 1190
971 1343 1297
3729 2301 3881
1328 590 4008
2290 2451 7504
786 411 880
1513 3660 6215
3072 819 2035
2270 799 2725
2969 3726 2444
1663 1335 3661
604 2060 6385
794 2209 3160
813 3195 7646
1930 487 8111
629 1057 8041
2466 1051 6517
43 3732 6986
768 3524 8373
927 3509 6769
2238 603 403
1178 1356 3248
1524 3782 471
574 3053 203
3369 2212 4009
291 2417 7905
791 3778 8485
123 3636 1186
2483 3105 7077
2419 3600 2730
3186 2877 1753
462 646 9612
2981 3575 8077
3170 1585 4861
505 600 3229
1537 172 1608
169 2071 305
2303 1831 53
236 3574 5563
3401 345 1304
2357 2271 3686
662 3283 3809
1332 2542 8527
3653 621 3102
85 2424 3939
978 2970 7263
525 3262 4952
626 1942 9350
2572 2476 6855
488 1220 6947
548 1031 6139
3206 175 5742
3521 3408 8731
3348 1702 9453
1073 710 2234
2498 354 5520
3161 507 4817
3037 1531 3805
2832 2095 2983
498 3688 9649
1632 2771 1096
1425 684 3385
143 3310 9000
1023 2927 379
2124 2624 4926
1491 72 9174
542 2109 3110
2432 2280 8626
429 1871 5852
868 1502 5734
2355 1492 5496
2271 866 8809
2314 2187 3566
3052 3255 4417
1543 964 8827
1817 755 1165
3304 108 4518
1769 3197 7260
423 645 7756
1810 3761 2
3573 2871 3515
2225 3359 7404
3274 3601 6797
2207 1868 6485
3611 795 7002
1789 1465 8511
1399 3574 9880
3640 890 7635
3045 1106 8351
2269 3535 6882
346 2097 6466
3592 1863 9360
1489 2060 5049
1910 283 9259
2084 1751 2257
3185 1276 6799
165 1248 7932
928 3652 7045
2601 1704 7739
3049 18 4374
430 1699 6484
2422 3388 6756
3624 3374 4981
826 3243 1077
2989 2013 7247
3148 157 3743
2483 2875 6440
383 1450 284
3695 1881 2478
2025 1521 7525
1166 3737 7256
507 375 1195
3408 2103 6517
2732 2628 8459
2817 874 2673
2 2075 3951
2715 2445 3317
323 1503 2078
778 918 9693
730 3782 2999
980 65 4798
1599 39 3054
1597 1954 3578
460 3293 3278
2948 2999 6924
1624 1754 7391
2306 1622 1375
554 3271 6200
3767 1037 8730
1466 2517 63
3624 1690 869
1762 529 8401
3113 3320 9214
899 2080 3847
2903 2808 5564
1120 1598 5194
2490 3150 1273
673 2924 7055
1813 2775 2757
1521 28 4622
2065 1012 2524
970 3118 8049
1664 1006 4235
90 2416 2485
910 2732 5476
3240 3212 4650
791 272 9885
2220 1640 6237
2740 2046 513
3424 1149 7997
3198 1132 5734
645 302 3862
43 1849 3895
1981 1235 2854
103 2371 9059
739 218 7768
379 1000 8446
1575 2497 9015
715 2408 9478
2390 2611 9971
1382 3421 422
2453 2444 6529
1081 2818 1277
791 184 6060
770 722 4050
1457 3272 5549
2450 60 318
3557 3368 29
2361 2966 8513
1176 1339 1876
209 1736 688
1509 2054 1777
2083 2934 2656
1281 1511 4627
383 172 8408
947 2873 3978
1644 989 8552
2689 1273 804
2423 291 5394
2129 1844 4766
3754 1081 4856
2882 944 5193
1851 2638 2476
2237 67 1547
2604 526 6602
3080 241 2763
2930 2521 9254
3403 3257 7386
337 888 8173
2083 3299 1130
379 909 7792
126 2935 8808
1789 3683 2946
1385 780 5189
3150 3025 4677
481 3432 521
2017 2135 184
3647 554 546
353 819 7798
3008 1576 9286
2257 340 4817
1004 592 814
948 1299 4084
1071 2052 9925
3605 3545 116
1294 1767 2043
3695 3618 2844
1872 464 5713
1302 2260 760
711 3603 1776
324 1626 375
1556 3060 6844
1158 1693 2810
1936 672 1744
588 2295 4293
1301 322 212
3400 2411 8126
2910 3057 5
429 2661 1411
1087 1181 8077
3322 3651 4766
2432 2009 2725
1122 2270 9818
3128 3422 642
3265 3643 2686
2836 155 4703
2071 1167 4376
506 755 2327
133 2566 1473
1130 1135 2821
1 180 2811 9837 993
1 11 892 6665 123
0 920
0 473
0 360
0 1396
1 1532 3481 6075 1098
1 2052 2910 7527 392
1 1855 3123 8069 1094
0 238
1 105 2138 7919 690
0 229
1 3480 2046 599 507
1 2553 2422 4152 237
0 368
0 911
1 3711 2799 3038 1002
0 883
0 82
0 743
0 486
0 744
1 3545 1161 279 434
1 2742 415 6821 1173
1 3140 3479 4081 393
0 488
0 1672
0 597
0 1311
1 1275 1286 7943 836
0 204
0 1044
0 1643
1 782 2240 497 1453
0 310
1 1804 1303 8817 1312
0 1249
0 87
0 1677
0 151
0 359
0 1645
0 404
1 2917 80 2974 1529
1 1032 1779 1806 679
0 1282
0 946
0 167
1 1281 1326 4281 1601
0 797
1 1328 2132 4292 747
1 1886 1752 8866 1302
1 3571 1688 6740 239
0 109
1 1069 864 6143 727
0 982
0 852
0 374
0 1010
0 1551
0 1064
1 2722 147 7578 1475
0 818
0 548
0 956
1 1222 2358 359 867
1 1734 2160 532 1562
0 382
0 712
0 1333
0 127
0 1229
0 280
1 2403 463 924 1062
0 1473
0 1555
0 1261
1 722 935 7129 139
0 502
1 1748 486 3570 1624
0 265
0 1632
1 540 3491 6067 721
0 516
0 150
0 1443
0 1247
0 639
0 619
0 224
0 1494
0 454
0 609
0 1259
0 268
1 2813 301 2707 396
0 631
1 3498 1843 4551 1329
0 1450
0 94
0 635
0 362
1 1630 364 272 145
0 571
0 1397
0 653
0 427
0 530
1 437 1879 9437 1650
0 122
0 7
0 1106
0 983
0 552
1 2669 3727 319 748
1 2668 2019 2992 490
0 326
1 393 2991 3371 629
1 2999 3611 6712 726
0 1626
0 1128
1 2336 752 9139 1678
0 418
1 145 1122 6086 179
1 1842 1055 9357 767
0 479
0 830
1 2271 189 8806 1546
1 3174 64 6815 971
0 876
0 469
0 1221
1 1307 749 4893 706
0 1628
0 1023
0 365
0 685
0 877
0 1189
1 2252 1408 8296 766
1 288 2617 7888 284
0 222
0 1123
0 55
0 641
0 1183
1 3082 141 2414 907
1 1205 950 7489 1394
0 1454
0 1096
0 49
0 142
0 775
1 301 1352 6272 243
0 67
0 533
1 2795 1465 7709 515
1 177 630 4979 1435
0 442
0 1056
1 3236 3605 5379 959
0 1124
0 1224
0 1490
1 1455 3491 4606 1612
1 168 1923 9843 1318
0 213
0 140
0 1639
0 253
1 867 406 9184 771
0 1300
0 512
1 1754 1173 4563 363
1 2549 1901 3548 1387
1 3793 283 7060 248
1 3763 1846 5417 1079
0 954
1 1920 2659 682 881
0 342
1 3194 574 6217 287
1 2218 3074 4288 693
0 799
0 1115
0 750
0 1472
1 3612 2969 6810 194
0 42
0 1552
1 699 332 3597 1675
0 207
0 1207
1 3567 779 9284 1081
1 3317 2900 2395 622
0 405
0 1664
1 745 322 8919 270
0 73
0 1543
0 1434
0 164
1 2560 1793 8040 1102
1 1694 3140 2834 1279
0 35
1 2085 2079 2186 929
0 1198
0 813
0 1460
1 1767 3799 3572 1425
0 375
0 815
0 1203
0 503
0 1604
0 308
1 202 3242 3276 283
1 2538 2411 4669 586
1 3288 1988 3792 235
0 1476
0 577
0 407
1 3642 284 4501 449
0 163
0 521
0 1539
1 2093 1438 3750 988
1 3659 2117 8821 414
0 1550
0 735
0 1265
0 1428
0 802
0 450
0 1549
1 3083 1944 3128 108
1 2103 308 1027 340
1 277 3241 5273 698
0 428
0 402
0 1251
0 1332
1 2376 2775 481 329
0 874
0 65
0 341
1 3385 3249 7122 1051
0 468
0 692
0 981
0 336
1 2188 3380 512 83
0 196
0 1380
1 3164 777 1613 205
0 1517
0 792
0 1277
0 677
0 298
1 2333 3730 9903 1293
0 676
0 1204
0 1405
0 695
1 1149 119 3671 1623
0 1119
1 1145 983 8922 1205
0 1489
1 2248 1808 4106 440
0 1641
0 851
0 16
1 3331 1102 5571 421
0 37
0 805
0 1642
0 1576
0 979
0 99
1 1029 3008 837 1305
0 1235
0 1065
0 1401
0 949
1 3074 1361 7112 487
0 1592
0 909
0 131
0 1583
0 908
1 1397 1859 1432 1108
0 1075
0 710
0 278
0 259
0 460
0 914
1 2474 2872 5965 1441
0 666
1 3385 83 6691 923
0 569
0 1413
0 1110
0 1304
0 893
0 648
0 1487
0 1033
1 577 1060 6745 1566
0 143
0 157
0 391
1 3482 342 9725 481
1 3679 288 9048 249
1 161 385 9448 111
0 64
0 1055
0 1653
0 1430
0 970
0 1053
1 1098 2049 1215 1186
0 350
0 697
0 1288
0 68
0 1540
0 1502
1 2100 441 739 168
1 2834 1888 7562 1252
0 185
0 301
0 935
0 410
0 398
0 333
0 1668
0 30
0 1167
0 1370
0 1427
0 369
0 611
1 3081 1479 5865 107
0 821
1 3366 2543 7465 1582
0 1184
1 3536 1822 7801 493
1 2387 1624 9747 928
1 17 3180 1782 931
0 137
0 715
0 344
1 3428 2331 497 1069
0 4
0 379
0 193
0 606
0 987
0 1325
0 319
1 3175 2324 8808 1287
0 40
0 348
0 1356
0 719
0 1404
1 952 1903 5970 1157
0 1116
0 634
0 654
0 1419
0 875
0 433
0 1345
1 699 2961 4296 1234
0 1067
0 69
0 899
0 79
0 472
1 2312 810 9192 829
0 351
0 1595
0 674
0 296
0 772
1 3436 1682 7074 705
0 658
0 1590
0 1008
0 1344
1 1365 110 4584 1488
0 1353
0 399
0 551
0 528
0 1137
0 175
0 1090
0 1554
1 2557 1670 3370 160
0 564
1 1486 2461 1457 1510
1 140 2633 3676 422
0 807
1 572 2347 6961 81
0 1599
0 1464
0 647
0 1238
1 2259 1736 1228 618
1 2474 928 915 901
0 1559
0 412
0 15
0 868
0 958
0 992
0 1408
0 980
1 2160 1402 8699 215
1 1214 1614 1070 1593
1 2242 2471 9446 1200
0 1486
0 861
0 896
0 985
1 2266 2202 7854 1162
0 1602
0 605
0 660
0 885
1 3763 1827 7482 1424
0 902
0 491
0 628
1 1138 3400 1070 1237
0 214
0 1292
0 927
0 969
1 2819 1550 8667 510
1 956 3408 3144 1007
0 1054
0 1666
0 699
0 290
0 370
1 1371 3464 2099 435
0 165
1 1029 865 377 853
0 573
0 996
0 484
0 994
0 583
0 1492
1 1971 2332 4583 377
0 555
0 1659
0 1588
0 1358
0 456
0 288
0 1347
1 3157 2294 6859 1281
1 2359 1674 4200 1322
0 842
1 944 175 6076 752
1 1708 1494 6033 716
0 1663
0 1417
0 990
1 2069 2274 1124 1082
1 228 3622 815 1199
0 646
1 1108 395 5412 1036
1 1329 2135 5652 774
0 71
0 349
1 2342 3527 1549 1462
0 261
0 576
1 3675 2124 5814 795
0 1541
1 428 2547 9506 178
0 1166
0 892
1 705 1424 2588 1667
0 978
1 176 3208 5076 327
1 1094 1238 788 465
0 271
1 341 3485 8057 1301
0 136
1 2424 1442 3358 894
0 299
0 683
0 1377
0 1004
0 968
1 1700 1309 4175 295
1 3078 2448 3656 1144
0 1560
0 1012
0 757
0 88
0 644
0 1297
0 72
0 903
0 1268
0 114
0 1568
1 207 2710 4330 70
1 1887 2232 494 545
0 23
0 561
0 598
1 44 3791 1667 1618
0 132
0 1000
1 2597 143 1100 722
1 960 393 1564 947
1 146 3163 3280 1258
0 192
0 636
0 226
1 958 523 8175 1076
0 1528
0 113
1 3449 1432 1095 1118
0 1011
1 1789 1885 1288 1219
0 1195
0 827
0 526
1 1980 1632 9494 245
0 1351
1 2554 1597 5003 678
1 2998 951 4384 1349
1 3460 500 6090 991
0 324
0 361
1 3183 1402 7335 1040
0 828
0 1448
0 594
0 230
0 279
0 1211
0 880
1 223 3443 1299 1418
0 1135
0 531
0 553
0 872
0 275
0 144
0 1596
1 354 1545 1512 796
0 337
0 58
0 506
0 1364
1 204 2778 7563 133
1 3770 988 1416 386
0 934
0 1455
0 884
0 873
0 787
1 3303 343 7794 739
0 1365
0 514
0 1141
0 522
0 1217
0 364
0 353
0 208
0 768
0 1125
0 1
1 3028 1926 3163 448
0 1086
0 854
0 850
0 1105
0 36
0 558
0 1500
0 304
0 1362
1 2237 791 6568 66
0 1398
0 1172
0 130
1 2196 1296 7138 420
0 505
1 545 1836 5538 1030
0 1088
0 1412
0 497
0 1330
1 76 2691 207 129
1 3449 3204 9407 976
1 3186 326 6539 1523
0 640
1 3652 2350 4740 855
1 1212 2324 5825 227
0 86
0 1368
0 882
1 967 3294 6558 1388
0 1646
0 332
0 568
0 494
0 1257
0 933
0 1572
0 700
0 998
1 480 2021 9710 1483
1 3711 1096 9986 1509
0 1395
1 2006 2539 3681 1429
0 1230
0 1334
1 1633 3407 5803 120
0 100
1 3098 390 3884 1348
1 3086 2740 2057 1587
0 409
1 1206 242 1063 1438
0 384
0 355
0 1013
1 2994 1277 3628 632
1 2753 3651 87 1467
0 209
0 599
0 264
1 3174 3599 8818 171
0 1122
0 630
1 2961 815 6914 762
1 2746 1135 7175 1018
0 1170
0 1658
0 1202
0 347
0 500
1 2043 87 6781 159
0 1226
1 2026 2850 4829 1294
0 1609
0 589
0 879
0 1577
1 2760 1699 1035 916
0 665
0 1273
0 1278
1 1792 1531 5184 1485
0 1363
0 1410
0 782
0 1255
0 656
0 1306
0 174
0 543
0 1179
0 1254
0 1095
0 1253
0 345
0 1617
0 1242
1 1607 79 242 523
0 20
1 3774 2045 9523 1104
0 241
0 1180
0 696
0 1133
0 495
1 1501 2468 8839 840
0 476
1 190 802 8229 520
1 2319 650 8014 536
0 717
0 1591
1 1642 2587 5474 1422
0 1319
0 870
0 380
1 408 219 3288 372
1 1778 823 922 317
0 56
1 2516 2090 7564 746
1 653 2875 578 910
0 585
0 334
0 1117
0 1140
0 289
0 1046
1 2527 3260 4590 446
0 1463
0 667
1 1269 1462 8423 1665
1 535 2974 3966 820
0 1676
0 358
0 1020
0 617
1 3646 1243 9205 273
0 1536
0 613
0 1191
0 1181
0 1366
1 2270 1486 1995 432
0 1459
0 389
0 612
0 1361
1 1766 2762 1849 1384
1 3003 884 8543 98
1 1196 3111 2497 1313
1 529 3410 1020 1516
0 492
0 1622
0 1648
1 2087 2573 5310 1260
0 1616
0 1080
0 926
0 1403
0 1326
0 6
0 477
0 1248
0 614
0 158
0 849
1 3735 848 1648 1375
0 173
0 1129
0 1578
0 240
0 200
0 1661
1 2883 1614 6776 1014
0 1520
0 394
0 858
0 962
0 1399
0 38
1 2671 2306 3209 1477
0 1136
1 942 1574 3632 300
0 1209
0 732
0 846
1 1670 3038 8231 1376
1 786 908 3804 878
0 203
0 1001
0 1470
1 1663 1607 7127 720
0 731
1 2180 1889 2486 1017
1 68 2900 7296 1035
0 1519
1 3102 3618 1005 470
1 857 313 8776 546
0 390
0 944
0 252
0 1228
1 1355 298 2131 1043
0 574
0 922
1 1226 103 3223 1213
0 1558
0 1657
0 356
0 687
1 307 3516 5372 401
1 2601 307 2546 529
0 1371
0 272
1 1273 2059 3185 1439
0 1390
1 305 3248 8551 1029
0 565
1 1331 1723 5644 464
1 3255 2240 4129 808
0 738
1 1665 2896 4318 32
0 1197
1 3477 1 2615 19
0 1114
1 1498 2923 6853 453
0 806
0 1109
1 3076 1903 4595 1063
0 1321
0 600
0 680
0 106
0 527
0 1165
1 132 882 3308 1324
0 1225
0 1331
0 664
0 33
0 1107
0 134
0 51
1 3103 2088 1462 638
0 986
1 554 1795 2210 1402
0 217
0 1373
0 45
1 213 2089 304 499
1 1935 2802 3960 1303
0 1138
1 2650 3321 2303 563
1 858 1648 6265 975
0 475
0 1621
0 1212
0 1415
0 624
0 833
1 2986 3279 4422 626
0 1433
0 1589
0 810
0 843
1 3441 3612 5289 651
0 662
1 1940 1920 4795 257
1 199 1996 7147 784
0 1346
1 1413 3335 7417 1308
0 1545
1 3372 1786 2719 936
1 3733 959 4727 320
0 1534
0 682
0 1512
1 2397 884 8044 1423
1 2385 1541 3217 1354
1 1736 1814 4414 59
0 1449
0 689
0 1299
1 761 1608 1330 961
0 1522
0 761
0 1445
0 1367
1 1720 2102 8235 153
0 1505
1 1675 738 9849 1451
1 3335 2652 9846 31
0 1339
0 824
0 467
0 649
1 2478 2127 1747 939
0 1289
1 338 3102 4197 694
1 2749 2020 7868 847
1 2407 877 1353 41
1 1148 2688 5655 812
0 659
0 1530
0 216
0 1527
0 1078
0 838
0 1218
0 172
0 161
0 419
1 3678 2915 565 535
0 657
0 800
0 1655
0 1352
1 2580 2013 7855 601
0 444
1 2633 2393 9498 1153
0 857
0 919
1 40 180 1759 1584
0 737
0 1091
0 688
0 1147
1 1831 2768 5796 1149
0 1206
1 990 305 9482 378
0 269
1 2723 2800 9540 886
0 431
1 1227 2480 8631 1315
1 3457 86 5531 291
0 593
0 587
0 1613
1 3720 637 6823 1320
0 1074
1 2451 3050 7861 1307
0 463
0 191
0 570
0 250
0 930
0 1631
0 1638
1 3239 2325 4029 963
0 1625
0 534
0 621
1 549 229 3583 1256
0 1524
0 960
0 718
1 3555 1384 9031 758
0 285
1 533 3420 4933 1175
1 1985 635 879 1411
0 1072
0 525
0 1071
0 1310
0 312
0 1101
0 101
1 118 128 6425 22
1 1656 1433 2756 508
0 352
1 3273 1901 6835 904
0 115
0 709
0 458
0 1561
0 1669
1 2470 1111 8402 1146
0 236
1 1014 3154 4447 1548
1 756 1216 7521 967
0 793
1 1237 200 9451 582
0 1382
1 2712 110 2249 997
1 2873 30 1972 684
0 417
0 1271
1 2112 1646 1072 713
0 461
0 75
1 2867 1684 4870 5
0 780
0 832
0 218
0 25
0 182
1 426 3546 9864 773
1 3256 833 1367 1188
0 1120
0 367
1 2087 3310 8571 395
1 2327 3302 4507 1240
0 1563
0 1498
0 116
0 736
0 1537
1 143 2358 180 125
0 281
1 2946 3177 5696 233
0 671
0 763
1 1089 604 9586 1542
1 1223 2835 7390 211
0 1393
0 1335
0 913
1 688 140 6574 303
1 211 1230 9415 201
0 1651
0 267
0 1113
1 2916 3128 4656 948
0 1142
1 1865 3624 6655 865
0 788
0 912
0 1465
0 474
1 1526 1021 8729 335
1 651 186 3706 559
1 623 55 5490 95
1 2348 1738 5629 39
0 1264
1 2214 371 615 741
1 98 679 6400 791
1 880 167 8352 1369
0 403
0 170
0 1006
0 603
1 2799 1059 9436 1272
0 1156
0 104
0 1480
0 313
0 943
0 1571
1 2095 2542 3352 1134
1 3633 2963 5948 1513
0 675
0 952
1 814 250 5984 783
0 955
0 1283
1 3602 2458 3771 1432
0 1636
0 1585
0 1039
0 141
0 57
1 1478 2256 9585 1126
0 1350
1 2632 1074 6756 708
0 13
1 377 1130 1672 921
0 938
0 1381
0 1479
0 608
0 91
0 542
0 221
0 1637
1 1200 818 1923 917
0 769
0 1544
0 118
0 228
0 550
1 2568 2317 5698 166
1 1982 567 8807 1263
1 2131 1919 3546 733
1 3793 3605 3200 1245
1 2321 3127 3844 254
0 1640
0 1194
0 445
0 80
1 3155 3423 3879 1085
0 1630
1 3756 1185 3924 1586
1 1833 3621 7886 578
1 2062 1702 2397 1266
1 163 726 6831 242
0 1216
1 570 3158 5242 426
1 3277 553 8345 1495
1 1314 589 9163 29
1 3534 1564 3037 459
1 2448 2992 2855 734
0 841
0 1192
1 277 1572 8017 655
0 256
0 1227
1 1137 1463 7135 900
0 1143
0 518
0 1671
1 1601 2560 1171 1579
0 1635
0 1452
0 415
0 413
0 457
0 1223
0 937
0 1474
0 92
0 14
0 74
1 1487 728 2842 8
0 321
0 1161
0 96
0 999
0 451
0 1290
0 1515
0 61
0 756
1 471 1386 2728 702
1 1171 35 1639 575
0 1446
1 3781 3591 894 183
1 2485 1665 9341 1193
0 547
1 662 522 948 97
0 1569
0 102
0 305
0 616
0 862
0 554
1 3475 790 5184 1003
1 2164 896 2836 1037
0 1178
0 801
0 176
0 1084
0 397
0 85
0 388
1 578 3577 1924 330
0 809
0 989
0 1611
0 1145
0 180
0 1169
1 600 3229 7969 670
1 678 712 3412 803
0 794
1 31 1115 1588 437
1 1637 1775 4873 1099
1 2738 1109 1148 566
1 2499 2557 6901 581
0 318
0 819
0 1327
1 2486 831 8183 231
1 594 3561 7278 1531
0 314
0 26
1 2665 2651 2821 277
0 3
1 1362 795 8572 668
0 592
0 1504
1 2411 1956 8380 804
0 188
0 1159
1 1557 1163 6743 1547
1 2484 1816 2984 945
0 856
0 138
1 341 1009 1534 1250
0 1518
0 887
0 953
1 240 1737 4085 790
1 475 1608 961 12
0 1526
1 2459 893 6499 1420
1 1487 2131 6196 816
0 1386
1 1712 3422 2159 1574
0 206
0 496
1 2405 994 9042 1338
0 478
0 1614
0 823
0 1491
0 1239
0 128
0 1174
0 1163
0 1575
0 452
1 2040 3088 770 471
0 591
0 1131
1 3620 1870 4856 704
0 580
1 1042 2894 515 246
1 3398 3291 5481 1507
0 1421
0 871
0 1357
0 1607
1 804 518 9280 642
0 1343
1 1288 1045 3605 839
0 866
0 889
0 1514
1 1909 1982 6208 753
0 149
1 864 180 2792 255
0 119
0 1190
0 567
0 1426
0 825
0 1298
0 223
0 302
0 1458
1 1861 2881 3868 1484
0 1027
1 1989 2684 896 1244
0 950
1 3234 2498 9444 282
0 408
0 1440
0 1521
0 1021
0 423
1 2119 2132 5535 1160
0 260
0 541
0 1182
0 964
0 11
0 331
1 332 3088 6402 1337
0 845
0 489
1 344 573 3993 1022
0 1674
0 52
0 293
0 156
0 615
1 1952 3133 4591 1538
1 1429 730 900 44
1 3505 81 28 1469
1 1149 3728 9814 21
0 1442
0 1340
0 786
1 2015 2046 6615 1501
0 1150
0 1155
0 1355
0 315
0 357
0 1270
0 848
1 3048 466 3469 781
0 1296
0 126
1 1183 1397 5648 430
1 2589 3205 8740 1564
0 707
0 789
1 3675 3778 3604 560
0 834
1 1996 1867 2100 1471
0 373
0 1201
1 1667 427 2489 1615
0 263
0 1580
0 1077
0 714
1 317 3693 1484 860
1 1513 1105 4164 1606
1 2268 3533 5738 1533
0 2
0 1328
0 1295
1 1677 397 1754 425
0 441
0 1026
0 54
0 1372
0 1482
0 455
0 519
1 2604 3089 4825 1647
0 1210
1 2658 3652 4483 974
1 2247 1258 2245 346
1 3340 2835 704 1127
1 568 368 2717 951
0 190
1 389 369 9645 1600
0 826
0 1016
1 781 213 6888 1649
0 1620
1 3685 2240 6130 28
1 3460 571 1499 1409
0 755
0 770
0 728
1 3358 2668 1661 1038
0 210
0 10
1 2519 1739 4169 759
0 1097
0 1391
0 932
1 3699 2241 5405 1066
0 147
0 169
0 1634
1 3607 503 4354 831
1 1034 2392 5227 1222
0 1034
0 1573
0 1629
0 1316
0 742
1 787 3473 8262 1276
1 2219 672 4543 556
0 925
0 110
0 1342
0 1284
0 754
0 1597
0 274
0 1385
0 387
0 219
0 1267
1 2327 2283 350 725
1 198 3691 9286 1285
0 778
0 1556
0 1269
0 1656
1 242 2648 2691 162
1 255 3318 5754 148
0 1176
0 701
0 1447
1 3754 964 2417 262
0 905
0 1309
0 1048
0 46
0 202
0 995
0 1045
0 844
0 258
0 62
0 1059
0 89
0 155
1 3578 726 3114 135
0 1032
0 1220
0 1262
1 478 3420 9107 1673
0 777
1 2624 2659 5641 1436
0 411
0 776
0 837
0 610
0 234
0 1565
0 1581
0 307
0 1028
1 1669 3265 7845 311
1 2474 736 6962 1031
1 2110 2910 2825 1627
0 1511
1 3047 2316 4222 1670
0 212
1 588 67 9645 1187
0 538
0 891
0 1148
0 124
0 686
0 1557
0 965
1 2367 1899 923 1057
1 3460 1912 7687 90
1 3697 1853 8323 798
0 1497
0 480
0 1619
0 1456
1 1535 2489 9382 627
1 186 2791 9851 1152
0 1089
1 2556 1001 5259 406
0 749
0 339
0 1246
1 693 2797 4224 557
1 3575 133 7132 537
0 1241
1 3274 809 6283 524
1 2956 940 1733 957
0 890
0 539
1 420 754 3583 436
0 724
1 717 1324 7420 1042
0 424
0 1291
0 1286
1 913 2491 5856 1154
0 1083
0 443
0 835
0 859
1 2208 26 7942 623
1 1170 774 9601 187
1 3198 2069 7333 9
0 1323
0 247
1 3312 333 784 1050
1 528 3687 9524 1437
0 189
0 604
1 2594 958 4613 941
1 1771 3566 2076 1068
0 276
0 309
0 1535
0 602
0 584
0 532
0 822
1 3476 3230 9781 197
0 1414
0 483
1 2250 7 6206 1103
0 17
0 1605
1 441 2927 9317 540
1 144 969 6086 1060
0 184
0 1457
0 1468
1 355 2474 5042 1598
0 266
0 906
0 673
0 306
0 438
1 3263 1575 8580 146
0 579
0 517
1 2236 3178 2192 27
1 1547 3538 5427 1444
0 462
0 323
0 942
0 984
1 1950 1843 4667 498
0 760
0 588
0 286
0 429
0 924
0 1061
0 730
0 1092
0 814
0 1603
0 325
0 1164
0 652
0 53
0 316
0 1041
0 328
0 681
0 1009
0 817
1 2976 3033 1153 1233
0 1214
0 691
0 740
1 2885 580 1225 1389
1 2759 2371 800 544
1 2370 635 7756 1231
0 595
0 385
1 2393 1912 3922 1608
0 1481
0 1139
0 1196
0 63
0 1275
0 105
1 1934 3688 6976 1654
1 1464 874 2874 918
0 863
0 1406
0 1499
0 633
1 1663 3612 1464 24
0 1158
1 1707 2276 5730 244
1 1182 2601 3351 1019
0 765
0 1570
0 572
1 92 3602 2711 643
0 1168
1 744 1630 5032 779
0 1567
0 1341
0 1185
0 663
1 182 1677 9892 1151
1 2716 951 8568 513
0 1243
1 851 1813 6126 1416
0 607
1 1161 3760 412 482
1 1451 2277 6076 292
1 1206 2806 1224 1660
0 1005
1 1454 2250 2577 1208
1 3487 386 2160 590
0 1049
0 1662
0 43
0 186
0 1171
0 84
0 711
0 466
0 504
0 645
1 953 2730 7665 60
0 973
0 1359
1 3403 2748 5661 1392
0 18
0 1493
1 1571 551 2751 1553
0 703
0 50
1 3333 2916 4444 152
0 1130
0 225
0 620
0 117
0 78
1 424 3022 1386 661
0 181
0 509
0 47
0 121
1 1183 1449 601 338
0 400
1 2789 3589 1645 1047
0 376
1 3433 1133 9124 48
0 1280
0 1015
0 34
0 77
1 3649 779 284 977
0 1111
0 439
0 251
0 485
0 1478
1 2180 3551 7020 1508
0 1633
0 625
0 785
0 1100
0 1274
0 1378
0 729
0 898
1 2242 3737 112 895
1 2912 1043 8004 1052
0 1407
0 869
0 198
1 3711 3642 4026 1087
1 424 3655 8494 1506
0 549
0 723
1 1047 2370 5473 1177
1 3717 985 8443 1215
0 354
1 1358 2767 7186 177
1 2470 1145 7908 195
0 381
0 745
0 1525
0 864
1 2318 2815 3414 112
0 764
1 1695 2476 8173 1093
0 751
0 940
1 268 2066 1100 1058
1 1749 1796 8865 1317
1 2869 995 3846 511
0 1431
1 2899 3117 7080 93
0 371
1 2133 430 4881 1132
0 501
0 1236
0 966
1 2546 1778 3606 1070
1 2659 2678 1619 232
0 322
0 1232
0 811
0 383
1 1274 824 9815 897
0 562
0 1360
1 565 2120 1865 1496
1 2258 2344 6529 76
1 2933 2867 3373 669
1 288 3146 7747 1610
0 1532
0 637
0 1374
0 972
0 650
0 1652
0 1594
1 1412 1555 2245 343
0 154
0 103
0 1112
0 1383
1 3738 2987 9265 596
0 220
1 90 83 5317 1314
0 1461
0 416
1 788 2680 8929 1503
0 366
0 1336
0 1400
0 888
0 1644
1 932 1439 9631 915
0 1466
0 1379
1 1248 1491 8480 1073
1 2272 1771 5029 199
0 1025
0 447
0 297
0 294
0 672
1 946 1282 7326 1121
0 1024
