3000 2999 1336
1995 1150 2964
1022 868 7662
2036 2061 7367
482 2865 2347
840 2551 1698
1233 478 1454
256 1258 8401
858 705 3888
102 2376 5947
1807 2407 5113
1197 2732 5135
20 61 7105
1629 927 6262
2643 1458 8575
1819 331 4266
2053 1592 1779
1862 67 551
2495 263 3759
1687 453 304
1186 1776 8265
1493 1934 2980
2521 2389 8559
2995 1804 5210
759 589 49
953 1535 8596
546 2052 44
1450 1738 2752
2834 928 1258
1785 904 2546
1846 1803 8490
810 1051 7700
32 1200 2600
698 1672 1091
20 303 9601
1342 1331 6461
1103 1109 2963
808 1526 7298
2798 321 3407
1979 2878 2917
887 545 9043
1331 1145 2349
447 436 6453
400 5 7094
867 1263 5986
228 1580 6691
1439 2284 7326
2809 477 4206
2160 1098 1419
324 1280 5054
2110 1435 2439
1774 1084 7039
1396 2463 3930
1969 2380 9636
368 1752 2443
570 2006 9522
1857 1620 4367
1755 2946 9048
2534 703 1764
1379 2733 7958
2454 483 6200
2831 471 1795
2002 491 9608
44 405 362
2568 923 2175
2034 1162 6806
2390 1393 8326
2666 2766 6543
1765 679 8294
2721 1817 7918
1048 1744 8551
544 591 7671
1057 1028 6862
2386 1348 7753
454 715 3022
1306 2636 5100
842 2939 7115
1063 491 4154
791 205 9274
866 1219 7969
2849 365 6117
2826 2421 857
2265 2705 8808
1592 48 6224
1936 2969 8615
2161 2131 560
2798 2765 4147
501 16 524
695 256 6072
1883 764 7178
1484 554 3147
541 2269 6230
2727 2191 6366
125 885 9548
2265 2778 305
2034 1679 5729
2733 2621 1827
1129 391 2328
1552 2326 9524
2798 542 8080
2446 95 7350
435 1877 345
1934 1107 959
1413 2150 5731
1134 1301 497
973 2757 4136
831 2627 4096
1617 2066 1418
2694 2415 6502
1021 2916 5549
453 2315 3102
1242 1670 8484
1541 2472 1912
1563 513 5731
237 2690 5947
178 46 2671
2964 2511 7304
909 68 2
2897 2535 6128
999 171 4218
2381 1160 2305
166 2500 6958
2348 36 2610
1617 2987 9346
1019 370 484
769 658 3149
770 445 9049
1243 171 8980
2945 2577 2574
2298 1003 9038
2010 716 5052
1130 1977 8351
2125 710 7564
1977 808 8448
1017 750 5403
2007 404 2802
74 2473 6850
243 47 4965
1096 867 3525
2815 2738 1188
2892 236 3102
1950 758 8802
1873 863 1450
920 679 5172
893 310 7670
2137 2661 3933
1183 1096 2306
1210 2456 756
986 2580 8722
419 392 5979
437 1126 7437
2323 1554 3940
2026 1369 9065
541 1266 5294
1942 1288 8389
2093 2535 9339
200 937 6847
2512 2480 610
1228 82 6025
2478 1750 6398
93 1291 1656
661 2178 9520
1618 1402 1117
1955 2611 380
2878 1136 9620
1900 1033 6044
2451 2787 5876
1476 2771 9265
2507 68 5814
728 1688 3925
2616 546 5891
1530 2040 8149
1200 2443 7922
2329 2948 5821
2998 2470 2684
246 535 1253
2512 2033 2329
1356 662 8639
1551 2857 5651
614 1273 9779
1059 1603 818
2373 710 4714
234 2278 7474
656 2785 6359
2167 15 4102
2141 1676 8581
1893 312 7687
1115 1589 3933
154 1126 8280
2459 389 5365
1365 1335 2175
2354 368 9922
279 2534 1930
2575 2432 1113
352 2365 7507
1734 369 4082
1111 2705 924
1092 2462 7643
1146 2600 2577
785 1099 1779
2268 940 6288
1173 641 4790
2499 1700 1299
1800 2109 6513
2042 676 9548
2093 2783 4778
454 772 4521
2139 1973 2080
2557 626 1916
1686 515 513
2691 418 9781
995 301 1091
566 2503 5080
1400 115 6252
709 1407 844
763 1635 7647
2112 753 7438
1455 801 5632
1425 2883 6287
226 427 5107
1470 1687 4637
1670 1465 678
693 622 6928
2142 2053 9610
1930 2215 6213
867 833 5419
2240 1287 7713
1778 2223 5136
1576 318 4911
2773 1069 555
935 449 3412
189 2376 1408
901 634 2414
1191 2680 2536
2374 2700 9505
290 1815 7371
1569 2570 2169
1525 2992 5910
2358 1159 8452
292 207 7484
351 212 6928
2597 2436 4586
442 99 9257
2512 1220 2002
1706 1510 9061
2941 2668 7537
1942 239 6811
1257 2034 6249
809 2790 2617
205 1713 5198
1172 189 1356
2180 577 791
1304 93 7579
534 2156 4591
2396 247 9604
1820 2142 3780
1524 169 37
1247 1374 7744
984 1435 4557
852 1603 1544
837 2752 8008
2536 1813 9969
661 63 9160
148 1329 9283
1884 1215 4775
581 1777 4257
967 615 2398
104 101 3073
283 210 9053
1392 895 6717
1206 1607 8735
1285 2409 7696
2353 1795 8188
1516 873 9681
1170 477 3366
70 2504 5230
703 2080 8911
2894 1437 8049
2248 412 4574
2239 2996 3690
1727 1732 2778
87 2328 1924
1849 1621 3232
901 1402 1525
1856 889 3413
2850 2720 6223
995 1109 5698
1979 269 7621
2484 776 1687
1832 1241 5243
1146 1516 9129
1731 1644 1836
2633 464 5356
2404 2514 228
584 2782 6110
1143 1187 6772
802 2832 3763
2629 1276 4012
2213 1353 2871
2309 816 5478
73 2271 4116
395 2188 8216
2965 1 7314
482 547 1137
1549 2569 5629
1222 1184 6733
642 2294 9496
789 732 5676
1777 109 6254
2055 2275 6909
2334 2436 9589
86 2600 7258
2987 666 9345
863 2742 7535
937 970 6218
2809 2775 8982
2454 1384 761
617 1424 10000
2808 2928 4636
2804 2989 8284
195 2137 6290
2349 1076 507
1858 1500 9788
181 2035 6462
1794 397 5311
2473 664 6802
1078 540 8329
2506 1160 3949
1492 2410 4548
2486 2364 1046
1662 2285 1565
1863 1878 151
2608 2076 5907
2068 2392 3400
736 1516 8796
519 741 9735
748 1058 1396
575 2528 3388
953 1256 6562
1650 2253 2784
396 1419 962
1271 2303 9080
1284 2766 6475
1577 1829 3788
571 1469 7096
3000 565 5238
769 2948 6260
2528 2546 8186
1959 2172 3708
2126 2382 2830
525 2119 7152
670 2412 197
2040 1468 6222
2837 225 3908
775 802 279
536 301 6450
304 2833 5692
646 1935 8253
1466 2447 2403
526 3 8947
766 2979 3336
918 1349 6924
2851 683 7090
1379 1802 3081
459 2531 9
2537 1756 3163
501 38 6756
2896 1073 7725
873 958 7031
1994 1058 2973
2961 1299 4296
1275 917 6662
160 978 901
2790 2990 7245
339 583 140
273 1708 3016
2207 2492 5753
2396 1340 4303
1325 1413 4701
2328 1263 1970
2308 376 1010
650 1258 716
1218 287 5067
2394 1951 1355
2034 2038 1754
2456 1589 7186
1245 2655 8585
1167 178 8490
1701 1367 336
1639 538 4710
2537 120 7265
2462 717 952
1079 2005 5818
2191 306 8252
2913 1431 333
2650 2951 4423
2124 598 6923
1061 805 6532
466 1480 839
1203 1100 7083
1460 2252 4795
633 1365 6909
736 1331 8747
946 1903 8240
2906 2610 5912
2029 1556 1109
2465 779 3008
1207 384 4167
2140 1579 3304
2925 2775 2708
1686 249 1932
1262 2361 9785
2966 988 8536
1295 1977 1365
2957 1929 7493
1193 1400 8792
1629 540 4734
2430 2845 3913
385 1976 2074
2562 662 4936
440 382 9561
233 2884 3744
2990 1078 4910
1359 475 8882
1270 2870 5794
869 717 4451
1172 681 4341
2890 819 4279
2911 530 2458
2642 537 7352
1388 2511 7653
2740 2800 3819
692 1079 5497
264 289 2643
824 2576 8427
1446 313 8242
1162 2525 6466
2703 1985 9879
918 863 1642
378 637 3533
2534 1781 6918
954 2908 4566
2240 2067 4392
521 92 7293
652 1920 8837
1120 2614 6239
2685 2098 9444
414 2586 9677
2743 1000 7971
2519 2639 1957
2790 1312 7349
1060 1716 2520
2103 1512 6320
572 2018 9512
2402 714 5328
2369 1632 7378
564 1076 9169
2238 2911 4838
2250 1992 7964
2400 1209 1620
939 2085 1038
2864 2601 4804
2508 658 5491
1338 61 9270
496 1587 2408
2034 1966 6048
1616 2854 2879
946 2470 7974
1294 1762 7082
2482 993 8153
1394 718 4894
1569 1741 6727
2002 1005 4573
759 1584 8042
1304 461 4154
663 2085 6311
1406 1104 1550
1951 2784 7333
2310 500 1958
1474 2887 4198
1067 1083 8368
1788 1098 7595
2999 595 2047
1990 2919 1644
1431 1372 2485
483 1912 7485
1729 1990 9609
5 376 2141
399 2267 2635
230 2911 6370
765 2058 666
939 2466 1361
991 75 3636
1051 1577 8262
1380 1833 7405
1158 664 7467
709 2249 4108
2886 390 5299
1189 719 4425
1850 2499 9308
626 450 2666
1279 1352 1208
212 1776 4967
296 48 3294
2179 2031 8799
854 99 8606
490 2938 9979
2487 320 407
727 1921 3131
1361 1719 8168
2955 564 4355
2337 624 5740
381 2145 335
286 1663 4750
530 2598 3329
2632 1644 6746
1963 2024 1152
2413 1225 1968
447 824 5061
1848 603 2982
198 156 4208
2350 1237 3261
522 870 7229
2238 2220 3624
2946 1574 7095
2685 2601 3782
795 794 2515
41 1526 3471
1673 1993 2002
1686 898 9576
1116 1640 9506
1212 1159 4538
1267 268 6365
64 2223 2601
249 2401 6798
2821 1952 7395
653 1636 2967
1645 1027 5532
125 188 5646
1162 2239 8709
368 1857 1048
2827 1513 1079
2885 507 8074
2772 1459 2948
2310 282 6670
423 1698 1316
2643 1002 518
2114 1099 5080
2808 2170 6869
661 2809 3225
2478 266 9643
1609 969 6475
2399 1963 9436
2817 1603 8613
128 2231 9839
1807 1082 381
2991 1582 2419
2726 1424 180
1903 2176 4416
720 1031 3284
2326 2580 24
901 1175 220
2331 2598 3264
2525 642 7353
159 1502 9981
253 2615 1749
1302 2115 658
1731 210 6847
1854 2289 4024
2710 96 2459
597 1827 4176
427 417 7003
445 2265 162
1893 2154 4609
1389 1087 1574
1591 877 6034
1938 434 4767
1441 2838 4758
1202 1639 3284
1401 1150 7205
161 1626 3884
2650 711 2587
2247 219 6134
2841 1048 1107
2580 233 1724
273 2290 4210
1431 2965 2862
2293 2488 213
1284 903 6276
2630 755 8224
992 1748 9684
55 2992 4858
2430 1238 4262
2447 667 9448
393 2203 9538
1014 245 2566
1400 1533 6173
642 811 2793
178 143 4414
1010 1514 9944
1029 605 1567
1729 2684 8054
515 2044 2760
1355 1224 653
2054 1091 6253
97 2330 7121
749 541 9308
555 1224 4534
2623 2506 7668
110 519 9769
240 247 5836
280 534 7039
2613 266 6439
1179 2425 6118
1368 1521 3228
2295 834 6576
1985 98 3162
1109 1987 5794
2579 2516 3252
2796 2068 4776
1175 2520 8575
2303 942 7439
1386 161 1656
2611 785 4050
1732 252 3408
960 2420 9185
204 2907 9781
1101 423 434
950 2677 1795
2965 2512 5842
142 2721 4706
2851 2914 4069
2982 394 8956
717 2633 7569
1254 102 3862
763 2349 1268
2668 456 4765
995 1951 3763
1123 492 2359
1443 2915 7390
2152 1747 5721
2428 2894 8691
1315 2520 8355
452 2610 9090
2275 1465 9715
962 2504 9366
1174 1212 293
1918 841 9783
2923 276 4631
836 2197 9216
2760 1695 1867
1475 1304 1216
1902 2663 9566
839 235 8083
1165 2477 6802
2895 1697 3794
574 576 8198
1503 1652 9879
713 13 9895
175 1989 5391
2136 1851 2014
601 518 7822
695 958 5626
1610 689 6429
635 920 3183
861 330 5641
2403 176 7833
549 661 2610
1040 1369 9555
2357 1568 966
2979 2701 2487
876 1982 3983
513 492 649
1167 968 6990
1594 2097 5606
413 76 9879
2702 563 8316
873 2860 2416
1331 2148 8571
2406 2473 4549
2402 2066 5153
1289 1908 6010
1712 1702 4054
1443 2406 9140
1269 906 1411
1603 2476 2749
419 2970 8714
131 469 3362
2824 2684 9580
428 2312 7149
1772 878 8946
85 5 7739
641 1759 3517
2556 2156 5156
893 1815 8212
844 50 7642
816 2110 3492
65 808 6384
2515 474 226
1802 2169 186
2658 2661 5517
1838 2334 4512
1452 2594 8959
2654 1142 504
1580 273 1567
1536 2348 7403
526 431 8537
2366 1624 653
322 2542 9113
954 1516 6710
2193 812 2626
387 2517 333
1539 47 5417
2566 1945 749
2374 142 2715
117 1693 4994
2941 2638 6481
2782 2105 4655
2772 1496 3976
4 1564 8652
876 25 7489
959 852 4373
1241 2300 9905
2194 1357 1956
1113 872 445
2757 1122 1240
831 2806 2459
2553 1602 4450
396 785 7222
2807 173 3451
2363 1161 1210
2172 2406 7241
2208 2419 8876
2653 2330 4535
2577 42 7554
182 601 2196
2285 261 2637
718 2853 1482
2777 425 7649
543 781 5236
1286 829 8456
2631 1966 7484
2187 1363 7880
2340 400 6719
1314 243 9955
2043 360 5253
2145 933 4805
299 814 1061
1495 670 7552
382 785 5548
2042 1978 4651
432 576 7269
2703 2924 6042
1084 2353 8909
2011 2057 4095
601 1324 7871
2071 835 6354
2377 777 160
1203 1545 6002
2227 2690 1198
2160 2855 2125
2827 1960 9746
2763 675 21
627 2588 1746
576 1057 2351
1216 1452 8875
2912 603 1037
2135 1328 6865
648 2429 7334
1249 9 7126
2663 1691 9765
905 2509 5276
1191 1471 9438
677 2656 8993
2558 814 1104
2054 2177 3497
1921 921 1784
1404 7 4533
2927 1794 3234
1043 1808 8557
2492 2328 316
2258 2987 9536
1924 907 4171
2269 835 5425
1155 2847 3737
803 2353 545
1630 2679 571
2497 755 88
81 353 1856
1019 2365 4433
2896 2081 3495
1229 1824 8486
1522 269 3643
1512 2114 8311
106 666 7246
2096 2252 4556
2291 1547 4254
2825 2860 1483
256 654 6930
697 1476 2466
2559 2783 4948
394 1561 6688
850 2541 3244
1693 824 1469
2361 2980 8278
1841 2485 9829
1233 797 9626
2723 1786 3148
1593 2859 152
1624 2511 8898
1514 995 5250
1707 1127 8937
1758 2545 7426
2554 2184 3323
2064 138 2690
1259 1640 7931
76 2570 9509
1746 2970 5364
738 1363 4619
1383 1696 8664
1458 2355 1687
547 478 9696
2266 967 5667
554 1712 5649
145 598 32
1023 800 1223
2244 1538 796
357 1055 7010
1975 2924 4397
378 2915 284
1074 2512 9379
2103 2474 8651
2216 2693 9201
2927 2509 6173
1582 437 7289
2976 2176 1575
1479 2742 5550
423 2206 5384
2215 2596 2608
2891 1878 2055
672 2621 7776
270 1235 8334
1217 6 5307
456 2862 4967
203 1918 7907
1921 479 7467
60 1726 3861
2396 2968 5898
134 1740 2866
2826 760 9785
1032 1972 996
595 2494 444
2048 2884 3134
2275 2884 3532
1456 2257 2503
1701 608 5415
1200 2499 5267
448 2727 5257
2601 2219 9198
2848 1098 4440
1471 15 2074
2471 129 6635
1316 2547 9818
806 246 7991
2629 62 7345
2977 707 6408
111 743 9135
2130 2251 4620
2798 71 9176
2756 1386 577
1406 427 9251
1056 884 7403
2630 2766 8051
456 729 8374
2214 2407 1534
363 2799 1334
1095 417 642
1019 1307 3620
2116 1321 6993
663 523 9235
79 2248 1654
313 1248 8429
148 2827 7467
1594 1406 1012
1100 1938 5037
611 2143 8054
2531 655 85
1125 1412 5233
557 2925 4758
468 1848 7809
825 1280 109
2587 1219 5311
2126 1458 8437
1478 2579 1961
2880 208 9767
602 2519 8942
2224 722 6080
178 2250 1756
1612 1154 6241
693 1462 7581
2199 1058 9406
1877 12 7549
946 839 7601
1105 937 5266
946 599 3721
2822 1844 2509
1682 1715 7406
1803 2885 9698
1629 2664 7514
2630 2951 3295
2039 443 6144
1576 2955 6686
1409 2619 6038
1737 789 2165
1450 2886 9361
687 1389 9921
1015 2846 8831
2129 1717 7290
1308 2138 3514
2640 2197 1881
1109 1204 4400
709 2293 5363
2451 169 941
35 2808 8999
333 424 8163
2853 2228 4599
885 1003 3871
2107 943 1376
723 1350 6615
1852 1930 7471
1584 1882 5195
1156 2041 6903
328 972 3540
1386 1238 6495
2059 2598 1077
1335 829 2581
2399 364 1892
2199 2761 1999
2133 2605 3597
436 550 3914
599 2454 4491
1853 1688 49
2452 1275 874
1649 2893 2942
671 480 4521
1946 309 8225
1282 185 3447
2281 1963 1657
1471 1858 5805
2033 2237 8861
2943 922 6316
563 565 7022
483 2107 2106
412 912 4710
1371 759 6823
500 2880 2533
1864 526 4841
1642 2805 7391
1431 1752 859
495 760 6258
1710 980 6645
1884 2348 4164
731 384 8405
2341 977 5377
1211 2712 9260
124 1785 6209
580 1658 9768
176 1962 9305
160 1617 7683
1671 2036 6118
1510 61 784
1514 583 4682
451 2708 7990
2556 553 7092
108 2131 7176
563 1006 2873
2226 514 2737
163 1401 843
343 1583 1201
1012 620 9611
922 2089 4818
1266 9 496
1324 722 2760
1298 1073 3437
660 532 3269
711 945 401
1206 2972 1501
1542 1790 9804
856 2619 7994
394 2540 8921
1065 1317 3950
1194 2967 3718
1857 2128 8106
204 1345 9817
1685 1359 6653
3000 2412 5918
1505 783 8362
2393 2717 8553
2791 116 6165
835 2150 9137
1493 463 2550
2653 72 1546
1109 1165 4203
692 1826 1472
1633 477 3399
2115 1357 173
234 2839 7515
1653 189 835
2172 1594 6719
2570 2998 3160
1483 2029 5423
324 2201 2660
611 520 4950
2717 2860 3612
170 2472 5253
2450 1669 4877
885 179 4209
2646 2922 5425
2442 1108 1537
1419 2160 3467
761 1086 7890
2191 129 4850
853 2387 6579
2747 1799 5066
1058 2417 8422
176 1709 2096
1560 51 1759
170 1345 9018
1966 1766 4337
923 2115 8581
2568 2613 4111
1235 766 6050
1882 1252 9435
1639 1599 233
172 2161 7980
534 3000 876
1260 2730 7674
446 253 6433
355 95 3038
1630 1832 8302
1945 1125 3383
1640 2629 1002
216 1556 5697
737 560 2420
1654 1797 6922
1621 2153 7142
1560 2448 404
1241 2585 6261
2580 147 9767
425 1440 9278
2893 158 2912
1771 756 6196
1456 435 3344
856 2751 400
952 1497 5567
1064 2658 435
398 80 7886
2627 193 7446
2560 923 5236
1543 361 80
1638 625 4550
1446 2627 5723
1869 2690 1033
487 2773 4038
2782 1505 3543
1499 713 4565
896 2868 401
1690 2586 3072
2834 2234 3614
162 2658 8080
1768 2378 4011
1965 1554 7735
2709 1965 7931
1294 69 8205
2407 1428 885
842 1851 1310
83 1360 888
2006 2812 2440
2303 587 6955
42 2427 3962
1677 215 7707
611 365 6763
2178 932 6997
1856 1745 2509
2818 1751 2606
1921 1629 5111
2258 378 307
442 1809 4380
161 1543 9470
2007 1970 1699
1509 2402 5976
1298 845 4852
1550 2848 8044
2528 817 4173
122 26 2100
1305 410 9658
824 2442 8077
1206 2460 2143
2335 2244 1867
1166 2823 7950
2629 221 6220
637 2803 8620
965 43 2329
1592 2007 1677
21 2495 9038
1726 436 3806
1043 841 7716
2916 2274 2027
2400 1410 8368
125 1027 3538
2420 996 5300
83 625 7187
1614 731 8083
1642 68 7820
346 2811 7080
1346 109 9220
192 1331 3523
2678 231 311
1013 2629 8605
1454 250 1330
2018 1095 2808
59 318 769
69 1195 7643
162 2675 3959
1444 2020 1990
93 1296 8899
2644 683 3957
2490 2042 7550
1240 2730 7399
534 1442 8165
315 2962 8971
490 1773 3000
1042 138 2318
12 1010 535
2765 2336 5700
1263 949 3484
1728 2139 4706
1524 1106 4529
1327 228 1344
1290 1854 4587
482 1725 2641
2837 2852 3511
1187 2027 8391
99 2378 5891
1283 1965 4454
799 1476 9299
747 2415 2505
2026 1938 3885
1164 2897 3556
2568 2550 3100
379 972 2652
1145 748 8942
1323 1091 9327
1476 1917 1815
1135 1057 3244
2245 577 9893
957 2703 1587
134 2627 3174
974 726 932
19 1488 4990
2283 486 1002
403 2886 4652
1401 2802 7026
1094 2146 2282
1113 515 8211
1922 1668 4799
2788 2290 7812
646 2124 5273
279 1894 2261
1733 2491 4270
2349 2245 4929
2627 1832 9826
725 915 7697
706 815 1971
1332 1351 448
2552 2450 7600
1984 557 7028
527 696 7161
484 1556 8641
2212 1640 2129
1037 495 6279
1331 1243 4893
1216 801 1598
466 2275 9458
2321 2296 9532
201 391 1679
446 652 1299
2366 635 8846
2143 558 8483
95 2469 5347
1281 1419 7293
1667 965 3870
2882 872 4522
938 1579 8892
2306 1389 8913
492 1208 3995
2887 2790 8315
1270 1213 2988
1974 1096 4391
288 331 1062
1548 568 5500
2757 1491 7997
174 1706 7912
595 2801 2699
195 2998 9521
447 15 4397
2092 83 8224
1790 2090 8148
1336 1511 9970
2450 1747 8060
975 2816 1314
1268 543 400
2975 789 5650
1682 1470 9609
1956 2983 9623
2063 825 7581
1568 27 7848
43 1103 7970
1607 2378 2801
1571 2154 6508
1482 677 9644
2847 2771 1270
1903 551 7189
1664 2907 9126
1783 2841 8534
2787 2477 4630
2598 774 3443
1937 2777 1357
1277 1467 9066
2273 422 3703
68 2477 8880
2218 1032 1624
1494 576 1947
1696 2275 7101
2424 818 2668
252 1747 117
2978 317 9582
2030 374 1947
2106 2684 9372
1213 629 1585
1114 212 4402
2572 2127 755
827 2298 4540
418 1334 3816
2083 1563 3890
2384 1097 9476
1311 1280 1676
1458 1881 715
1823 1182 3613
1332 592 2805
2729 551 806
1586 1838 8921
848 322 8748
2839 2102 8932
1990 694 2909
2024 693 9981
1562 74 5250
2199 1165 5040
2910 1013 4241
1974 1019 8366
2204 175 1835
1121 1100 9349
509 1643 6049
136 2087 3650
2750 258 905
94 1564 7291
2358 907 3789
2335 916 5849
2394 2881 7028
52 2554 4504
2845 871 6916
421 375 4695
1244 1702 6193
2312 2398 8505
2489 2885 5780
2675 1836 5138
1093 2275 4085
1055 1361 5269
1374 136 1766
1824 2119 6276
402 1568 3871
2886 2608 1815
993 1999 1952
824 2323 1425
2373 1555 3212
2389 1404 6753
1704 2732 754
558 2712 6316
550 744 6858
1381 1776 9720
1198 2790 2810
780 1292 3506
1824 87 7332
1 835 1674
176 2890 4192
2408 2821 3544
2517 2284 7577
742 1328 6096
1420 1047 6475
1586 249 5049
1648 994 8344
171 778 8367
1677 2996 8233
1826 2384 6878
1477 1351 2901
2406 2446 1971
568 823 1709
2558 1688 8325
1654 1675 293
1972 2036 8429
1545 2990 5581
2080 1397 6245
2615 1402 7187
1725 2018 2157
1795 1447 5772
175 1167 279
2618 1698 123
269 2542 4251
1932 2100 8135
458 753 8639
1571 1837 8209
2651 250 8252
2122 1943 5364
2695 2741 4149
2913 1475 7798
2826 348 1366
2992 2862 7848
2068 1465 6442
2574 599 7446
2838 1466 4270
355 1535 7264
936 1048 1233
2674 2959 4004
1084 697 3436
2128 2458 3537
207 225 6603
1315 304 9387
990 2412 8874
462 2540 2371
2376 560 1666
14 1878 8077
2604 2357 7170
2751 1569 4069
2130 1170 4574
2714 188 9969
1382 2796 3080
1455 2397 7949
2180 321 1342
2299 2862 4212
2034 2321 8907
1537 1541 3239
131 374 5628
2379 2737 6628
903 1540 5689
1909 2010 7164
1910 850 8281
780 2466 634
1414 1271 7732
2564 791 4045
1548 1894 6348
948 1504 6277
2042 1914 430
954 1674 2552
1484 2060 8764
1856 585 4769
2399 2817 9553
2677 1479 2312
469 2684 293
2217 897 8395
1350 2267 4316
2298 751 3673
687 50 4162
2505 2979 2904
83 1756 2963
2527 2305 4299
1859 1921 5862
1641 517 6546
1862 554 7804
2407 2940 9703
479 110 9089
1644 2262 7372
1302 1774 231
1564 183 116
2795 275 4860
1127 689 473
1316 972 3822
1567 2207 4871
1661 1029 9678
1372 2897 8493
125 816 7171
1636 291 9609
1967 19 6233
454 572 4947
2145 1604 6
1957 2408 5998
2239 2723 5409
2239 2440 9528
1109 1571 4822
2564 897 7943
2872 927 7002
2793 1311 3274
470 2339 8264
737 899 2559
217 292 4506
2517 212 3018
2853 584 3319
1019 259 6220
406 2268 2452
1970 704 2854
2802 1206 4337
1609 998 1096
1070 2149 2976
2226 2465 4231
2718 767 2616
1584 2226 205
2823 1886 134
1380 2531 391
2280 1538 6626
2067 2932 7096
185 878 4035
1767 2179 3167
1477 1229 8249
2854 1201 8700
1418 1018 79
1082 632 9406
1790 1259 8964
1666 2094 6965
971 122 8802
3000 310 1836
1735 319 7943
2932 244 7674
1572 960 6383
1242 2652 2064
255 2513 953
1491 2827 8645
2899 1401 9265
2240 1747 824
1353 1912 4307
2116 770 9562
377 2401 8275
1564 1957 7694
772 2011 6097
2651 1240 5664
813 794 1810
1307 2942 9961
1957 2788 3051
1550 2025 4117
259 2487 1463
271 2316 708
1744 2352 9169
2085 2883 2702
2133 2500 4863
172 2900 2488
305 1380 7639
188 1087 3565
1915 250 6986
1279 1891 1043
1857 860 584
828 1879 8636
2638 1303 3324
1866 155 830
2463 908 8635
2815 1930 1850
2341 1276 6626
2381 1702 7360
1206 1557 7724
718 217 4865
2089 2189 8639
222 753 2808
1742 1464 2101
2304 1016 1357
2644 638 5392
867 835 2610
207 130 7394
1051 767 3888
969 1220 4623
1628 2200 6857
2870 1463 3344
811 504 9975
122 603 2150
2474 1561 9548
2253 146 9474
277 2367 2485
1778 2707 4538
558 1087 7009
738 2077 5443
2876 119 2094
186 1157 7938
2087 1715 1892
2987 84 1385
1660 976 6987
2834 1930 2424
2181 2363 4625
2977 1747 6516
1852 1144 616
1899 2743 6309
1183 208 6521
47 2360 3190
944 1050 6861
1433 2449 8313
2174 271 861
2107 456 9561
1701 2301 447
1363 2583 3804
432 79 7687
1030 248 408
197 2740 2579
156 613 3473
1457 1971 2589
664 1851 3762
687 1464 7277
1982 1772 780
2553 2814 1505
651 2339 4592
870 1893 5
2276 2254 8703
2730 2348 6663
1940 1849 2851
1523 824 340
324 2394 220
2803 2009 8010
1818 75 8684
589 559 4422
1014 1173 3605
2832 1711 5483
1607 467 393
2560 1381 63
456 1326 7386
1786 2884 8052
2665 506 6652
295 927 6833
281 1514 9652
2430 1833 8123
2381 2461 4467
403 1487 3589
1790 1816 3997
1818 16 1354
1965 2989 8822
2870 587 6297
2609 2331 829
1961 727 4857
1695 2027 9427
1890 1801 6611
1642 2496 8624
1545 1331 8445
2303 487 6324
1863 2499 9810
2129 175 4798
1420 1987 5680
365 486 1049
692 430 6819
118 2954 7300
1875 1124 3396
744 1173 6858
1335 1615 7150
2789 2328 9230
1306 1809 7350
643 1459 119
1289 1975 6123
178 2453 9097
1242 365 1047
673 2580 7607
2943 1291 7939
1601 2690 8338
2900 2487 8881
1232 1883 3193
1804 2493 2712
2588 2520 5946
1343 1844 3805
1586 1068 7194
1894 38 7830
2467 596 9702
1818 2772 195
2426 2064 5604
986 100 1925
1684 2775 4066
614 2863 5099
149 2960 1716
2170 1992 96
1007 1917 735
552 2369 4081
2849 1776 6839
2984 338 7224
888 2970 4990
817 409 9229
1006 783 2621
691 534 5752
1813 1975 216
267 1933 7655
347 1385 7838
2472 2200 4220
236 1049 7188
1054 1960 8972
360 304 1002
1566 2491 2118
2375 2938 5455
2062 503 2859
1573 2694 3706
1118 2784 5987
1507 2360 1475
2747 943 4559
1515 389 454
2099 925 2979
2852 26 6304
2326 2061 5572
265 1063 2844
2554 998 8351
1135 1829 2460
1664 956 8324
235 776 804
277 2466 6985
1733 1828 5116
1846 1553 372
1195 2363 2826
744 1596 7185
219 105 4340
1173 81 2945
18 1266 8757
2021 2152 3143
1926 1371 7198
1348 1403 802
1589 2844 2436
2305 1159 5130
2122 1085 6707
314 641 6547
2324 560 1612
1932 1525 9755
2538 2832 4609
1392 1930 4169
1361 2426 273
1228 1378 6389
2040 2793 3796
2253 814 2232
26 652 9570
1071 963 7602
2351 814 3285
448 2584 5839
1671 2757 5414
1921 2042 642
1843 704 4675
399 2051 9125
1312 2067 198
1170 152 5061
2446 1452 7543
200 20 14
1249 1948 9340
658 310 4465
1484 970 5656
2696 91 3949
711 2457 1355
607 1642 1636
1736 637 1188
1616 1523 5892
271 1000 397
1693 1018 932
1063 2640 3004
208 1854 4310
1839 768 8091
2516 928 4172
2464 1259 9651
2784 1512 3685
1421 2958 6788
2729 1092 8028
2167 2889 4175
1751 475 3752
1643 279 4609
1039 2329 2837
763 762 6852
2364 2672 9199
1241 2587 2037
1086 2020 274
893 42 8674
1617 792 2603
1544 1230 329
1763 1730 6338
1756 749 5181
2946 2558 1621
2407 546 8370
1898 2850 6527
1426 1643 5926
372 2548 5958
2952 2576 7663
463 352 2909
480 1921 6044
1770 1754 8405
2293 1921 69
1016 2919 5881
2084 678 8867
1437 1966 3436
1263 1328 9003
1076 430 8007
2857 2196 1734
1180 176 2933
955 2655 7709
1082 403 5145
1389 791 1483
836 2900 9995
2212 353 2827
2219 1109 4370
501 219 2416
1219 91 2967
2902 1029 8816
1145 2350 870
2829 2208 6514
17 1696 3098
2983 66 4563
2592 472 169
350 592 658
601 1216 6895
1591 1915 8656
1372 18 373
1227 1665 4972
1960 1170 9958
439 1754 5801
1627 1925 255
1686 862 4185
2942 1599 252
1767 1289 502
1914 2764 5368
2531 1815 9974
2569 2896 6428
2279 1402 6681
1395 946 4563
1948 1028 8602
923 1394 8367
2333 140 648
2084 1349 6090
2248 749 2222
305 2339 2913
821 1278 1660
579 1696 414
2490 884 7293
2196 565 8729
320 1471 87
1386 542 1722
642 2240 9222
1973 275 3171
2373 1804 9605
2322 1829 5127
2379 1990 5757
2166 139 4307
919 968 99
2171 2242 5255
1396 1293 8320
1804 218 3570
200 690 225
2039 1472 1183
2413 1106 3676
2950 644 2372
2076 1387 6665
721 184 3312
2353 520 5418
2710 1970 7226
2263 1466 2469
2273 462 7595
2583 2478 1315
2017 118 4090
1149 2399 2160
941 229 2580
2160 1656 915
2713 1074 9021
1394 1765 8933
2967 1617 3675
1213 1248 138
2737 2665 5990
2824 340 6818
907 964 8517
1335 2377 1451
378 737 667
11 178 6325
1092 1852 7359
2760 1580 4091
1955 2636 1559
1513 325 1398
1224 1634 4448
1636 190 1533
622 223 5487
137 2139 3026
733 1527 6516
2081 1752 67
2205 408 823
2397 1750 7883
15 813 5808
455 2161 9436
24 960 6310
2829 63 3070
1927 360 1611
2359 349 5242
2287 2924 8801
362 534 7643
2199 476 5309
398 2496 1068
1398 1379 2068
1236 2039 8707
2177 1521 1028
2049 216 9361
1286 1510 3860
423 1972 8668
2716 2565 3803
609 1228 9961
2998 1168 7219
2480 1659 3593
1621 904 5766
2600 1440 6474
324 605 1423
2227 2157 9400
2734 1671 6875
1221 686 9042
57 2225 1997
593 947 3188
1961 1226 5106
528 429 8883
581 1565 91
3 107 690
1668 75 1559
863 1676 8548
663 1715 8497
76 2380 4327
2304 416 868
1505 1376 1101
1752 1803 7492
345 1757 661
1216 1066 805
2746 329 8258
2335 1832 5222
1706 2398 9786
2010 1912 4749
2289 1897 3783
74 386 7661
2645 570 9892
765 1802 8633
2968 1124 5771
2841 1221 8510
2509 2273 3969
621 2897 3755
2687 1316 9122
1798 2941 8334
2506 7 2013
2498 1174 7405
1388 2039 9386
2393 174 1358
2494 2588 8790
1955 202 1952
2712 2863 7576
1587 452 4732
2962 1965 857
1755 1614 892
592 1134 4319
1495 1139 8539
2464 2916 1356
2268 2950 9699
2211 2858 9811
797 1334 4540
2772 778 1187
2267 439 8512
2872 147 4500
2894 707 4740
2131 639 4392
2616 2216 2344
1941 2959 8963
2123 1667 988
503 1380 4886
781 200 7187
2541 882 9853
105 1787 6191
2229 1439 6195
1190 1066 5405
369 2873 2776
710 2701 2826
2768 2097 799
346 214 5769
2210 822 9899
2812 2471 5410
1229 1118 2925
2641 2108 7987
1735 271 4739
1862 1173 1501
2683 1299 4672
1291 1922 7254
1625 828 5686
1900 1193 4726
1874 810 5057
1602 1236 3656
251 904 4145
2709 300 4875
88 1012 1127
2468 2193 5703
1714 2147 4167
2857 915 4048
1704 369 5820
1759 1987 4480
1788 249 833
1470 1444 3549
898 2226 4693
411 331 725
846 1023 1311
1232 732 6049
407 2324 7596
532 2990 5332
648 424 8611
1624 2806 9971
1206 610 8547
2841 1052 4457
839 2697 1656
1324 83 6221
2658 1725 129
2361 1057 1537
2129 1084 9438
1857 1338 5247
1435 2634 5616
2494 689 9868
606 939 940
1887 1595 1730
138 199 1650
2666 2529 393
1904 2187 9239
120 277 9903
1772 340 7227
1627 2116 4024
226 1090 1293
513 1460 7739
2656 564 8562
1605 381 3017
1485 282 9646
841 1722 6862
1810 824 2541
218 1938 3825
393 2269 3716
2371 2540 9546
793 76 9802
1271 1298 269
2828 888 7689
720 2828 6196
1195 1055 3374
2069 1120 6759
1248 163 7009
2380 978 6055
2571 1124 4886
694 1981 4093
2004 350 5280
1903 12 9399
2287 1938 8089
2370 2453 8976
764 1 58
1770 3 9809
812 2680 7387
498 1817 261
430 2773 7595
2036 2500 7481
2506 1530 1472
2967 1449 2033
2627 1652 3943
1782 2877 3762
2373 2028 2426
1285 1753 8602
1727 1090 4691
838 359 5763
666 637 7444
343 475 2266
2076 1892 6295
1357 2484 1474
399 2716 2197
622 877 1280
2250 630 9497
1852 3 8110
2320 2543 7324
551 2907 6862
1622 2631 2309
856 2723 3533
1424 2097 2397
2552 741 8748
685 1100 4814
1444 2862 6603
1449 2733 1772
2181 1099 4320
2314 2774 9290
555 2189 2333
67 148 1329
749 959 19
2256 2012 3516
2058 447 3104
2063 1845 6133
1996 1224 5743
335 1768 4844
128 59 5440
511 2683 7429
1060 518 9116
1921 667 430
1276 2979 3270
1313 2288 6091
2298 1169 4089
1484 302 4323
2905 587 3845
1015 1821 7030
795 292 1916
1325 552 9959
1154 1919 9053
821 1666 6475
2851 1235 5013
2388 672 6479
1852 526 6443
2002 2700 8848
2033 228 2311
1979 2286 550
1696 1487 1016
1896 2723 4574
1111 2285 5411
1660 282 5474
631 2051 2536
599 2460 7444
530 2012 4793
1273 1505 3862
1778 2205 300
2687 473 8221
984 729 443
1704 1440 570
1543 1759 5381
1048 2203 355
2652 2288 7413
1094 2226 5706
827 1640 8861
1205 99 4090
2485 577 2080
1509 2223 9155
816 1522 1197
665 2072 8098
403 1857 9543
850 2798 4808
300 1110 8968
742 637 7209
1341 87 9464
836 1549 4405
29 235 571
104 2428 5851
808 1131 390
1054 936 6582
2593 793 932
73 1680 4187
990 1425 9027
73 1842 9734
1308 1732 1967
724 1497 5360
1792 1767 6894
546 73 3982
70 1614 5573
2321 2830 4955
1589 2552 8617
2385 2577 5562
134 2056 6812
2762 2141 8195
394 1843 8132
1030 2230 8551
850 2981 4449
1123 2120 6135
318 1569 1479
548 2877 8630
747 828 5305
1102 26 2921
1914 1910 7262
880 362 7613
1269 119 2220
1799 2694 645
714 807 8716
2402 2397 5505
661 2516 4870
2510 1088 5514
1984 256 5953
1292 22 5863
2816 687 9217
2213 1293 543
1274 1419 9757
2134 2241 1809
1306 2466 7701
532 2884 3955
443 2241 6875
1499 1579 393
684 2799 72
68 999 1183
281 1775 9872
1504 770 8673
363 2563 1341
404 466 4099
994 269 4008
1329 183 1661
19 1403 7388
619 2123 9058
1073 1248 9162
964 281 1787
1144 2120 6189
2435 1410 8665
777 1912 6353
1713 1390 2928
117 2264 948
2036 2501 8179
2295 1361 3230
1490 2534 7532
2472 556 8029
1795 1263 1077
929 57 2982
558 2491 186
123 2808 6678
1012 1889 7081
2910 742 7253
2758 2743 1330
1786 1107 3341
562 1605 3550
1001 180 1920
540 2722 3484
126 1553 9090
109 1753 1013
2833 983 7897
2478 2755 6362
1770 2912 7674
423 1122 5612
1781 1844 1261
1793 543 2297
1657 1738 5594
1654 458 5213
2833 1114 4215
163 2223 1750
653 1367 6883
1626 1820 6389
688 2305 7276
1338 2716 5710
125 701 9203
1901 747 9077
2289 2895 9184
118 2942 5690
431 2663 5131
1902 1555 8914
355 223 521
812 881 5933
2015 1577 5200
2867 1436 4139
276 2644 4745
1438 2803 6666
2252 1343 824
470 2905 8714
331 1409 4320
679 369 6788
1703 146 580
2311 1859 849
966 2640 2126
2375 2592 9182
2680 1429 2869
2944 372 7308
63 1383 2899
1087 1424 3384
1976 2491 6639
2043 2333 3617
814 2311 4551
1111 1726 712
452 1334 9373
250 2112 4362
1106 2544 3160
1828 1354 403
2332 1276 1546
2839 459 3834
691 207 8738
2824 2868 4617
2918 178 8335
1060 677 917
1315 282 5292
274 1637 850
1557 1394 1179
2717 2026 670
1737 2290 8371
768 2362 4660
2820 805 4844
769 2331 9336
1095 2880 7187
2032 339 3266
1654 1077 2838
2840 1404 9262
2554 2141 4573
2606 1195 2233
1987 47 641
1581 2471 3199
2755 1303 1004
2883 1521 2875
644 2358 306
296 1286 5056
1990 367 5709
437 571 1230
1677 1088 5454
1448 478 7790
1401 2801 3295
2602 2014 9563
799 998 5602
2792 1027 8092
321 209 7080
584 2733 3597
938 1396 3734
1669 2819 4008
1102 1246 7600
1456 828 6196
739 146 8671
2772 728 9397
423 153 756
46 1043 8786
2360 1116 3896
1853 172 6392
1304 803 1952
2436 1145 5898
1773 60 6084
1705 858 4364
2598 750 1756
2318 762 422
64 566 6623
511 1262 6026
1096 1634 9523
2944 514 6155
1269 2186 9052
2795 567 6154
943 1190 9145
318 2742 490
2607 1552 5680
644 1137 9340
2863 451 6597
467 2628 5316
2455 1965 635
846 2082 5344
442 2979 3974
1084 2855 213
2675 2550 8093
1048 2535 9532
51 1361 8247
1406 2378 9386
2692 1725 5731
237 2306 3507
2780 2568 9092
1462 1218 6680
1759 950 7127
1383 2937 8347
1339 656 7932
1361 140 1220
201 938 6240
1801 2328 4063
2208 2831 8879
2824 1905 8187
389 1454 1657
534 1381 6674
1138 1801 7302
2917 106 1742
1633 1823 121
2436 1001 7948
877 2008 8756
732 953 2846
2052 1898 9094
415 1477 6262
698 1768 5951
1387 768 3727
1398 1169 117
2201 2909 1623
162 1715 9693
1216 2166 3248
576 2228 1389
1853 2117 6213
929 2706 1430
364 1806 8402
67 2311 6196
1191 1152 7055
2359 2294 4427
2955 468 8396
692 135 6461
1866 451 1723
1343 2808 8265
158 1456 2554
1409 1559 7697
2607 2392 971
2793 1597 4363
2738 1873 723
1872 776 1993
1592 2380 5998
2923 353 7967
2377 2205 249
2361 2005 572
577 275 5879
32 1075 1522
1014 624 437
1047 1062 6883
563 2085 8955
633 2694 2651
1421 585 1088
1645 2250 6009
2573 284 4938
1015 488 7202
598 2836 3425
1146 1016 2578
2408 130 4339
1922 2751 9922
1554 552 6170
1578 359 7143
1211 2505 5530
1002 484 6588
2451 2109 4271
598 8 2934
14 2104 7722
81 1570 5146
1585 767 7558
2749 1423 562
2459 861 310
2698 2005 7212
2307 1968 979
1802 1258 1554
204 376 5767
1230 2873 9772
1010 244 7034
1802 2 3367
1854 1235 856
1391 1460 5533
1734 2801 7264
2450 1488 9995
2640 23 4431
1403 2945 6380
2704 2858 6155
512 2708 1006
646 1988 3461
2608 242 5905
1428 370 1319
277 1555 9042
2493 2695 2090
1735 2816 6006
1491 2925 4836
2617 1842 9385
223 934 3654
1263 1007 849
429 934 7672
2308 1950 4955
69 46 4512
589 206 3014
639 1532 6598
560 2309 6274
197 824 8067
2837 2228 8280
560 1110 6694
809 2350 3588
84 331 8307
1003 980 801
1622 2412 4724
151 623 5874
1176 1016 6964
1767 1679 2080
1110 1878 8931
211 706 5159
1467 290 7496
825 240 6623
757 2722 7146
1030 689 6593
1594 1089 2017
1141 2662 6448
1472 142 9122
1555 925 8400
1533 134 6879
2732 1636 9732
942 318 3187
1190 2555 6972
2906 2309 7304
2549 423 7864
227 425 4754
126 1428 828
1182 1787 4925
827 1770 8189
2880 1990 3186
2323 310 2289
1656 2992 5679
1679 602 8559
1729 1039 887
2186 163 6786
182 2291 8454
17 941 3855
2668 1277 4638
1777 1138 4316
2473 2709 7210
446 1842 2579
1143 1520 4790
1184 1405 8693
338 2064 6480
2519 1391 115
1663 1201 8186
2174 2846 993
1673 2313 304
367 527 9112
899 544 6367
2625 2597 7706
2539 550 178
2713 1363 7533
259 1659 3897
1728 2058 2712
2004 122 8154
1443 2523 6616
1157 779 6694
2008 2850 9490
2946 1302 684
2538 1738 720
1457 851 9288
549 1532 6802
22 1386 7650
2162 116 9255
804 2854 7396
2312 1573 6305
2941 2485 3126
2015 976 2011
1191 178 6226
1995 1828 2982
1540 2505 7582
2043 1245 1480
1954 672 9841
2023 2455 1955
2866 2711 304
2587 1870 6645
1003 519 957
463 2294 1066
2664 2335 4376
2189 2349 1055
2957 2840 1874
919 1601 6312
1908 2657 542
515 1111 4770
2185 2513 3076
1746 2598 5776
546 122 5286
1587 174 9532
1106 505 245
485 1351 9448
346 2808 4399
916 242 4217
2001 35 8911
2152 201 9791
409 1026 4966
1616 1395 9501
1357 2804 5297
1496 1543 4658
2413 234 3034
1233 337 5118
2724 2924 3306
2880 1172 9866
2030 1790 8391
569 1989 7211
424 2867 6016
1869 388 778
2476 505 259
347 478 8248
1174 1725 8281
677 2031 4804
782 1576 2896
1900 2671 9027
2359 604 4821
949 772 8138
1596 1453 4519
1289 2536 902
1790 221 2251
344 1884 2283
969 345 7900
2495 892 7005
1027 1413 6779
1690 1448 1040
1270 847 2308
1792 998 7601
1791 325 5496
2909 1398 3573
2922 21 3395
1269 21 9269
2139 306 3095
840 1315 1716
109 1459 5720
597 196 3869
2061 1655 1211
1027 863 5955
241 207 3707
1132 681 2233
2598 1358 340
2622 875 1075
1458 2924 6004
1123 895 7061
1340 535 4672
301 2208 6752
270 1251 7260
94 1708 7364
1488 2304 9161
1574 608 8382
831 2305 4568
1134 597 1130
708 156 2727
788 1114 7671
1525 1308 927
885 1986 4256
949 2464 4692
2003 2176 2171
715 2711 8271
2610 1926 5763
2296 155 5936
2214 2228 9332
215 2323 6014
2294 1577 3664
2779 408 6417
977 515 6313
439 1789 6166
624 1356 2375
1719 864 1108
36 2885 1509
1947 2700 2519
378 1464 8347
2756 2863 8478
197 1211 4209
329 450 2885
890 1552 4412
2733 956 1603
374 1002 3722
1279 2013 4654
439 2995 4264
212 1818 5056
23 1239 7961
2608 2445 1023
320 2556 7922
2083 2648 981
2454 1290 8587
2456 2445 8375
2257 2794 4006
1738 2056 3022
203 1406 8847
1981 2658 6034
787 2953 5427
1881 2518 7363
1353 2044 1017
1345 1485 9051
830 966 4017
445 2432 9016
267 2893 2763
829 900 1603
1735 1839 326
2705 2898 4015
1002 511 5426
982 2400 4832
2353 2699 7711
2056 523 2451
1243 1769 5902
1130 1162 8341
1530 2378 891
612 308 3027
2154 1331 1646
2300 1724 3224
87 1503 7529
148 1574 9514
1396 161 4541
1251 429 2768
1687 316 4281
1843 2486 5230
479 1174 3573
190 2545 8311
631 1239 1212
1271 705 4076
2761 1587 9985
278 160 6201
2431 1612 2551
2199 1961 1617
2408 2314 9575
159 404 7752
2069 2305 1125
658 228 201
2957 1663 6290
599 1936 7279
146 1716 7921
2277 1968 6857
1253 1284 669
425 145 3100
246 1265 4311
1866 75 7967
926 1556 3903
1267 2215 6710
1648 2049 8321
1489 1788 6437
1647 1246 2213
1682 862 5911
2580 1214 3358
1687 2932 9396
1261 1637 3335
737 2707 9216
2569 471 7295
2033 2949 9882
2980 1317 7197
1888 2865 3514
1268 2368 380
2222 194 8744
2853 2590 2894
2865 953 4330
1592 2197 7276
1406 15 4200
1215 40 5044
2316 646 8639
680 1536 968
964 1004 7244
231 934 9553
2353 2837 2750
2652 2262 5497
264 1985 812
270 2807 863
2613 871 8108
1073 1997 5176
96 2374 5991
1353 2341 9407
688 1897 7134
2482 2159 6250
1367 619 7848
253 2609 2313
2399 197 3321
2303 2596 1388
2921 2246 4871
1342 1498 6027
127 715 8935
1008 1760 933
2212 1458 6264
1253 1780 6309
2168 1550 7057
1571 1930 5583
2883 2175 2006
108 524 944
2344 1592 4110
2027 2812 6777
809 676 9591
1697 305 7067
1594 467 4073
2149 1953 5063
2417 2093 6272
2520 344 5177
1918 1148 2434
2576 2630 4658
2797 499 6793
2204 2835 3884
885 2085 6804
1887 2093 964
807 534 6695
829 873 3056
1345 801 3791
2756 2618 3727
2172 1380 3290
2404 2386 7446
2354 1146 7212
257 1614 8204
269 2029 2174
2865 1168 5424
265 805 2706
481 2881 2121
2871 2615 6313
1780 2028 1401
239 361 7555
556 1433 5784
1751 251 7601
1076 19 1426
39 865 4565
2134 2136 4962
1141 1532 9343
2032 2902 5639
2605 1199 5343
642 1581 7782
2167 611 8344
335 1374 444
1854 2373 2006
1642 2979 3831
2610 2584 2088
318 2246 1687
2123 2662 3810
2833 2057 3953
516 2484 1962
1932 1193 2277
2896 1173 5108
547 1867 641
2126 2374 8509
1427 2830 8119
947 784 2722
157 637 6913
2132 2398 394
2600 2252 1012
1499 2275 1852
1975 1106 5219
2518 1140 1633
958 2770 3088
2355 1537 7389
1710 2176 2967
2230 1188 688
722 608 3121
2495 1183 3285
129 1508 9620
1375 686 619
1470 1602 2247
203 223 6935
737 743 3610
1032 2773 7803
862 1325 8416
351 1406 5191
2083 520 3347
1934 298 4447
1580 999 7552
1745 1333 4363
2853 1808 9461
41 1883 2830
361 1037 6346
1785 666 7034
299 1663 2643
116 46 4534
2120 2196 396
1346 1053 4086
2274 2220 9944
695 2697 4346
625 2144 5289
2283 2025 2879
1177 1445 4977
137 2272 1694
885 1893 3104
2038 2361 6550
33 1855 7318
2538 1154 7766
1997 391 8384
955 1423 4919
2240 1452 1258
79 2452 8460
146 394 7470
2193 1498 550
2855 120 1244
1139 1666 1113
1198 479 5111
1806 1594 2145
2991 2535 4363
428 2083 9240
444 2382 1363
292 1162 6738
414 2084 1414
2040 2622 6911
2569 1941 4544
1178 2997 9188
605 1404 8358
2016 911 5732
1037 230 4272
2035 2767 5448
377 589 3681
1734 866 9673
2322 2706 1801
2568 1109 7120
1431 55 640
2723 1628 8445
1814 2883 7640
419 1796 2333
876 2450 3007
1299 2862 1465
546 2397 7505
2511 1256 7874
2067 1758 2054
2164 456 1059
1495 2886 942
2017 2829 4194
2357 281 3240
1442 1947 3144
994 765 100
1399 501 6708
2326 883 6376
2760 958 6129
1600 2705 4361
2146 2853 6115
523 1481 7566
2133 1207 7550
931 2321 6578
1928 2427 7183
248 2005 6574
2973 2731 6739
567 2879 4749
2929 2764 2366
2904 2787 5656
1172 623 318
2274 2455 3283
1264 2503 6197
234 67 2390
1496 626 9410
1235 626 2489
1744 761 424
1739 863 7612
1028 2632 4664
1589 491 3933
2375 2656 8851
2758 1266 3479
1220 583 7698
1453 1365 687
992 2090 5393
181 2544 2774
2106 1379 5377
2063 1594 8484
2588 2600 4173
55 1978 8349
2978 94 5838
243 1934 9845
739 297 1787
1203 2007 5348
111 78 4421
1618 858 1519
1400 2260 699
2628 619 6462
2850 2408 6851
2507 829 7099
2432 2507 8968
312 2878 2041
1118 484 2848
493 913 6682
833 2546 8584
2668 2061 7181
144 2705 5030
1633 2309 3068
1764 62 1902
147 269 4417
164 402 4113
451 899 3117
1738 310 6952
2202 1089 128
271 1458 1413
2353 1397 4000
1316 2221 7565
2851 1134 4426
1473 2139 8323
1989 1237 9031
2708 2234 3095
53 2181 9564
834 2893 9148
1388 1395 36
2312 565 9199
942 2584 4778
2701 1626 7679
994 1786 1055
2745 2310 9799
1378 556 9826
702 2099 7317
225 1339 561
412 2201 9163
62 882 9735
2832 242 6526
100 489 8868
389 1565 6751
83 667 9714
1061 2644 3896
2498 610 7934
1384 2030 1839
1238 760 2973
1239 313 74
2361 2897 8372
1842 1296 5270
812 2858 593
1861 1537 2882
1145 818 1442
2106 296 3350
1113 2362 8010
101 751 4359
308 2121 1830
826 1045 9412
1331 1647 5753
2212 484 7248
1735 1048 1394
1054 1777 7174
1151 1852 6238
1558 954 617
1139 632 2831
1068 1770 7099
257 751 4062
662 63 7695
2410 540 7444
2705 586 7755
2244 324 5209
2588 763 3921
2942 1728 5251
2884 2319 9697
396 516 359
2016 1413 7649
1542 1764 943
226 2030 2254
524 1624 513
2172 2547 7591
1902 2338 9390
524 583 9
161 2812 8996
1342 2049 416
1385 2413 7309
1323 2435 6071
1835 2623 2171
997 318 2236
1519 1867 2815
2990 297 9932
2632 990 4342
770 568 148
340 1358 1702
2461 2638 9952
2224 881 3176
783 913 7279
2934 1376 2551
102 25 3734
744 1705 6522
1681 1095 7268
1270 2674 7668
1562 2870 1076
2415 786 9548
1307 459 9626
339 1039 2256
2718 436 5640
2952 1986 1255
159 733 8679
1332 1471 5578
754 2573 9251
1530 1176 5794
1901 2886 1752
1436 2496 5039
993 2221 9452
2356 424 5357
2747 662 8880
731 2518 6364
2002 2517 9980
2877 2666 973
293 2672 5912
1852 2129 8948
2711 2459 9396
1306 985 4343
221 469 1249
2223 585 6835
2433 1959 7664
1336 516 3010
896 457 9307
2953 2122 5879
2413 1559 8706
2396 2864 5352
2685 40 4490
2452 1072 3396
961 1409 5184
1070 751 5267
1866 789 8123
1907 322 6475
2653 1932 8046
2504 582 9634
1584 2069 1638
2933 563 7101
1198 904 6000
502 2171 7433
1930 526 5180
1998 1179 1093
2624 62 8368
627 2996 7068
260 2463 3673
2334 2321 321
2555 2974 7571
1670 247 790
2190 1464 4123
2145 1061 7602
148 1199 3403
2121 2164 5553
2130 2744 8018
109 474 3969
163 10 7273
2965 2052 5638
2178 1995 8528
2467 1061 2615
298 399 3988
1132 1969 3943
2399 1916 3934
1546 2085 1971
1796 2843 6948
1052 1265 4447
574 2389 7082
1380 1604 7785
752 705 8747
1671 1924 6197
2179 198 3367
1944 239 1085
2499 1411 4816
1035 2643 4796
1191 2582 7674
1523 2423 68
1253 96 9154
808 2749 3227
1246 1717 9114
1577 690 3234
1165 2494 2768
2515 2471 2496
205 2229 4788
2852 2227 5098
2434 2152 2710
2676 1053 658
846 1238 6477
2536 2446 1585
1604 1954 6484
937 2295 2194
171 58 1523
336 2643 4690
452 1934 943
215 2880 478
2871 2730 9086
1729 2587 2244
234 901 9028
2951 1293 2699
105 932 4343
1998 423 4998
1250 2687 3659
1173 1701 9994
733 2150 6359
2267 678 7650
2342 938 2501
1588 1141 474
812 1775 7451
0 132
1 796 500 8540 1036
0 57
1 520 2738 4622 659
0 1263
1 2203 841 2535 609
0 616
0 1108
0 1259
1 334 762 7091 1224
1 2414 425 8421 498
0 856
0 414
0 291
0 890
1 1360 30 4648 1260
1 188 1206 9757 1173
1 1454 1438 9125 757
1 1133 2254 2915 173
1 1547 586 2217 711
0 653
1 713 2941 7086 376
0 1041
1 2876 204 3346 540
0 353
1 1568 473 1808 160
1 1580 1150 3828 494
0 29
0 921
0 275
1 1366 2068 7045 288
0 163
1 2382 868 9163 1031
0 192
0 1066
0 719
1 2193 699 5312 1278
1 705 13 7762 931
1 1096 123 3637 925
1 769 1353 7133 989
0 451
1 1268 35 1216 891
0 1090
0 769
0 754
0 416
1 1307 1542 1314 993
1 139 787 6176 961
0 841
0 740
1 2726 604 4646 294
0 345
0 468
0 1243
1 1708 937 4096 298
0 668
0 482
0 1299
0 655
1 1012 1130 3662 355
1 1815 1652 5932 1218
0 1223
0 1175
0 346
1 2166 2573 9745 1233
1 1555 330 2238 1307
0 371
0 768
1 762 1469 6701 532
0 149
0 1096
1 2258 1283 5710 239
0 1159
0 26
0 1320
1 1824 91 4215 1098
1 2264 33 7429 1134
1 616 1834 8283 295
0 141
0 1330
1 2855 2237 9257 1053
1 2186 1681 7911 165
0 1314
1 1540 2626 7811 1234
0 176
1 2193 2964 5582 428
0 1137
0 1054
0 407
0 963
0 1168
0 1289
0 785
1 1132 1081 2199 695
0 310
0 93
0 232
1 2607 2497 1611 962
0 1245
0 283
0 1212
0 1067
1 2837 619 8357 1140
1 1068 1408 6300 1115
0 568
0 1165
1 1694 70 8759 484
0 1327
1 2288 2882 6106 386
0 1235
0 693
1 1349 2586 2641 390
0 1304
1 1247 657 5586 379
1 374 2238 4887 1130
0 449
0 591
1 491 1339 2008 549
1 2748 1863 7760 590
0 873
1 1547 476 137 318
0 1014
1 1231 1137 5266 724
0 1177
0 862
0 359
0 1270
0 1080
0 183
1 670 2901 6070 440
0 1015
0 1193
1 2607 300 1073 457
0 845
0 111
0 1038
0 1111
0 10
1 103 210 4549 681
0 837
1 2173 392 6304 501
1 421 917 5746 534
0 839
0 709
0 1045
0 55
0 308
0 426
0 1285
0 1039
0 398
0 783
0 200
0 1139
1 782 2069 764 1123
0 530
1 1777 925 6422 973
1 858 2699 95 596
0 904
0 1292
0 643
1 431 790 6845 1162
0 392
0 617
0 767
0 525
0 613
0 1156
0 278
0 928
0 1097
1 2062 533 2997 1335
1 1315 1835 2548 75
1 2106 1318 7530 503
0 460
0 344
0 689
0 470
0 1315
1 375 1391 5210 274
0 671
0 698
1 2678 1957 257 678
1 2375 1081 8271 256
0 113
1 289 227 9640 1241
0 1109
0 729
1 2770 2161 2424 155
0 1071
0 413
1 2662 1502 4574 546
0 1027
0 1101
1 1360 154 4448 820
0 844
0 1151
1 673 1753 9293 514
0 547
0 235
0 112
0 262
1 1887 1152 2833 1266
0 350
0 271
0 971
0 894
1 2982 501 1002 680
0 762
0 579
0 949
0 343
0 851
1 2073 1562 7789 86
1 1852 707 7899 1284
1 1593 1758 4399 437
0 1328
0 454
1 129 170 590 66
0 808
1 1343 1928 7008 741
1 615 2356 9417 882
0 1125
0 352
0 129
0 1079
0 966
1 812 2951 9240 1081
1 994 2689 2039 627
0 990
0 489
0 270
0 1207
1 2798 767 9624 1129
0 378
0 430
0 372
0 915
0 835
0 828
0 218
0 394
0 94
0 1204
0 922
0 1056
0 292
1 7 2580 6406 337
1 2282 1307 7435 913
0 686
0 663
0 905
1 2635 2396 7834 380
0 747
0 836
1 2122 1051 254 1169
0 887
0 923
1 298 801 8830 1294
0 1167
1 304 2978 2300 206
0 1093
1 733 1097 121 970
0 612
1 1406 1234 186 790
0 13
0 782
0 1225
0 1013
0 734
0 1215
1 1085 2868 3370 472
0 84
1 1811 668 62 364
0 1183
1 83 590 8174 238
1 2610 1105 8515 657
0 215
0 1333
0 1334
1 2970 1174 2603 1188
1 537 2904 5516 758
0 843
0 317
1 1082 373 5406 854
1 487 1990 3494 131
1 792 421 7018 716
0 563
0 1276
0 903
0 798
1 2335 1190 9918 539
0 125
1 2273 2625 7414 1298
0 156
1 21 2727 8115 124
1 627 792 9259 1119
0 1005
1 2935 1389 7834 800
1 2509 2968 3109 706
0 1309
1 866 1766 9196 979
1 2090 2341 4590 710
0 576
1 1837 2748 8283 1324
0 396
0 1271
0 181
0 447
1 755 1045 2134 286
0 1281
0 358
0 748
1 1183 324 9206 773
1 2280 110 7081 1089
1 625 2805 3922 458
1 1418 1931 8046 1000
1 2269 485 5265 1264
0 1004
0 731
0 96
0 651
1 357 566 3023 456
0 1244
0 919
0 801
0 230
0 725
0 947
0 1211
0 629
0 853
0 168
0 1021
0 69
0 116
0 462
0 87
1 1782 2327 9068 32
1 2582 132 1714 485
0 34
0 796
0 169
1 41 1866 4169 1313
0 910
0 522
0 605
1 1917 1507 5955 510
1 849 6 2669 12
0 1209
1 835 2751 5587 1184
1 1195 1126 4474 62
0 718
0 1286
0 965
0 408
0 632
0 953
0 383
1 2636 1991 5564 122
0 901
0 898
0 593
0 151
0 682
0 107
1 1460 1266 5141 1082
0 455
0 336
0 259
0 735
0 780
0 1318
0 331
0 811
0 500
0 205
0 255
0 477
0 1316
1 211 1687 7561 708
0 831
0 354
0 178
0 544
1 902 1544 7283 699
0 1158
1 235 2433 1384 49
1 88 2246 5333 1049
1 724 380 6171 82
0 545
1 2355 1422 3909 487
1 2425 2642 493 401
1 1373 1532 6617 661
0 252
0 253
0 984
1 2027 2481 9076 144
1 2587 2827 3573 1075
1 6 2336 3181 1047
0 1254
1 762 1347 5757 772
0 478
0 1277
0 434
1 2290 1716 3000 893
0 701
0 876
0 696
0 412
0 234
0 8
0 382
1 297 290 6108 751
1 608 2544 7383 185
0 1135
1 1111 1098 897 450
0 211
0 1136
0 409
0 285
0 897
0 504
0 506
1 1560 3 5006 1073
0 496
0 15
0 714
0 589
0 1114
0 175
0 33
0 582
0 744
0 1269
0 254
1 2602 1581 4238 945
0 723
0 518
0 733
1 1264 523 7727 946
0 300
0 753
1 648 2442 7391 819
0 307
0 265
0 1055
0 684
0 577
0 212
0 1250
0 203
0 750
1 808 2345 5860 595
1 1445 910 3657 607
0 937
0 527
0 402
0 393
0 329
1 1940 734 8322 128
1 2313 1960 8935 816
0 319
0 932
0 978
1 1985 331 987 776
0 900
0 443
1 2479 1287 4978 243
1 1171 1575 3802 1253
1 938 2329 1706 517
0 888
0 960
0 71
0 535
1 2893 1720 9334 147
0 189
0 356
1 2573 324 9952 986
0 1279
0 1185
0 1103
0 692
0 1200
0 548
1 1838 225 5126 421
0 1007
0 712
1 878 2143 6141 322
0 224
0 850
0 3
0 228
0 188
0 944
0 172
0 452
0 1148
0 1262
0 1048
0 826
1 1100 810 1343 357
0 867
0 40
0 648
0 479
1 915 305 5180 572
0 1001
0 705
0 297
0 1265
0 1256
0 795
0 957
0 1133
1 298 950 5358 601
0 216
0 309
1 1058 264 8097 513
0 418
0 1087
0 233
0 427
0 101
1 1261 909 720 553
0 964
0 1261
0 704
0 752
0 1051
0 1319
0 79
0 273
1 998 2369 4299 875
1 203 1542 7949 618
0 559
1 2605 2188 2982 974
0 1192
0 247
0 760
0 67
0 1172
0 570
0 635
1 1735 2559 1524 464
0 453
0 1022
1 1642 2022 9657 1163
0 1282
0 968
0 691
0 1239
0 220
1 439 744 9201 571
0 114
1 1684 1453 7446 958
1 307 2736 6859 864
0 36
1 1257 374 9841 104
1 77 2114 579 999
0 258
0 266
1 1340 2034 400 1099
0 1280
1 1499 1313 1241 182
0 260
1 1070 1142 2050 672
1 1493 1375 4277 561
0 1160
0 311
0 985
1 1770 2628 5144 1120
0 907
0 284
0 778
0 85
1 2442 1692 9678 403
0 35
0 171
1 1886 2689 6903 83
0 105
0 227
0 126
0 821
1 689 201 1001 933
1 1931 2262 9635 788
0 998
1 2919 904 4037 279
0 732
0 1006
0 333
0 312
0 91
0 557
1 155 1735 8180 1078
0 870
0 1230
1 762 1016 7541 335
0 338
1 267 1884 4677 47
0 638
0 902
1 2039 1147 8069 920
1 1803 221 8211 640
0 411
0 400
0 467
1 2665 2699 7580 118
0 1297
0 722
0 646
0 1002
0 296
0 186
1 878 382 3025 31
0 726
0 761
1 1364 928 545 810
0 1237
0 73
0 679
0 1326
0 598
1 1313 2721 4062 30
0 1249
0 508
0 445
1 2342 658 9886 1323
1 1016 813 8275 119
0 1205
0 674
0 303
0 166
1 703 1721 8466 1301
0 257
1 1732 2359 3305 881
0 1179
1 2979 2967 3669 830
0 871
0 707
0 895
1 339 1370 6179 167
0 423
1 2217 488 9431 1187
0 861
0 465
1 2456 1887 7722 405
0 700
0 938
1 498 1750 4306 838
0 565
0 187
1 2865 523 2246 911
0 1231
1 1537 704 3751 818
1 1661 969 3437 226
1 51 2262 5630 110
1 1246 640 9911 77
0 942
1 919 2829 5138 290
0 688
0 1311
0 1026
0 365
0 1059
0 824
1 1266 1863 128 981
1 444 1553 3626 1180
1 1509 391 9409 1124
1 1507 2401 3418 1293
1 2045 2251 541 304
1 1546 2710 9884 158
0 1182
1 1157 1248 8046 76
0 282
0 1028
0 805
1 289 476 9207 954
0 14
1 374 985 638 1060
0 849
1 2751 2630 795 1065
0 374
0 45
0 552
1 645 1309 2152 908
0 930
0 299
1 2406 2797 4464 660
0 313
1 2155 2450 4651 1219
1 2668 520 2714 136
0 1272
0 481
0 1046
0 524
0 48
0 1203
0 373
0 1170
1 2353 2537 7224 1018
0 54
0 631
0 268
1 1335 504 3724 787
1 917 2970 1312 980
0 339
1 1036 228 3630 133
0 108
0 190
0 634
0 823
1 1877 1630 9414 419
0 969
0 797
1 1750 113 1478 715
0 529
0 1155
1 1445 991 2355 665
0 625
0 1069
0 899
0 28
1 2666 344 5610 480
1 1702 2611 5133 1153
0 490
1 2046 2388 4943 812
0 1068
0 229
0 543
0 195
0 1110
0 210
0 656
0 1077
0 184
0 574
1 2631 2350 2480 662
1 951 2827 789 1226
1 2330 1066 4810 1210
0 58
1 2552 1949 4865 1147
1 1535 2064 4625 50
0 992
0 223
0 41
0 287
0 202
1 742 1595 9304 1072
0 866
1 2458 2586 558 1322
0 669
0 537
0 956
0 341
0 713
1 1945 423 7669 1329
1 1986 539 1905 1302
0 81
0 929
0 857
1 1878 59 827 117
0 44
0 152
0 18
0 138
0 645
1 1234 1873 1488 20
0 832
0 802
0 737
0 1186
0 1232
0 103
0 781
0 237
1 2770 1344 353 381
0 9
0 72
1 1332 1776 6066 825
1 1611 1618 4020 153
0 551
0 555
0 502
1 1256 2685 2973 884
0 621
0 328
0 834
0 573
1 1667 1529 5700 676
1 2464 848 3139 1242
0 280
1 1204 2238 6130 1020
0 558
0 92
0 542
1 1367 406 766 316
1 52 1467 6486 594
0 37
0 630
0 475
0 1116
1 2186 2315 8977 641
1 2278 2170 1748 240
0 1118
1 2890 1092 4481 387
0 1227
0 261
0 324
0 1112
1 2461 2021 7063 123
0 23
0 1138
0 1331
0 874
0 52
0 208
0 642
1 1319 1603 3073 1057
0 1238
1 1234 585 7622 562
0 789
0 476
0 1296
0 1221
0 225
1 2722 2961 7153 728
0 1312
0 320
0 249
1 2989 1302 9208 466
0 982
0 305
0 658
0 363
0 391
0 997
1 2578 293 2703 360
0 868
0 442
0 246
0 580
0 1154
1 740 2840 3777 157
0 444
0 918
0 222
1 325 2226 9968 1283
1 2691 189 4677 1011
1 1621 810 5888 1251
0 488
0 507
0 70
0 666
0 293
0 550
0 486
1 1414 1731 3232 63
0 815
0 745
0 822
0 794
0 738
0 860
0 204
0 756
1 1693 284 564 1258
0 936
0 397
1 1659 1348 4753 5
0 1064
1 788 2313 6388 281
1 378 1208 961 1198
0 628
1 538 1076 1116 1113
0 1034
0 1176
0 877
0 599
0 1202
0 369
1 1163 2377 8883 1102
0 633
0 755
1 832 2855 5498 1084
0 1267
0 179
1 282 750 9764 7
0 673
0 1194
0 1257
0 1306
0 878
0 578
0 560
1 1115 1135 4097 827
0 855
0 505
0 1010
0 872
0 885
0 1127
0 404
0 575
0 991
1 2806 588 7859 314
0 967
0 509
0 852
0 1317
0 375
0 567
0 1228
0 43
1 1359 1088 2164 1190
0 139
1 582 2519 695 988
0 420
0 78
0 1029
0 19
0 1161
0 743
0 432
0 1131
0 717
1 511 2515 3808 538
0 604
1 1053 2341 3513 415
0 829
0 127
0 1143
0 197
0 1040
1 593 1048 3001 806
0 142
1 40 2068 8577 774
0 109
0 399
0 1229
0 1088
0 4
1 1486 2757 7585 749
0 448
1 1513 412 6554 191
1 1533 800 9078 100
0 934
0 833
0 214
0 39
1 641 2175 5784 554
0 51
0 863
0 943
0 11
0 495
0 1222
0 1199
0 327
0 174
1 842 1179 4521 1287
1 2519 1124 1794 1216
0 1106
1 2300 2694 6465 326
0 384
0 499
0 497
0 22
0 1325
0 42
0 996
0 1104
1 1755 378 3257 1196
0 951
0 1094
1 251 1055 2813 321
1 2493 1467 543 622
0 927
0 720
1 1634 724 9903 97
1 2033 1166 7028 106
0 652
0 799
1 1925 885 132 644
1 2060 489 6529 730
0 56
1 1960 2162 2178 608
0 521
1 2129 2627 8304 650
0 516
0 1214
0 27
0 763
0 370
1 19 2046 8216 1024
0 1044
0 272
1 1953 1810 6711 491
0 636
0 602
1 688 1832 4214 88
0 17
1 708 2805 4687 435
1 1607 2873 7270 161
0 1095
0 786
0 221
1 1037 547 2440 626
0 736
0 597
0 1288
1 431 526 6457 848
1 450 1828 4187 21
1 1967 1702 6598 1145
1 1940 2898 804 523
1 2053 1154 3483 869
0 1023
1 550 934 8293 121
0 742
0 424
0 791
0 395
0 935
0 1043
0 16
0 89
0 1213
0 1058
0 74
0 759
0 150
0 586
0 231
0 512
0 647
0 422
1 1748 394 7908 721
0 940
0 667
0 906
0 1061
0 664
0 1166
0 277
0 65
0 531
1 2446 2854 1333 199
0 1252
1 261 1987 1939 1085
0 1310
0 1017
0 1275
0 610
1 2247 2765 5898 433
1 2171 1845 3938 417
0 1012
1 2984 2607 5474 6
0 351
0 528
1 2068 2879 1874 1144
0 264
0 267
0 941
0 145
1 1131 155 8109 1174
0 248
0 977
0 473
0 1126
1 55 1685 8141 64
0 697
0 1149
0 1086
0 886
0 1268
0 766
0 245
1 1978 480 4876 606
1 1700 1790 6003 746
0 1206
1 2159 192 376 685
0 793
1 1851 2313 9673 263
0 90
0 569
0 892
1 2015 200 1864 583
0 924
0 727
0 779
0 1091
0 1321
0 654
1 2067 1463 2152 541
0 677
0 955
1 1356 1256 9117 840
0 193
0 289
0 1255
0 883
0 115
0 332
0 587
1 716 710 723 809
0 250
0 889
0 483
0 581
0 425
1 1821 313 6763 564
0 177
0 1
0 976
1 5 484 2275 1291
0 1032
0 588
0 1305
1 667 103 3476 515
0 1246
0 1308
1 1872 2733 4641 61
0 251
0 164
0 520
0 1201
0 914
1 2492 1604 5863 1157
0 429
0 536
0 687
0 1070
1 212 254 5481 446
0 461
1 733 1737 1586 614
0 1042
0 1171
0 1019
0 814
0 459
0 377
0 775
1 2154 2235 5886 912
0 926
0 80
1 460 458 7181 140
0 983
1 134 2725 4023 315
0 1107
1 1989 2345 3915 389
0 1217
0 1083
1 50 2317 8002 1132
0 675
0 1105
0 68
0 95
0 1008
0 611
0 1030
1 2967 597 1520 1220
0 436
1 2591 2215 9197 1100
0 1062
0 858
0 102
1 249 1685 2807 388
0 959
0 154
0 1191
0 348
0 159
1 391 2720 8672 130
0 406
0 1003
0 1121
1 1514 480 3478 207
0 98
1 2330 1346 5014 1195
0 771
0 995
0 813
0 842
0 471
0 639
0 1197
0 585
1 2504 1746 6857 236
0 670
0 1295
0 792
0 777
0 366
0 194
0 1146
0 619
0 804
0 690
0 694
0 137
0 533
0 492
1 1763 2678 5964 1274
0 1128
1 2522 922 2697 859
0 846
0 242
0 1063
0 1142
1 1673 1468 8314 1033
0 592
0 120
0 1290
0 25
0 46
0 146
0 1240
1 72 1443 1754 764
0 620
0 276
0 1141
0 302
1 1033 1790 7315 784
0 148
0 770
1 2006 1456 6802 649
0 1164
0 385
0 526
1 1489 635 905 624
1 391 378 6403 1025
0 1152
1 1432 1640 4417 683
0 213
0 916
1 2453 1378 5725 180
1 236 1420 9921 24
0 1247
0 637
0 1336
0 340
1 1521 696 4070 1009
1 406 729 8873 702
0 807
0 463
1 1517 2200 615 939
0 566
0 880
1 559 408 689 493
0 917
0 1181
1 1534 666 6075 600
0 765
0 134
1 159 1295 9847 469
1 668 286 9518 60
0 368
0 219
0 1092
1 874 2369 5755 269
0 201
1 155 2152 6887 1300
0 1052
0 241
0 879
0 306
0 323
0 59
1 753 1234 1458 143
0 994
0 1117
0 615
0 603
1 585 1696 4413 1236
1 1189 182 6944 803
0 349
0 196
0 474
0 325
0 1332
1 547 150 5485 439
0 410
1 818 825 430 1076
1 189 2996 6711 1035
1 2817 141 6895 438
0 584
1 2637 1778 3888 1178
1 87 1557 5693 441
0 975
0 162
0 896
1 2625 1940 4418 367
1 901 547 5065 2
0 739
0 1037
1 2643 1717 5285 972
1 1562 1239 9880 361
0 362
1 1930 2117 2833 1248
1 1052 1338 6901 948
0 623
0 1150
0 1074
0 330
0 198
1 2628 2102 1368 334
0 38
1 1089 2318 1443 1016
0 847
0 865
0 1273
0 431
0 1050
0 209
0 817
0 99
0 703
0 1189
0 909
1 2612 1878 6640 342
0 556
1 731 526 664 987
0 1208
1 320 884 3091 1303
0 1122
1 2462 223 6301 53
0 511
1 585 2489 1494 170
0 347
1 1498 2894 9374 244
1 1821 1233 7744 217
0 950
0 952
0 135
0 301
0 519
