3400 3399 109
1679 3035 910
2010 2198 3310
320 956 7983
473 422 1785
1017 2576 4235
2009 1334 461
567 859 1717
1582 1439 8436
2420 2609 5219
2219 1187 4500
1148 2537 7079
337 984 3990
303 2560 5510
2360 2189 5373
1975 184 2081
3390 441 6063
1783 2571 8075
1098 794 6270
401 506 944
1744 759 5107
1958 1833 5085
1453 467 1895
1426 3245 3982
2235 778 659
1452 713 2394
2331 58 8916
3232 165 8973
1126 570 6520
1322 949 3663
2857 896 9462
2348 186 8920
1547 3395 4745
894 2703 229
1492 278 7903
1912 3380 1938
1402 244 1779
2422 2142 5417
2454 467 941
538 428 2582
2035 2249 552
1596 2666 7880
405 1440 6252
49 2943 65
3209 1374 2206
102 628 2955
1990 406 5658
2224 1127 7369
722 1905 4443
2607 600 6796
2417 3167 4874
2817 1375 2580
1659 50 5301
2211 18 9782
1979 948 5594
943 1711 8379
1805 830 6938
1327 50 5733
652 1050 7434
1403 1499 770
1855 485 4996
2928 424 2721
569 375 6455
2260 218 4024
1678 824 5620
667 2929 7863
1376 1936 1459
2900 2191 6011
3054 1878 3399
3063 3097 6410
1538 2984 4737
2132 125 1125
2165 1016 1165
2538 1122 1673
1753 2434 5246
997 770 6823
125 1520 3149
1010 687 4954
2461 1502 2771
352 1631 271
2844 2468 4868
3287 450 2345
1353 1348 9417
289 735 1435
3048 1539 43
89 2472 7557
3165 2511 2208
3103 3144 7090
380 848 6683
3076 52 5305
3242 2797 6772
190 1267 7630
1650 3281 44
2915 403 1138
2854 1654 3366
1166 46 506
2017 274 9770
1483 1015 7552
2679 1167 358
1942 3153 1255
2652 2373 273
1907 2463 3490
859 1629 1836
889 1020 2767
564 599 7557
2958 3214 5199
2380 1043 9565
2449 2915 5598
1721 3114 7420
356 2009 937
232 3109 676
2248 1407 6177
1165 2251 6236
1861 1270 3459
2265 2988 1535
3220 1184 7238
92 2678 5759
3373 373 8056
3333 2423 313
1422 1376 2209
456 295 3
2156 1134 9628
3214 1543 2635
1377 1709 1696
659 2197 4766
339 1655 7564
266 443 7265
2833 2229 9614
2142 693 5359
228 1567 8067
1527 2133 4868
2105 970 2258
1544 487 7897
3091 530 562
315 1310 7531
423 743 3661
620 58 7210
1870 2124 6958
1012 952 1869
1120 695 2050
2645 2632 5968
3204 1227 4049
2004 1400 5114
557 2840 1953
3211 1524 872
464 3071 7602
2234 1467 3218
2813 591 3664
1914 180 9161
2193 2611 2206
2987 2250 2715
2078 676 5609
327 1293 8490
2898 2283 5285
476 3363 8155
831 879 4365
2085 2223 6216
2602 2163 2764
1498 1328 8541
1989 1254 1321
1869 787 3443
2027 1697 9060
1614 238 2287
2418 862 2143
2754 304 674
1864 2870 2890
1247 1323 5344
1997 2821 5501
2348 536 9882
591 2985 1691
539 2778 3286
1311 1430 3322
279 999 5747
625 522 7282
1529 3197 6067
1646 2232 4576
2688 3218 2091
3003 2124 4623
1981 2373 7890
64 490 667
1894 1298 113
3382 2769 8313
70 1139 4574
3142 155 1237
414 1981 5183
1699 2629 1199
3101 155 3618
2707 1105 648
1613 3396 5305
3000 974 2845
141 3390 3744
3174 2165 4840
3058 2684 6192
2131 2652 8230
168 2148 9791
2354 1970 5688
1125 909 6313
555 2416 4653
1235 2129 2972
2078 769 1415
825 1122 3382
1478 3278 5359
2636 985 5877
2513 627 9532
5 95 3685
3256 2432 3059
1242 641 9024
661 1812 890
1633 110 9267
2537 1036 9038
3026 2119 5398
1512 99 1062
31 2228 7365
3285 563 4758
2813 2186 4410
140 1084 2186
2324 2934 161
215 2089 201
860 2441 859
491 2371 1181
2278 601 1401
2143 799 6090
737 516 6266
1973 2908 7211
1897 2309 9864
2027 706 5908
3337 1949 2154
646 2922 3880
1769 530 3616
1598 918 1719
2720 3251 5924
1504 1458 6471
2640 836 3387
2557 146 2759
2937 1399 433
86 3370 5706
419 2753 7190
2005 2387 3843
47 2258 2155
2949 81 2981
632 2162 4519
1484 1771 944
3149 1291 9618
3250 100 639
2154 1642 8623
418 180 1355
2595 1610 6037
3339 339 1905
5 2763 8715
667 1453 1494
2249 514 8574
720 2057 2253
679 343 5091
639 1484 283
3070 2146 5988
1016 3335 1867
3369 2970 4789
2035 656 5664
3155 2656 2526
2884 745 101
3079 2745 6046
221 3190 3405
2455 3321 9207
2567 357 5305
2246 366 6488
193 3356 1342
2607 717 8949
2794 2470 5648
400 2175 6496
3137 788 8455
483 2198 123
629 1653 4249
1656 1102 9782
3342 1993 9460
106 3178 4321
1535 371 295
1451 2436 8234
2919 2210 8381
2911 1600 5978
462 998 6704
1831 981 3508
3279 2796 1670
1846 2076 4716
2535 653 3690
3369 1809 9028
3388 255 7675
3355 2064 3841
2873 1413 9442
465 128 4612
416 2740 9181
1037 1399 32
2612 1714 6585
214 1875 7522
906 1847 4980
117 2551 5619
775 190 2997
1557 2312 695
2739 1396 7562
2052 2008 3828
1943 1217 8934
1155 258 4216
3177 979 4348
982 2297 7131
329 348 7046
2452 2495 6610
3124 2375 6348
149 1592 605
2422 564 4951
573 1004 8953
625 2427 4885
481 412 8698
1971 1728 4163
876 3198 1765
1181 1926 8473
963 3064 6892
1082 2667 2714
2793 463 5236
3136 3315 5568
3017 2144 7984
26 186 5942
627 2778 9314
1219 1166 7680
2324 1618 6620
1916 1993 8504
252 1810 6305
259 653 1710
2110 2742 907
3202 460 7275
275 2593 2201
1894 1690 443
374 65 2896
2556 2793 5684
1852 1184 5599
2148 1998 1786
3285 1171 2128
3138 1090 8151
1507 642 2652
1646 2309 5185
1627 2148 4674
2629 1732 7264
944 1707 9792
1469 734 1636
1731 2185 3648
3074 2508 9019
1047 2079 6253
3400 1946 6758
3163 3314 221
846 2702 7894
2892 1592 9907
1422 192 4653
1529 1514 4504
964 3332 1309
1243 1661 2535
1014 1042 3092
1552 1807 7208
87 2536 903
1803 2214 5474
2468 297 7472
1678 888 6180
973 1262 1262
885 2595 336
1458 701 2569
1982 344 8937
3386 3373 9339
3007 1283 2608
1373 2698 2525
2375 676 4184
1059 1471 8856
3065 1228 4971
2551 1970 7583
2727 1355 6445
1109 362 2950
2293 2021 6163
1065 1294 2488
986 1595 231
1000 1923 9079
1663 13 9716
2367 893 3758
339 2411 9959
2956 634 9269
824 2000 7740
2320 822 3425
1560 358 6384
1831 3016 2345
2963 1550 7373
663 274 2621
2248 3356 8356
1265 1939 1710
890 651 8357
2217 631 1834
2744 2889 4364
1924 2043 3368
1638 2202 9510
1512 1198 3900
1067 213 7801
2577 2194 4592
1702 1427 9480
1044 2754 5907
327 875 8823
2009 1329 7763
2777 1112 3083
2770 1991 3709
1894 2001 6111
679 612 248
495 624 3157
1142 1686 3404
125 1472 8179
20 2710 8460
3051 1853 1198
752 510 1297
416 3341 9289
89 723 3750
1700 678 7987
1372 1896 9742
2510 2403 1950
2183 899 6640
3206 543 1498
2225 2589 7359
1473 2631 478
1467 3138 9067
414 2640 97
3192 2751 841
1809 3400 3803
396 120 7434
1540 1821 5336
616 2552 8813
2152 2213 8782
1724 484 5375
1565 1536 4719
328 1616 2275
1319 3081 5365
534 1881 1626
3279 694 5601
2688 963 6585
679 2383 7318
3064 97 1135
2621 657 3900
3242 487 1440
3170 1358 4505
3049 2339 1852
1496 3167 3296
2349 2441 9770
1251 3192 9800
3372 1560 6765
1514 1072 9880
1026 2915 5543
1197 310 96
2387 975 1291
2557 471 4438
3292 1964 6050
2240 896 6785
3386 1947 6072
2749 704 1970
112 2099 5858
1138 726 4835
2866 2284 2888
304 135 1958
1213 3224 140
2572 1351 7674
1580 3188 7405
3162 144 1468
963 482 3836
953 427 1101
3247 2493 3022
259 1358 2613
2961 742 8672
739 591 6209
1268 633 9474
1420 3335 8338
1478 564 4690
3313 2622 9728
2372 2751 7045
733 1347 3102
57 2784 3540
2954 1993 6680
201 1642 4302
205 2950 2748
2001 595 3500
3396 1204 5725
272 2488 4757
626 2213 8487
1793 2347 3805
783 24 5159
3037 3005 4829
1899 2728 7170
1515 1905 5049
2909 2249 3358
318 945 3399
948 2552 3276
2503 1075 6407
246 3219 2806
2632 1652 196
3046 2997 6610
2122 1621 3618
1677 2228 4524
1257 1329 2286
2389 1835 3340
1351 1898 4514
1533 921 8172
3322 3255 7951
781 1207 641
1888 97 9061
833 2383 7797
293 3139 7729
1086 2945 5933
1725 2605 4294
87 674 7271
1552 2026 3810
3202 428 3207
1607 807 4771
1614 3001 5332
3131 619 7866
2805 881 9723
2103 775 4167
2757 457 7864
2676 1035 8614
2868 2780 7435
775 1538 6544
2250 2044 8449
1434 1699 3612
2623 3160 11
3257 895 5895
1168 1118 6614
78 2629 56
771 2810 7010
1371 3308 1623
1124 1365 7352
219 842 3737
1908 2999 2686
461 3362 8354
2575 3373 66
951 1520 7401
1328 3397 8729
3358 1320 6726
697 2007 3734
2023 2306 8672
2228 2280 7113
2135 1470 1847
35 546 6200
1458 2059 7706
1584 848 5418
180 1584 5765
3040 286 4533
3067 3131 7128
689 882 5035
931 998 3533
1777 520 618
1302 2972 1960
1092 630 4804
754 2618 4297
977 1260 5629
584 1828 9511
49 1120 9106
3246 1651 5392
56 982 4927
2625 1329 5406
234 3298 1169
2547 1745 3933
2811 2706 6506
396 2944 7160
1968 2125 5951
2829 381 1554
565 100 6815
862 2096 4813
45 1678 6976
1122 1324 6410
1653 1952 8097
580 1320 3313
533 2105 3482
1881 2356 5386
3170 2391 3060
712 72 2238
1572 2195 5398
1190 1739 2301
699 1428 7514
1022 2294 4179
2368 2230 7582
790 1457 1940
473 2839 5207
468 1302 6257
1199 1642 7962
483 1695 8109
220 1810 2688
968 804 2748
2746 3207 1594
1528 2696 6146
772 1931 6940
2901 2391 1075
871 2737 6437
2454 906 1034
2856 675 1679
2818 2976 2823
2409 1753 6826
1636 1638 507
1329 2935 2070
244 2361 4250
1218 2936 3950
3255 2016 2079
158 2836 4742
572 1571 2936
3200 97 3373
2541 1163 100
226 1338 936
2110 1135 3322
1390 1766 2671
78 2274 5648
1082 2721 6511
2602 293 6727
196 2445 5989
606 454 9144
2095 306 9125
1473 968 6230
2212 2844 9053
3242 7 2653
1680 3325 4388
1071 269 7970
698 2405 425
1842 2956 464
960 3377 4615
3263 1059 6473
909 3261 7236
712 2148 7839
800 1347 23
2055 2353 4058
1893 3158 1665
2421 1188 3204
2861 1435 6053
940 1429 5904
2554 154 1863
970 620 494
2741 2241 843
1545 1548 710
188 701 659
1144 1245 645
1812 2382 141
487 997 4440
818 653 331
3219 1947 33
2900 1591 6556
2702 457 6894
2230 2909 3442
3204 3004 9126
1423 967 8189
1147 1708 3770
1554 63 3980
1173 684 3316
710 1324 7972
655 662 1755
488 976 6998
2138 2076 5685
380 597 2287
2379 1486 3138
1122 1158 1507
887 2691 7552
305 1785 8721
2168 2862 8120
1995 2319 700
112 2224 8737
2929 703 7339
1319 1884 7208
1082 2074 7048
2885 2277 1315
3201 3228 6146
92 1728 242
995 1918 9989
289 1065 768
297 1645 6343
685 368 2055
3139 160 3741
1134 1992 3572
2200 1547 9438
2458 200 8354
3343 2859 7174
2868 2625 2835
1343 871 5107
1030 2432 9363
1952 1624 1642
963 1695 7447
2676 1853 280
2519 2028 3095
2955 801 1254
1682 1566 8562
2389 2494 4475
1940 1707 3236
2224 2079 8524
3245 2873 6257
2335 3026 7028
1638 1976 3858
1166 2390 4608
759 2248 7697
757 1369 4810
1826 497 8831
1679 1088 8820
1031 783 8064
950 3334 5438
898 1850 5869
1096 1091 2979
3398 1620 6482
1596 1271 5880
3152 1667 2226
2481 182 1136
3157 3101 4323
2940 712 2161
2590 1082 4177
944 1758 4511
2184 2176 4889
904 1887 891
799 89 4351
2498 1804 7727
311 1736 6832
2000 966 4567
2292 2546 2721
9 994 1404
745 1427 9073
3003 3037 9579
2667 364 1513
284 939 3592
1868 3243 240
2205 3236 8371
3254 2280 4771
2494 1860 2131
2049 1224 476
3111 2478 1679
808 2604 690
8 788 2013
39 915 112
696 481 1199
989 1404 1133
540 2383 8962
3252 2965 6208
1405 553 2312
460 2794 4126
42 1471 2226
663 927 5294
2493 1299 8057
3002 2507 1466
2514 2108 8988
6 3239 8052
3023 3088 9993
1538 3210 3638
2607 2469 2961
1572 582 5778
2121 2432 3791
170 1056 7117
2355 2002 6794
2236 1564 7277
2413 997 8272
1301 1564 8236
1844 1132 461
2075 1554 6457
687 1010 5130
2777 2100 2492
632 1818 9383
1831 2827 4983
2404 2745 1987
141 1992 6384
3312 2307 5108
701 2858 1655
222 544 301
3334 2285 7028
133 359 4565
631 2901 5280
1837 1026 2063
1751 883 1639
1712 3250 5001
1650 2510 9137
2935 1326 842
2644 2446 9696
2622 1831 4290
1046 2136 3288
1923 1968 5684
300 2935 550
1690 77 2351
3243 1324 6790
2320 2811 4320
2205 828 9220
4 406 7443
1871 2155 3313
265 1307 3839
2491 486 8167
929 1365 7075
1201 1488 7603
3249 3118 1867
1928 656 9288
2511 2660 3585
3119 1004 4696
640 3077 2052
1303 3155 8874
1533 1933 1287
3353 537 8199
141 3307 3188
2242 457 2062
1157 1741 4419
3157 1918 2116
3094 857 6070
2543 3180 9559
2376 197 6506
1265 2240 3986
1602 1535 3174
1615 1406 4480
1897 2440 3903
1660 2883 4075
337 1919 8039
786 3301 1750
831 646 688
3160 1289 9567
2740 2778 9129
1750 3310 7575
1217 681 3195
2548 1728 665
38 413 8182
2463 934 8301
3331 3013 9042
683 2658 5815
221 1194 8477
1544 2376 6667
63 756 9987
2868 2864 1411
2546 1478 2828
200 3196 5165
32 2737 977
2766 1912 1809
301 202 7752
3016 95 2544
957 2094 595
1027 843 660
516 2389 6755
619 1916 1913
2776 3256 9867
1848 841 6801
1146 3294 9502
2334 3108 872
2149 2301 4564
2115 2116 614
3325 462 6521
3031 1121 4669
199 3289 6467
1494 1594 1127
1686 675 1337
2125 733 3432
2810 3310 7192
1532 2595 8081
1236 89 5507
1983 3154 9013
2563 396 8067
148 1281 1913
2743 2121 6781
2986 1093 2289
2141 133 5332
1723 745 6076
1803 2798 9092
2934 403 6224
3332 1632 1007
335 515 2458
1699 2539 8506
364 2221 6614
3261 1749 7902
597 477 3051
940 102 8359
2055 1663 7579
1803 3295 6601
394 3134 4590
3203 2062 1356
2327 528 2997
467 3204 7150
2413 2504 9582
271 2668 4302
2553 587 136
2449 1665 7321
2773 437 3497
130 1332 9752
314 1844 3009
1506 1589 467
2193 805 5711
2331 1485 773
914 2641 4022
480 2983 9335
2807 263 5631
1427 2460 1737
1589 1830 7161
1429 109 8217
2277 228 3106
1401 1428 7879
1414 1874 1181
2138 1834 305
1155 2489 5617
145 1434 5234
2043 2741 992
2730 1260 8488
88 1250 3124
1378 2940 2436
3225 1192 9956
169 3353 6790
1876 531 4718
1527 164 5948
1654 3228 2621
2573 2568 2166
3387 1017 1559
2423 1003 694
1060 2380 3074
526 3168 3461
421 473 2087
282 1942 2548
886 2739 1136
3067 266 3647
2879 1583 8571
1101 3360 6286
1991 2855 7888
1027 2523 8558
1835 2206 9482
1658 2543 2663
602 850 9934
1868 365 7052
2478 1795 6591
774 2322 1476
1621 1440 8356
2150 1481 3365
188 3314 6745
1072 932 7794
3371 2231 2027
2801 3045 6522
1304 3319 4752
925 1284 6198
2428 1602 3018
1260 2719 7415
190 2177 9771
835 1095 8685
2076 1016 1755
742 20 7288
2344 1716 9897
2267 3265 1619
1513 2310 9559
1868 339 9797
2715 1495 2949
1313 221 9273
1879 2895 2014
78 827 9694
2277 2426 7175
2611 204 2078
2887 3133 6770
1678 397 6365
1856 24 7212
1950 2800 9142
429 609 9949
1324 2666 1268
1492 601 9195
243 844 2255
565 521 2823
1369 2040 7441
1381 2981 1805
2991 2215 9211
1111 495 3343
332 3097 5696
3018 417 7193
449 3068 1049
2667 1123 4789
1858 2897 3142
1548 2513 1597
2390 3296 2729
770 1717 6494
158 2386 9565
580 235 9877
1391 790 2318
695 2640 1464
209 1778 2443
2687 2112 1955
1076 862 1941
1857 2386 9944
1659 2413 1445
2813 2882 1554
1968 267 3166
2050 2912 8931
259 2869 9132
1325 2113 7680
414 3161 465
26 1124 3676
3312 2382 8942
257 1939 6329
1992 2680 8454
2388 2798 4918
666 117 6839
802 2672 9095
2337 1638 3467
1144 1092 1337
1119 1282 4
765 1141 7698
1242 635 5404
2792 2082 7268
2795 150 3173
1675 924 7332
1427 360 7520
164 994 9835
2245 2583 971
2339 1834 8087
214 3082 8112
2744 3274 5745
1746 1087 7620
2572 727 7900
1887 3065 914
3173 1763 6092
1404 2529 8244
2775 7 2058
3081 2997 4037
3235 3208 5784
426 2006 4569
2267 3042 5382
451 1110 9140
1266 70 3841
2067 61 5547
1865 2766 2078
1338 466 4850
2413 263 4863
1735 648 1691
3369 306 284
763 2979 3377
1241 1918 8344
975 1488 1387
538 3198 3206
428 3026 8337
3172 1515 3258
2078 90 3688
2139 1560 9916
595 1353 2325
3000 1904 1396
1851 1843 7984
1536 1971 207
1269 1990 7250
928 2930 6514
1269 2885 3161
1605 1206 5731
2593 1025 3281
2567 675 7851
1938 2031 8629
743 2270 7854
1935 2736 4266
268 2246 6199
1400 1298 4904
2947 2200 4379
545 413 6652
1439 2755 2575
1812 1487 8761
1939 3062 4261
466 3154 9183
784 1383 2785
410 2654 6173
1413 3173 2743
1571 1926 3381
3051 2204 7288
192 1806 6265
3 503 9763
1140 259 3517
21 248 827
3264 73 3362
1318 772 8690
188 389 4419
2390 717 1278
1457 2187 259
2011 3017 3323
1720 1595 1540
1507 2861 5898
2129 3110 6822
2389 622 7831
3362 935 1275
231 2561 5413
1481 2926 8572
2239 2595 3391
1472 294 7568
776 809 9944
2403 3397 8170
32 1459 741
2627 1972 4676
2978 1788 8463
449 2177 5231
367 1045 3065
2631 2428 706
2737 690 1882
877 81 4030
344 1894 4958
1479 2803 6605
368 1330 7012
284 402 1104
625 1562 4337
739 1100 3635
2115 668 1715
566 701 1105
1160 204 9962
1376 3174 7234
1439 1093 7097
410 2791 2081
2539 240 7905
1283 1564 9786
959 2897 454
2609 2464 5918
1459 3200 8466
121 1181 1783
1841 1228 2507
2485 1217 9123
1952 3226 7786
3231 51 6751
429 61 9663
779 1990 5253
58 986 8422
2412 3035 9342
93 603 9396
1067 1350 7825
494 1257 3304
1252 557 9901
279 227 4512
2190 2694 9562
2017 3060 9895
2661 2653 9290
65 289 68
3144 3220 9524
536 688 1958
3267 772 5153
2006 456 7840
3049 3116 7690
3334 222 2710
2024 1287 6417
1050 356 5939
1509 895 2408
2362 3399 2315
507 2006 5304
1422 3062 2408
584 7 4716
1904 1370 8879
1497 3127 889
204 2774 7297
941 190 4374
102 158 2625
3104 332 1044
2736 1283 9142
1961 1500 6413
2280 2019 1089
2396 1478 3605
3085 2438 4983
1545 2529 9132
2588 2951 2433
3394 1538 2048
448 964 6209
1913 182 7326
2682 214 5169
598 2467 6690
1908 1260 8090
1700 1430 596
1547 2879 283
362 3260 4194
2426 591 120
1275 1160 5424
1253 426 3330
145 2146 8732
1019 1812 3804
1822 2723 7479
2168 2370 1882
1745 2506 7865
221 3023 4015
234 817 3044
949 1621 923
192 47 172
2234 2435 613
740 119 6963
2646 2028 9364
512 308 1490
1877 1374 6777
2436 2942 9226
3032 279 9639
3382 672 4457
1022 764 761
2907 413 8064
1631 3284 5276
1652 2387 8930
2209 386 8649
3349 1269 1449
1839 1145 8632
1289 2715 9442
2830 1561 8631
779 2196 2080
3374 747 8716
460 1957 5610
3043 528 8293
1739 242 949
2384 1731 7795
1618 1554 8522
1903 1231 93
1347 1001 5356
899 2598 8041
2684 767 9790
1552 1817 7225
1183 2994 1105
2535 1987 8640
2298 1844 5446
236 620 3546
1771 3116 145
2006 2858 8297
1127 2841 9604
2711 1210 7681
404 2623 5645
2919 201 6225
653 2466 7743
2250 535 1938
1354 2573 4448
51 2912 4151
462 1155 8867
165 3023 4089
2726 898 9746
557 887 3459
694 563 1769
2650 1751 2704
179 2000 3315
2298 514 515
486 2677 9501
868 879 7983
1928 2355 4172
2616 117 799
2264 893 8243
1000 964 1160
559 1918 1713
2516 912 8797
1227 684 2618
389 3053 7809
2926 19 6830
287 1250 710
2595 1402 9758
3132 47 6486
3150 1056 4315
1106 986 131
2815 2196 8374
3135 108 4742
820 3253 5858
2209 436 334
2956 1494 7343
2081 680 738
2458 1987 3399
2348 2252 3840
273 1608 2440
3279 695 921
818 1040 7278
1664 2728 4872
1427 693 4402
1237 390 8331
3296 2090 4084
160 2007 3292
2512 852 8454
1754 2650 1821
3371 3355 4934
530 177 7514
1167 2299 9426
1524 1358 2399
623 1854 249
2251 2610 2905
178 805 5529
864 2644 5186
2600 1291 1675
3238 564 6595
1938 774 6800
2209 1484 3390
728 2911 4876
900 1723 5812
2784 1396 6479
1986 281 3126
712 3212 7424
681 2387 7913
1812 1566 1590
863 499 1818
3350 610 3265
1516 2778 8534
105 2101 6100
960 3027 6117
1218 2964 2935
1510 1416 1206
1529 2087 9221
3212 1836 743
2501 2417 988
2803 1808 1147
3231 2271 4097
2262 3306 1339
3130 456 6548
1283 3141 1745
723 2563 7139
955 922 530
1032 2723 5885
252 2502 1673
2408 1895 3221
3173 801 5241
2209 1199 4901
1375 1699 9036
1583 579 4203
758 1624 2301
680 3317 9196
3341 2013 2237
3154 430 6101
611 2795 3940
1459 2268 2265
212 2002 4030
1747 873 4876
2675 1445 8082
40 711 3630
2010 344 3118
636 508 8819
757 2639 8246
936 956 356
3230 67 9631
1853 1121 5147
1802 117 2247
1304 1827 4366
2570 386 1663
1796 387 3924
2251 1511 7086
154 2970 8634
2326 1065 5769
3238 1153 5802
1883 3250 9796
1100 2821 7394
3344 831 8897
210 1603 6054
2764 1984 494
2736 939 5076
3246 139 2965
2943 1308 3899
2642 26 804
1773 1880 4144
2631 2270 8507
1204 225 7005
3241 1049 2209
1678 55 8837
1798 470 4325
476 1787 5228
1999 2853 773
560 288 5623
2671 335 6611
3398 3156 6793
397 2043 137
2243 336 9790
1406 369 285
1163 1721 6999
2190 2937 1618
2039 1815 3492
2876 1633 3621
2609 382 9463
2150 955 6125
1883 2399 168
1240 3134 9895
518 1151 2533
2559 815 6940
2413 3165 205
1048 1994 4168
1645 3110 9199
411 2562 1031
1878 553 2828
2267 2491 6885
2985 1756 985
2920 3216 8671
1607 2569 6285
3313 1927 2511
930 1989 5262
1569 508 501
3038 2537 1909
1530 2743 5802
1722 2551 913
3393 1208 5374
1788 761 4243
2093 1915 3705
2771 225 6063
915 955 9859
2184 2143 8814
2440 1105 9753
3372 3353 7193
1750 959 1275
1955 2743 6391
2881 166 3787
1395 707 4861
422 1076 3030
3150 2947 4197
725 1060 6106
1995 2764 7471
1704 2223 3023
3013 1616 7413
2239 2200 2618
834 680 2826
1155 2249 3424
1367 1167 9181
1219 617 2736
947 1600 2619
2909 287 9175
747 2198 112
926 3047 8876
3342 474 4809
1395 2049 2390
1235 1511 1998
1806 2049 6751
1941 997 6141
2645 581 5195
2899 2258 679
2934 1719 325
1885 2494 2012
2571 1806 1718
419 3343 5998
757 3119 1938
139 1296 7286
2185 1922 7293
2120 3200 9647
2449 2265 1338
3348 2629 3154
3387 2013 2839
1841 1074 1163
2467 1703 3951
1267 2540 4365
2648 409 5726
2938 2829 4267
2030 2923 3868
2928 969 2938
1479 2029 3787
1165 1137 7080
2702 3190 3505
1419 622 970
1136 3380 9831
2870 2610 8481
898 1726 201
711 2346 1380
1222 3167 959
1813 1361 8661
1932 472 379
1262 3061 5556
1431 2585 160
2662 680 2752
1062 2571 8124
624 1376 4673
408 3285 2056
699 340 7963
1587 3282 7914
1667 3254 6822
2831 1428 4362
2899 2157 1607
714 3161 7332
1798 1203 2952
807 2644 5077
3235 843 8687
2783 2371 8413
834 958 1590
1212 1355 4433
2777 937 9495
1430 2324 9045
313 3198 3461
3260 2341 6491
3049 615 3314
2632 2104 2590
1996 1666 4008
708 559 1658
1250 523 7003
2255 2762 3687
786 1289 3901
2860 1310 879
2303 390 2198
1337 3176 3486
1578 1493 2481
2576 808 8816
3156 2124 3220
2357 366 2921
843 2398 6482
2247 1185 5328
2358 1385 2464
2337 2175 1810
2332 2172 846
63 2861 8705
3387 2058 2791
1826 1169 605
2969 1576 2273
3283 1925 5144
305 2420 4000
3010 2588 8301
2130 2723 9270
1605 1249 5783
142 2351 3508
2549 2032 6195
1730 2573 4491
580 3213 6675
1854 1014 202
1494 1090 1807
234 332 7509
480 952 7513
2629 2580 8220
1089 1244 8016
2989 360 7969
2828 2515 4767
77 2568 3422
701 3374 3943
1972 1852 1826
770 2955 7025
1412 1489 8929
2450 816 2886
3155 1316 199
550 2135 9709
11 719 7384
1015 1777 7505
1023 936 333
2626 45 718
744 463 4785
2228 1497 7878
1960 2111 161
1746 123 1133
2810 394 6861
651 1804 8070
228 167 7188
1150 2314 5040
2329 74 8107
2800 2264 9564
280 3171 9089
2779 1466 9866
1134 2109 1969
3060 2884 4694
186 226 1480
990 1773 5210
3226 2617 8620
2232 2643 8012
144 406 6403
2488 1470 8695
1460 770 8613
1846 2728 6597
1767 2790 6569
116 1454 1911
1909 2240 1133
3140 1917 31
448 6 2422
1292 3213 3149
1749 2988 1886
340 912 8672
407 3039 8424
359 2081 6025
2107 808 1826
2991 1957 9830
1234 251 9728
1119 2881 1851
1150 1496 3511
206 570 3503
2978 3294 8759
2511 3014 6427
1069 3358 4839
775 951 1552
907 2412 1065
337 393 5407
3101 1436 6757
1222 1874 4427
1213 1153 3557
1987 2358 7537
2474 2319 9949
1026 2977 344
483 1787 1577
443 2761 7319
2497 1318 2245
788 2661 1411
2279 2585 8897
1917 320 773
3071 1963 3032
2524 1916 9545
1723 1510 9286
3227 1910 7380
1172 1223 6346
233 3317 46
1339 425 6849
1671 1420 1850
646 708 8727
2407 1538 8827
2091 3024 8849
294 1492 9647
3180 1721 4941
2274 769 4071
411 511 4088
3036 1875 838
1850 1373 3550
1221 2448 6711
1236 92 3299
2421 1919 6699
779 2529 5113
1623 2684 7281
1432 3399 2745
2941 945 3443
2266 1157 829
1912 1055 9191
1359 121 2050
852 853 9208
1781 3000 5494
840 87 8643
1923 1972 504
1694 1953 6920
3029 3273 7999
854 2936 3515
2734 28 3256
2733 3192 4477
2019 3156 4092
271 2500 8714
2266 2030 2238
2309 2752 1487
3270 217 5501
765 805 2978
1525 320 4788
313 72 3550
2797 2006 5328
3014 3006 9473
683 3197 8108
2444 989 7255
1030 1727 4288
2114 74 7187
488 501 1261
2353 3153 5293
3167 2140 8218
897 1793 3146
1577 1416 2809
2928 3137 4336
848 2252 6692
2477 1491 4579
1896 158 9284
2163 2945 387
1798 1168 757
2570 2520 6359
693 1094 5679
2624 484 469
612 3147 3210
1805 1621 2377
632 1331 2403
2731 1850 5562
2240 2542 1894
3070 2698 3116
1534 1319 5304
1767 3185 1647
2957 2384 6809
139 1775 8995
1862 1424 1855
257 2056 148
1983 1326 4922
1780 129 216
2009 185 3474
2255 1200 796
336 2329 4837
465 2061 3832
664 2354 557
2939 2805 399
1869 516 8629
1777 691 2792
399 1846 3805
2483 1653 8441
285 2293 3142
1310 1494 9956
312 339 1991
2530 125 561
2709 2687 4437
921 320 9585
280 1026 7172
2987 3131 6700
12 2852 7878
675 2629 5067
2282 73 4234
1251 2918 402
1303 1354 2045
3253 2078 8284
552 2006 1886
1494 3115 9373
1046 897 377
2350 1910 3547
799 1327 9037
2278 999 1178
232 2837 3055
1997 1524 8275
3199 1862 408
1613 3363 5349
2613 143 6842
2567 688 1121
1885 976 8914
1468 3256 8947
2221 354 5413
2565 1539 704
96 1130 3313
2832 717 6493
248 133 2976
444 1973 2388
134 2392 3724
1425 2463 5633
1761 788 4021
2627 3255 2029
1940 1770 1719
2491 2265 1538
2325 724 104
1586 3038 7949
2812 532 7493
3255 777 7124
1431 1539 1282
413 3185 9969
2652 826 6804
264 882 2568
1682 2040 6578
591 2105 9021
2238 2666 9370
2155 2536 6335
1776 696 2623
929 2602 467
235 363 1818
1781 1091 2885
1182 1293 9929
261 707 5998
2573 256 5973
1191 478 3658
2447 2934 7809
1232 1709 5568
2101 3212 7281
100 2717 4163
2830 298 7437
1376 1756 6895
2263 1872 9634
747 1520 7421
2638 44 6683
1817 1273 6895
640 1456 2327
1331 2588 6287
2907 1677 86
1342 2857 2930
2839 2666 528
183 445 7868
722 704 5849
734 499 1285
1393 1309 9805
1151 1182 5089
2649 2313 2173
2735 417 2448
2140 1792 6286
1319 310 7413
1439 490 4257
1202 1268 7613
308 1453 673
1350 2498 8321
1409 3062 8735
2183 2369 9767
1757 1314 1448
2220 3085 4130
2678 785 6715
1277 533 4032
84 691 8339
2309 1607 5473
2235 2877 3679
1117 2302 3201
964 2001 8898
2344 3196 9371
1127 2739 3120
1933 1704 8097
2135 1591 9320
952 2120 5673
169 586 4712
916 1610 4141
1323 2874 8408
1857 2451 2337
333 1059 2273
739 342 4068
983 368 8248
3286 1237 8140
1650 2973 5944
2782 429 2105
1328 1941 6655
52 3276 4653
129 2508 6781
840 241 7920
2424 973 2096
1467 2031 1169
842 2454 2195
2803 1401 4739
1455 1185 2765
950 808 7989
620 955 6484
3307 2074 5981
533 1459 9443
82 157 6102
3348 2899 4934
124 2018 5735
1776 2518 5364
182 2241 8430
881 2119 2658
1021 2521 4030
1958 2711 2800
3140 345 3779
876 699 9022
3322 3134 570
1123 357 5095
1985 12 1075
306 1355 8322
364 1230 529
981 3104 879
1594 1285 9971
832 147 6827
901 2993 6350
83 3360 5258
2237 2970 5575
1483 1394 793
414 2622 7455
1669 729 2046
3242 1192 7995
366 1768 5393
999 2999 4114
1721 699 1887
1545 3121 7788
1611 3084 1585
1814 3171 7868
1066 892 6352
493 3398 5963
924 2519 2912
2840 2821 4246
547 3315 1652
2983 1384 1057
1014 1607 1799
2177 1650 3318
290 1364 604
593 1542 7914
43 2651 7840
458 1927 7094
381 882 4164
1066 1916 8999
1780 826 1801
609 710 8022
3046 2936 8641
801 894 5082
2453 450 6678
2232 3246 7233
1485 2929 4955
821 3137 7332
653 836 7892
979 3126 1623
279 1399 8582
1528 1703 1367
3389 1149 9506
2615 1316 180
545 2764 7588
1145 1841 174
1740 1603 3442
3116 1614 2482
2506 1719 195
1223 2934 400
7 1352 8085
54 1150 3067
3032 913 321
3058 1145 3782
546 1131 2599
2278 2513 5855
3348 242 3715
829 1169 4826
2959 71 5515
1495 1330 4250
1242 3067 9162
1061 2273 7611
1621 2597 8549
1884 1503 40
1671 1870 5070
1502 1766 2111
424 1320 7631
3105 690 1684
1779 2848 8448
1273 1429 7510
1798 3339 1666
1345 2236 4067
1056 222 327
10 3199 9873
25 2260 2534
613 165 9605
3174 1342 4860
1204 170 7672
1294 135 547
1224 2418 9027
1915 3293 7891
1248 933 9321
3051 117 1275
1017 1940 3533
2140 1824 6275
257 521 1214
1221 2913 8256
608 492 215
2937 2067 3037
2613 1048 6696
1917 1643 6422
900 2054 9418
3140 2462 5651
2422 2538 9574
3396 2844 3277
3167 2924 7047
2980 1358 6436
120 2204 2834
492 89 6400
2017 2336 7880
91 389 3580
2525 493 8523
3267 178 9881
3171 3324 2915
1389 3352 5937
1023 3280 4802
3374 2437 516
2567 2020 5029
830 226 8202
3344 2191 3793
3366 209 7744
2288 484 7865
2876 1724 8234
2892 2467 9859
1384 401 8762
599 2779 6392
255 1904 6504
251 2955 7013
1532 3150 4437
811 159 8876
183 1878 2218
1690 973 2055
2666 2032 2055
750 383 1120
1676 1557 4237
1609 701 4113
2843 1331 5850
956 3021 5879
1362 18 4944
1712 1985 7356
1562 2037 4051
664 46 3074
656 1947 9634
2004 1986 3214
2729 2559 9434
1459 2281 6685
1923 628 6958
3328 3105 3849
265 1779 2204
380 922 1698
1461 2582 9122
1172 2406 353
2920 2907 1905
3212 1227 8041
1364 2883 4438
1842 1571 3839
1847 819 41
1490 1082 4980
2624 3209 6836
1064 1888 4564
165 687 2700
744 2459 432
2534 1689 2800
1083 1384 5344
70 996 5315
2056 2129 1318
3267 407 303
1626 2299 9361
3139 2154 788
593 1373 5718
1240 2684 4650
2184 2921 6660
2086 1185 311
938 3364 5057
1376 1072 2046
2397 1863 8646
1837 1098 4059
80 3172 3498
801 1294 9257
957 3052 9410
2866 1423 4260
2350 716 2379
3114 1126 1573
2358 2149 4258
2007 3287 6622
45 3034 9549
2167 729 8030
1956 1545 2685
1021 931 8237
1044 674 9856
935 53 6370
2392 683 9288
3056 610 4514
684 2390 6588
2596 373 7237
1303 665 3116
2506 3347 4831
1777 3054 2022
359 423 6135
3237 1509 6436
1767 1569 9469
3026 1427 3237
347 1881 4278
2959 1473 391
1887 1970 2134
1561 2128 2425
1212 2667 2264
1469 3295 9264
2191 151 1425
1780 2782 2250
239 1049 8456
2264 2858 9608
2747 2795 57
2197 2692 301
200 2439 6993
2770 1410 3066
1899 2528 3997
1591 1117 8109
1957 671 9834
2444 3189 9384
176 2689 8509
61 2850 3235
1175 1124 5917
3259 2720 3274
1010 1635 8019
1449 2971 3568
296 1741 836
2942 2295 9373
2118 493 7194
1412 2312 5023
2936 3195 8990
1632 2542 9882
1325 2527 7399
3006 143 773
1199 41 4970
2850 3149 9910
1404 2923 5188
3276 2129 5971
93 815 2530
2529 2134 736
2499 3241 7118
1699 1886 2598
2094 3023 4342
2647 1065 1657
927 401 2601
2799 2114 8210
3161 2679 4112
659 2022 7547
994 2526 637
3095 2669 5220
860 914 9307
2679 1944 910
457 3321 2618
557 1691 4989
2118 2225 3186
782 2486 1699
643 128 4458
1992 3194 3581
7 2743 9833
696 2782 4371
943 2646 4337
438 1307 8573
244 2089 8821
2763 1252 5036
238 568 7494
2664 239 8957
3062 1846 4949
1753 2447 2543
1070 3349 8818
1113 2868 8502
1111 2610 179
3247 958 6004
3023 2019 9245
2559 924 7149
2311 1932 9415
2912 2060 4389
2963 1595 6562
749 84 7712
1030 836 4736
539 2373 3874
2612 338 8442
1237 1815 6723
1173 447 9318
3350 1127 7577
83 1121 9673
1084 1551 549
570 2278 2548
2044 3141 6073
296 648 5260
2409 2161 109
58 1253 2502
1227 2953 2327
3276 1147 1417
2736 2280 6026
2101 1350 690
1548 1537 2490
2712 2535 5943
1382 2227 1987
1707 2693 9835
1884 2442 3232
2587 116 7676
2237 2386 6625
2722 665 7325
1717 1612 2545
2030 440 236
2366 2950 705
1340 416 198
2289 1989 6917
471 3170 1137
2789 3293 4719
1706 393 8256
1950 83 5892
942 253 2927
608 41 3793
3322 884 9178
2275 1671 5212
2996 2049 6699
2814 2702 41
2594 3082 8434
146 851 7170
781 3234 9446
1817 1048 6119
1683 3394 6181
2431 1954 4467
1351 1005 83
1767 593 4357
51 1634 6827
3315 480 6915
1472 1586 9085
1554 2060 8672
314 774 7270
1200 1141 3939
2817 946 8555
1899 2494 3564
540 309 8079
1840 2806 2497
1344 3208 7195
33 2544 38
2101 2013 8776
1029 2299 3371
669 3328 7262
3376 225 1756
2976 148 2998
775 1655 946
1751 3025 5915
2922 37 558
1634 3022 291
1224 3092 8072
2064 2191 5793
2676 2734 240
122 2588 4147
1766 3149 8437
3 1968 3361
1141 3283 8681
2695 2121 4437
2079 2112 6331
2002 83 4523
894 646 4902
851 2101 2719
3063 1796 1614
980 1301 6245
546 3323 8627
992 2379 6680
439 2473 2569
2980 2011 9948
1214 2951 5781
3177 862 6489
1280 2979 3029
243 1962 7813
794 1674 3903
728 288 3988
2687 1320 7573
1830 1666 3130
1714 402 3339
248 2139 3481
2401 1593 5674
1806 1934 3133
2470 1070 9192
1739 2758 8182
220 359 4301
17 1214 510
3099 1264 8275
2104 3365 6856
977 2560 8878
2835 1986 4819
1075 650 6519
995 2463 1074
2817 2824 6748
2788 567 5218
3057 2868 2514
2046 496 1026
1883 1038 724
2293 2349 2291
1572 578 1274
2175 1697 1459
352 1106 8769
714 2914 7315
2831 3277 8872
2609 573 1945
1808 368 5316
152 1090 2510
289 2503 4571
3097 362 4790
2307 1804 9339
1733 1750 8610
102 25 5001
2612 2865 7152
1467 626 438
54 3102 9803
1158 3042 9711
3381 2071 2290
1513 143 2557
3037 2588 5130
895 1679 8042
1942 2614 3351
1495 1301 7612
1411 2647 1373
200 1669 4341
394 6 1748
1643 2294 7941
1560 3165 6199
1322 230 9785
2498 1601 3045
427 1311 5422
2532 3117 2364
2893 2838 7738
3217 1751 1935
2774 867 472
2728 1471 7534
841 1704 8846
1084 2320 5707
750 1164 9275
1043 379 6333
444 1866 7225
2268 1354 2740
2376 2264 1135
1436 2036 5882
1320 1286 2119
1682 238 2224
3313 1031 4688
2528 2167 2508
2400 2490 6439
1896 2539 4347
3177 1192 5312
3271 3019 3960
1406 1227 6217
2421 536 5186
1491 1971 8648
1633 1379 2229
687 2586 1514
713 2501 7177
330 1310 6575
2446 3149 6321
830 543 5520
1810 1998 7885
1316 2762 2547
2668 694 7616
141 416 6202
477 1954 1455
2998 1612 9311
2402 2003 4116
346 3053 5890
1843 1677 3247
2398 1083 8791
2996 1419 867
861 2663 1320
1215 134 2177
3353 2819 4285
66 2068 4700
2672 2318 3014
2033 3393 7404
920 796 8413
106 371 9353
2222 2224 8155
3301 1114 5003
2769 3075 1717
1746 2301 1083
1209 2188 91
633 218 8313
988 925 1367
1257 2368 5242
3185 2268 3390
1406 1425 8338
3378 3265 8539
1413 3070 9604
557 2238 9910
3278 884 3553
381 2759 4786
3236 1118 8963
613 1083 2238
2686 2209 310
2148 674 1690
1090 86 1682
917 2613 9433
2420 1549 5238
2803 594 9060
151 2300 2886
2618 337 1623
821 3095 1209
3355 175 6904
1467 1819 9683
2983 661 2674
909 3015 5019
2523 538 8799
2587 1773 651
2660 2870 9260
101 2876 3692
3015 16 3974
1721 1336 664
2531 2532 4102
2017 3096 7530
2897 2888 1092
3265 2666 5956
392 1521 6020
127 1466 8002
2840 1265 2198
517 2183 1440
1909 2438 4649
1346 435 3463
1050 505 5494
231 1479 4260
104 2346 2391
3049 910 9727
1197 268 9656
1751 1896 6236
836 2660 7000
2866 1200 6324
487 3354 4794
3234 2258 3441
1222 526 9494
831 809 1707
1580 541 2527
2588 1672 3023
399 2031 1782
3095 2748 5855
3031 37 4536
356 1274 7565
672 2913 7402
738 1151 3749
2139 1735 8781
2916 1219 5257
2862 2992 9230
148 2219 2229
188 1302 547
2138 75 7041
284 2253 234
2553 1320 4135
2987 1075 2979
3136 2106 1075
1061 2694 9333
2445 2696 4389
3253 1582 9342
3307 210 3608
1689 2769 9412
1473 2996 2561
3162 2313 3270
185 1993 7907
428 41 5544
1091 2536 8387
528 3186 1495
714 1637 1510
3124 3109 3860
1745 1507 1309
1098 2314 3112
2709 819 882
1735 3232 5545
1224 2717 1096
832 1400 273
1764 1955 2563
924 548 2166
1335 410 5234
1895 71 3132
2578 2976 4776
1262 1209 375
593 3170 9543
629 1808 4433
2555 1263 7721
2263 2746 1304
1633 2226 3571
2505 419 3969
569 2194 5585
2236 1546 7809
2403 1193 9563
1003 3091 8058
350 1479 4440
3179 3393 2968
1190 2422 7695
1109 1747 707
1179 2955 8810
1725 982 9411
359 2577 1885
2051 2466 1888
1690 2235 4921
430 1493 6892
1673 879 9730
2733 3073 9990
2614 1272 7500
2079 1858 7465
3345 3136 9159
3082 2109 8806
3110 2189 750
2058 1622 5286
759 2622 1268
2888 2175 5906
2234 3195 901
1472 3224 2180
398 2046 9525
1753 660 5619
3029 3252 2107
3027 2403 3641
812 527 156
2668 171 9187
3099 2932 9093
1368 2639 8951
1285 3188 633
2596 1476 4173
3165 2467 1272
2364 1294 5345
138 1321 786
3333 484 2549
778 3069 710
102 2908 3457
1139 1103 8996
2807 799 1482
1630 3373 121
95 2537 9976
3218 2331 5419
23 247 3288
1154 293 7979
2025 3087 4684
1744 2724 379
3211 1665 8424
411 1043 2956
1496 2105 2610
284 842 4572
522 763 1518
758 1912 9294
2490 2306 2199
1965 1027 9540
1715 582 9948
1771 1312 8059
485 2128 5626
342 1969 4734
1597 1164 3660
3090 3079 497
1312 2678 8051
1252 2123 8324
496 1401 5071
1174 3163 1953
446 627 1145
1648 3302 7947
925 511 8548
695 1695 8320
843 2380 4752
987 2471 252
2044 3281 4416
2642 2690 6395
864 2424 5719
2334 3146 5242
1501 1559 2864
2650 1281 8165
68 855 197
1241 3289 9035
2041 3038 3136
2906 1388 7575
2329 2103 6409
1266 448 4594
1503 1946 6938
1231 203 8939
1807 1547 8419
813 845 4142
1509 993 5174
826 2874 9363
2717 695 5543
1913 2875 2576
172 633 9721
2900 1835 4169
2670 868 7161
1058 2719 1591
1476 1841 6544
301 1458 5020
273 2332 6703
1635 484 4025
1239 968 9370
1729 3255 803
2315 789 4650
2776 530 9406
941 1290 901
23 217 7112
2015 9 4281
24 2264 5941
1180 2488 365
1239 429 8202
477 3296 743
1859 2650 7480
1044 2219 1449
899 1668 6255
447 2706 1972
2767 416 1990
30 7 2956
3380 3243 4970
2636 1394 6414
2431 1810 4740
1575 2104 658
2564 1330 6697
3344 1085 5266
950 1696 2197
159 1762 2737
1767 2628 3980
331 192 1835
1514 455 2107
336 2221 6200
2501 1908 932
896 751 1985
2757 1921 5003
3360 3276 2263
3076 1399 4799
3183 1158 1325
1521 30 9277
943 1979 703
757 340 4060
69 2467 2488
193 386 489
2316 2081 4517
2690 1214 2504
2070 1168 6336
190 2621 5215
2501 2312 2640
2291 2587 9475
1038 2486 1566
813 2684 8009
2744 843 4320
3212 3271 2129
844 688 3557
471 2533 7200
506 1953 3852
1088 7 7043
2362 589 3058
2591 2271 6399
783 496 7513
1268 2788 7434
2925 798 8269
2871 1157 914
116 3124 9196
3006 8 6439
2613 2978 7212
1363 2640 3325
1503 2953 9923
3178 1842 6882
773 3136 7217
2644 2152 3615
2532 1849 7018
1938 2140 8298
394 1212 4065
2393 2962 7017
2466 461 4601
1496 2451 2056
2163 1383 8608
590 70 6951
1337 1345 757
1650 2213 8969
3102 658 980
3289 7 5364
278 2543 4565
2338 1512 5029
1740 1560 9303
3381 2942 4119
1257 2833 3209
101 3162 9064
1365 347 7477
1466 3018 290
1096 2327 5497
2437 507 4124
289 1426 203
304 2765 1951
1050 3057 4726
2752 527 8230
620 2062 5821
2298 2675 2228
749 3314 9284
3378 2651 8453
2984 2692 4317
3336 1497 4397
1986 3281 1512
1086 1539 1533
2800 1069 1314
1673 2461 8454
3312 1839 3407
1653 1525 2271
671 386 2893
2724 890 9484
1063 3168 1789
2825 783 9587
482 945 3580
2735 184 8559
1198 2218 3098
2615 2012 8119
519 1853 7580
1123 1038 5101
2722 1764 7449
177 290 7534
681 885 7226
1515 1642 5330
1506 2757 8630
1583 1776 3104
3206 661 966
1118 3130 1856
3055 2731 6979
1716 1351 2016
23 1868 319
2882 695 5466
3036 421 541
2186 1486 5552
1800 2803 3650
786 1631 7301
3104 2739 1004
833 1849 1290
3383 2059 9501
371 2166 1953
548 907 247
1642 3009 3219
834 2045 7108
374 1789 3653
2113 3062 7995
2195 1459 9551
588 2989 4792
1855 1218 1919
1216 3034 6188
1829 3282 640
1918 903 1373
151 2956 7359
549 3287 5606
3096 1871 9295
2538 2323 7346
2264 1554 6343
2134 3199 2263
661 3213 6321
2819 1195 8525
1314 1935 8143
3077 368 5618
591 2053 911
893 2222 2025
1138 145 8000
2021 2745 1466
3227 1756 384
2100 602 1003
490 1474 1653
2436 1865 6881
2584 1407 3660
1894 362 3728
1295 1608 2222
624 721 9332
1927 2136 9814
3159 819 2368
2724 306 8537
1353 2621 5555
2565 508 4352
544 2330 5533
518 373 2107
1478 486 5919
1541 2864 938
858 3263 958
800 2095 3154
83 1529 121
1104 2927 6402
1766 440 4260
1331 1291 7415
2450 1167 3674
1875 847 6880
2786 1360 7363
1793 2174 1214
1656 1559 6393
1720 2797 8467
740 3189 5520
1632 2462 8517
2439 743 8694
916 3129 840
2872 1559 3411
2240 3384 3731
1196 2248 1396
2025 775 1981
1580 258 7029
1246 687 3384
1951 1320 968
2309 3165 8252
718 569 1916
181 636 1912
1722 406 2563
935 860 4889
94 818 7103
1050 443 2822
1333 752 7709
1156 764 9478
1741 1269 8615
1903 1856 3638
2905 458 1556
3217 773 368
3185 69 5749
2045 3217 2215
3291 913 4271
1142 346 7436
3169 1301 6317
2460 2728 6752
415 166 3506
621 2658 2981
2360 167 3092
3264 1337 3457
3233 2410 2631
2283 3273 9575
84 2893 3790
1485 3209 4874
990 3345 8680
986 1727 3255
2230 2580 3357
2190 1067 957
2955 504 4687
2610 3356 3565
3066 1097 3777
11 2940 5831
791 1027 4538
880 2835 2551
1909 1076 8933
969 3350 8816
683 2867 1551
3237 2357 1015
2142 3377 876
909 2477 8056
1216 1062 458
1090 2831 8608
3137 2308 5177
744 2169 7523
2705 3254 8503
1983 724 7775
1226 2696 7380
1897 1193 3786
496 1099 3099
2462 2504 6490
2229 300 4809
378 151 6582
2126 1370 172
3196 970 1878
1851 262 2775
2394 3023 8930
2957 1814 538
3269 1065 9212
518 1010 1847
1744 2152 8271
2389 2217 7249
1338 231 4924
1544 360 3285
757 2445 9009
2712 3177 5129
1225 1205 9038
2130 1785 244
1415 1271 6238
812 3065 5077
2738 2224 8747
120 2319 1343
1002 3003 8362
2734 980 1764
85 1084 6039
2669 327 5309
2769 1571 4874
897 3039 290
3354 487 3249
3043 2619 4242
1833 893 7469
592 205 9727
331 2422 9689
2424 1037 4766
466 3063 4783
2800 82 3166
1189 3216 7570
677 1911 7698
234 1527 701
1652 1238 1949
1257 577 2576
346 1682 4916
2260 3191 8082
2683 803 3080
300 1868 8040
1029 3150 7306
1167 980 1407
170 1809 1147
1620 3272 1875
3373 1495 3392
1952 1393 8936
925 372 90
2559 3373 8193
2615 1852 3498
134 1559 5251
103 3395 7897
1568 1163 3039
1544 1089 6135
3022 2917 8769
1729 1996 2202
556 2698 7136
1331 2814 5373
859 1194 6255
2672 938 9941
24 3236 3961
1567 2912 5361
2557 1587 3591
2034 3240 5205
1655 2531 6896
2306 265 7661
2574 3190 610
2239 2194 5836
3023 863 5619
2963 2171 7013
997 578 2453
2341 1129 3323
1251 886 4936
107 1591 1790
206 1366 5713
2223 2376 3105
2956 2252 4742
2181 1670 601
1966 2537 9801
2953 3245 6602
2586 2506 792
659 27 552
515 1658 7428
1799 902 7491
112 1879 2256
496 2384 2703
373 1623 8201
704 353 841
2251 1377 5668
1453 2173 8858
1835 251 3341
2664 2992 5717
1557 2204 3136
835 2280 2872
1421 152 7744
2925 1293 6286
1386 1463 4191
2842 600 1210
417 1991 5693
1333 1259 7960
1697 1875 1997
830 1809 4694
2518 489 4873
562 2755 8497
1328 2832 4847
3341 2395 339
1539 1308 5454
2709 29 9640
1684 1619 8229
2318 1310 2990
1999 18 9301
1266 1274 2384
974 499 3756
35 407 168
2372 364 258
2718 1317 9045
368 1852 9760
2871 854 2083
826 955 1288
3282 706 3987
1562 1547 4336
979 80 8080
1099 1276 7024
2792 3001 9595
3103 2148 5206
3194 645 3915
801 114 7034
3207 3011 8986
638 1300 7467
2453 2314 3190
1569 2562 988
50 310 8130
923 869 2402
1217 968 5225
298 2287 4055
2136 504 9388
2118 3239 9893
2239 2422 8083
1724 2722 8091
3160 864 1091
2364 2781 5086
3217 390 7507
1677 2092 736
4 51 7577
3056 2737 8583
3158 606 7441
2809 1961 9086
251 618 2827
279 2822 227
215 2884 182
2674 422 7704
3086 2403 787
2213 3049 9548
2264 2480 3491
2841 1684 2736
174 2543 1605
2256 1253 8920
2723 3267 4159
2557 1007 6613
2663 2826 2394
2157 3065 4745
776 2263 3004
2448 81 3123
809 1731 1046
3345 1531 6619
335 2967 2106
2682 3047 1309
2406 3361 360
579 3376 5156
2971 3186 3007
3169 2140 1580
373 2612 2761
2552 1449 1417
834 1972 764
3226 1670 4639
1212 397 4285
3117 1539 6748
317 1695 2832
2238 1536 7747
2008 1904 6347
2852 1340 8646
2314 2383 7587
2356 2913 427
9 3069 4097
2636 1729 5818
767 3223 2670
1406 1990 7716
1486 2982 4808
1955 3290 3668
2454 3072 6450
2181 1939 7215
1534 389 8984
1833 842 6514
870 2522 1827
2349 1574 644
1689 1319 3922
3337 349 5197
924 3288 5279
2973 1114 2653
1947 2139 3
1884 10 6477
2743 2222 9835
2898 621 3614
2545 2103 797
2171 2870 1022
668 1864 882
2596 384 8353
113 1015 1063
2331 3333 2115
853 2432 5641
1666 84 5625
3061 2343 3735
2657 744 6983
634 1517 956
2453 3284 9450
1954 1946 4471
1928 324 3781
2958 232 7586
2611 2265 9755
384 2808 2632
490 139 5291
1976 1148 1096
2537 2868 5458
134 380 1183
1855 789 3986
1192 1184 4687
1737 317 5090
2684 1865 7860
2118 360 1230
635 2360 1642
2786 991 1015
854 498 3880
1404 1365 9540
1515 2666 2172
3317 2870 7917
2387 2722 6502
205 798 2453
769 3304 1879
526 978 1485
3179 1963 4109
1731 1033 5136
1291 545 8610
1962 1276 6308
1719 2904 5827
2793 1269 2298
3081 2208 4997
1391 2600 4796
1495 1068 5761
3187 2673 7806
796 23 4796
3255 3150 3805
250 2431 3785
1686 1074 4576
418 1578 5374
1227 1373 5109
2978 558 7849
2157 3035 6472
2412 1284 9852
1236 479 2612
511 175 2415
135 1526 5089
2266 991 1378
1930 1540 6713
782 523 9154
2486 2583 3857
1731 1401 5745
2184 3188 7014
1903 584 4594
2344 2598 8387
2769 2971 3112
272 2788 2496
641 194 6779
1947 1000 5099
2677 1447 4187
1595 1394 2632
1718 35 8913
2739 3250 2063
2995 2877 1772
2326 1271 6200
1589 2882 1365
2587 457 4649
782 1279 3453
1273 1514 6602
1995 2205 1091
1574 702 4253
997 2184 1483
2310 993 5862
1881 2500 5384
1220 1134 1297
1017 3397 8842
2632 2631 343
2416 1602 3434
1880 2997 7785
626 2160 8280
1001 458 6710
1189 3227 573
2623 3353 1946
579 1815 5626
1026 1254 3012
2020 151 1577
2462 1092 7884
2355 1684 5304
370 2404 9834
1502 1101 7243
2853 1909 3896
2983 2970 9308
3376 3168 4143
151 2449 7494
1456 3171 3578
1295 1416 8357
1751 2909 8246
1516 2401 5563
557 459 4607
1131 136 7455
2558 265 6319
698 2031 2881
485 2003 3818
912 727 591
2303 2085 6722
1916 1327 5765
881 616 5738
2457 1872 8258
1753 1207 2191
2739 2256 2261
16 2601 3918
1265 882 9794
2270 1045 2656
603 2663 7776
1931 177 8649
3383 2029 1759
1844 1347 2325
1166 1923 2544
1978 953 7005
464 29 6991
491 2298 9879
1467 2854 1667
2976 1195 4774
379 1350 1728
1188 3007 3518
271 2969 1732
1151 2697 3453
3202 51 1781
3232 1670 3889
2891 583 600
1049 3357 6174
1375 2513 8836
1603 2191 6332
3097 1146 4514
2937 3106 7282
249 1541 2624
3116 2049 8371
1924 3218 2892
541 975 2881
609 3287 1362
735 2381 6829
2970 2860 3992
2526 2001 7297
853 2675 9151
1889 1774 3063
3095 456 2843
1561 2770 3117
2824 2496 153
171 1092 8229
2879 503 8384
1536 21 1464
575 3232 5480
3173 1521 6178
2859 1502 8394
892 3243 3338
3047 1556 9906
1030 1811 302
62 2020 589
2134 1252 6627
29 492 1474
2041 1222 8864
2977 569 6022
2406 2908 7202
1067 599 8769
410 2975 7970
1192 3148 8355
1747 614 3425
3382 3230 5390
851 2146 5565
2314 2261 5665
2228 1011 1374
2110 218 635
1977 3244 6477
1299 945 2550
1566 1289 2433
3189 442 4059
2819 1922 422
2032 2584 3464
3303 3377 935
50 1705 3649
2048 3283 2639
1743 24 4295
1542 831 9430
1459 947 8745
2043 3005 3131
138 1706 9894
1907 25 9780
3341 2723 6006
264 2993 913
3023 1153 8910
2423 2765 2247
2382 1212 3778
3399 839 9135
790 2865 3130
1308 328 2218
2663 1249 1318
328 105 8014
2469 3219 6960
3342 3267 2590
1974 3187 8973
201 231 8693
245 3180 881
3190 2068 3112
1699 579 3706
2162 500 1292
2389 1188 638
2911 2420 5956
2041 2402 4620
1464 1542 7666
1335 2835 9228
3094 3382 7279
45 3206 7442
451 193 5394
1082 1328 7289
204 962 6530
1574 2525 1664
2428 3379 9760
512 2455 6471
1426 2135 1012
1243 3291 4819
2249 3196 2403
726 806 3148
2623 1815 5011
2086 754 4767
548 721 1853
2033 127 7696
1981 2926 3320
755 3382 820
1776 2243 4515
1172 1060 1831
1413 3331 2141
3203 1437 6019
2458 389 7209
3124 1061 1719
2322 3069 6638
2659 1546 9648
1484 2500 8323
2278 626 6105
2016 1986 8574
629 1100 5360
607 2632 6094
433 2604 9031
2214 2089 9495
2148 3277 7656
1471 2575 2924
3188 2527 2038
979 602 7632
1719 713 3773
1130 3310 746
2597 2516 5455
1672 1177 7042
657 2299 7427
1699 736 1714
2657 3101 402
2517 2868 713
145 2674 2352
3358 1625 5840
680 2694 510
3142 3169 1724
1390 2915 4711
2116 2369 3911
1182 1255 3268
2004 956 8852
467 2359 9897
1996 1713 4308
705 2214 786
1202 1540 6378
3241 3068 1804
2613 2807 6771
2565 4 4480
3189 1074 6145
1532 2925 7423
2196 2432 824
2007 2669 256
2850 2524 8987
230 1702 4329
461 134 4393
236 96 8533
2096 1920 5997
2794 1720 3345
2089 2657 547
2607 3243 4696
3072 743 2287
869 1551 3984
2520 1236 9082
1033 2421 3383
3208 2860 3732
3251 1321 3494
2538 3252 8759
786 2536 8477
702 1375 3638
2532 1714 2695
953 2350 8878
1327 175 4559
3127 3243 7791
1708 1783 5345
2847 270 3610
1931 483 3474
86 1120 9345
1049 852 1212
2753 3326 865
267 376 9231
2930 468 9702
2313 2988 1959
704 2819 5377
2316 54 2027
1877 1113 947
1281 1687 543
2817 2652 3847
3130 1634 2560
2129 546 7822
3079 802 1515
2953 1212 6807
2376 2943 2174
2611 3192 7098
1714 2075 973
2494 209 6074
182 1060 4649
289 1162 8289
1847 525 5456
574 3391 2252
2894 1285 7231
2357 2224 8399
768 1657 8537
523 73 1796
3210 176 6197
2554 80 8207
2206 995 9372
2664 1842 9482
791 2183 4192
3032 2601 548
2141 3230 7989
2762 2835 7730
597 2359 4838
319 1178 5601
2315 2814 4700
1171 392 4805
643 2975 9042
281 2382 9777
143 1551 5078
1076 1506 2920
664 2350 8097
1366 2022 4093
2529 1549 4082
1326 2465 7195
788 2440 8545
3041 2911 5210
1271 2774 9984
42 1871 2511
1457 1251 5498
3125 1580 5287
804 45 4792
2527 2192 8189
1496 908 4055
109 2764 8322
307 3306 6217
1544 3293 1826
1660 1456 7052
2746 721 4654
3325 1591 5276
2652 920 2069
2855 2112 9846
500 1781 6603
1643 508 7925
515 3166 6970
1150 3162 1310
2473 2572 7460
105 749 564
2541 1361 6656
2195 1533 8076
3391 2781 1226
303 3397 5635
2657 2820 6181
798 1960 8193
2649 3012 5646
3075 2951 8178
2294 925 7586
2017 1691 7814
864 1527 2678
2523 1435 1227
1962 1419 5094
556 1540 6943
2139 1214 944
1607 2797 5227
3225 1603 2518
2184 2383 9394
798 3243 1389
2102 1017 3230
847 576 4911
276 3286 1461
999 1189 2078
2879 2491 7902
2000 1949 1085
2291 1422 1005
499 1043 8201
468 2583 3654
1872 2048 7659
706 1651 3428
3356 2685 734
1316 2690 3220
2093 2251 3215
140 1980 7515
1526 1488 6613
2796 2710 1770
1386 867 2657
2099 1786 7707
1255 853 7427
400 2160 7446
763 2494 4567
1189 3179 9557
782 132 699
1145 798 2780
1620 509 1724
912 3043 5230
1252 1272 4253
1163 978 7940
3111 2228 6075
2611 337 4368
463 2278 1491
497 301 9198
2472 298 9371
784 750 7885
3219 2277 6287
2155 1966 4418
734 3394 4060
1174 2513 1255
1343 2121 9840
2326 2620 9868
1541 1575 6061
552 1601 7509
3310 2106 6052
2584 1869 3639
428 2813 1982
433 2994 5468
3308 616 9614
1739 2071 7405
27 2107 1159
2792 1764 2678
829 559 9493
2182 2203 4576
2359 2993 2803
743 2521 763
244 777 7793
290 20 691
1314 1201 5169
1614 1248 7199
449 41 7910
839 1831 5246
657 2853 9088
2715 1349 6852
2076 3231 5645
1753 2750 581
3125 653 1722
1536 1388 8518
1709 3165 8812
2221 1130 3307
11 1360 717
2084 3221 403
1098 616 2688
1521 3116 196
3396 3335 8464
3133 1302 9264
2766 3000 2954
3373 1431 2178
2586 2244 2302
2239 2589 9216
1581 2704 8241
3274 1443 8659
1888 406 9606
195 221 2227
2855 3193 7613
2166 3327 7721
1327 639 8282
794 993 8584
0 13
0 27
0 69
0 30
0 80
1 2794 339 3619 73
0 28
1 2347 329 6863 31
0 109
0 84
0 101
0 42
0 98
0 76
0 58
1 1531 1696 5965 35
1 1727 2919 8702 15
0 4
0 5
0 21
0 99
1 894 865 6648 94
0 90
0 18
0 53
0 75
1 1440 432 5867 82
1 761 72 7833 54
0 70
1 1722 2901 1115 26
0 25
1 2269 2686 3902 46
1 1169 2943 5093 34
0 29
0 12
0 62
0 78
0 32
1 650 3328 3067 7
1 578 3033 2739 36
0 63
0 57
1 1012 3349 4185 2
0 20
0 41
1 660 166 711 1
0 45
0 33
0 6
0 39
0 67
0 83
1 2641 10 9974 91
1 1284 3333 4580 96
0 10
0 60
0 85
0 74
1 1000 2974 6761 56
0 65
1 3112 409 9112 44
0 17
1 77 3341 4553 37
0 105
1 1679 1263 942 106
0 100
0 77
0 43
0 49
0 104
0 8
1 1284 1385 3518 92
0 93
0 108
1 1363 2123 5748 59
1 2328 2885 8505 14
0 24
0 89
1 368 1584 9888 103
0 50
0 51
0 55
0 88
0 47
0 79
0 48
1 1016 2819 2288 81
0 64
0 40
0 68
1 3370 871 3002 11
0 66
0 52
1 345 2907 8084 22
1 638 1048 9274 23
0 16
0 107
1 94 831 60 3
1 153 2325 19 71
0 61
0 87
0 72
1 1849 2093 5566 86
0 38
1 2800 3378 6313 9
0 95
0 19
0 102
0 97
