3600 3600 2290
373 3366 7518
1120 2058 4780
1815 621 6637
169 3332 1976
763 785 5646
1718 1772 7484
479 3307 8700
2340 292 4723
516 1992 9556
3463 1404 5106
2136 2512 3824
1908 2423 9754
475 699 4374
2102 825 4430
3591 502 9890
751 3184 2112
3179 1249 3189
1201 662 8517
2376 1023 5788
3452 746 6341
2038 2052 7491
950 326 1673
1965 2936 8068
696 1485 2171
1223 2713 716
219 3296 2401
2369 152 6236
1271 3559 2146
3386 713 945
2440 2520 6901
2900 2664 8469
1155 750 6251
2024 338 8480
3506 668 7703
1772 2193 8063
2336 787 7962
2063 101 9988
1118 906 9415
1714 2672 6262
214 1524 9332
2026 629 9210
2160 3048 7951
2606 2916 728
2178 1428 2499
699 539 9430
694 1729 5928
262 2193 1836
2246 2154 3876
897 1834 2774
933 2898 1772
3589 3343 152
2110 450 1529
450 2559 5949
2421 1864 7842
194 137 7411
3164 1556 4635
385 616 8093
202 388 250
2841 1740 9480
3068 2107 2214
2865 1328 3769
1267 400 3623
248 2376 3528
524 2290 19
2209 1852 4996
3457 705 3478
1258 2432 1160
2450 2613 9117
3572 3134 6436
1352 2301 9397
911 3002 461
2808 1633 8137
958 314 4213
1326 583 3569
2936 2358 7018
47 2483 2180
1608 1552 4095
800 816 1052
749 1928 5234
1827 1009 5716
3397 1981 627
2373 3243 2653
3021 1487 6131
3020 2384 433
2264 760 8480
2177 514 9
3318 127 3648
2083 1417 395
166 2897 1370
3528 1712 2826
2407 1379 1868
2647 3277 2603
775 1459 4989
2473 339 3971
1288 2539 8893
3369 1380 7832
1087 1070 5606
3146 2115 6553
2806 1643 3816
2642 2597 2139
3391 302 9195
1423 1073 9491
598 1762 2915
2942 1868 9472
509 56 6790
2465 3453 4662
417 583 4621
3510 400 339
538 726 2303
2135 2679 9655
2050 803 5539
1651 3195 5011
1714 1046 7642
2107 3453 8577
2828 2238 4549
555 2627 3367
1781 1008 2178
2532 1145 1261
498 1502 1420
889 398 6438
365 2059 2547
1937 1882 5133
4 1373 2179
1405 236 490
3027 3550 3303
3048 595 2879
2534 3515 1840
1306 3524 5693
2715 164 6651
2680 1715 1574
128 1049 969
1495 1349 8781
2957 1677 8475
1473 1895 7534
928 1044 2323
1429 3364 6337
1575 3566 4428
1985 733 8561
1278 338 6668
1669 31 4374
915 788 4699
3573 2206 5552
3563 3289 917
40 1319 7442
3510 3334 5211
2151 1629 506
1217 1097 9140
1688 1768 3229
1353 3261 9079
2562 2679 4695
210 2552 7923
2529 1156 7010
401 219 9674
3479 2821 3983
2341 2766 2379
1968 2740 7296
3335 905 2187
2986 3424 4624
3298 2840 1378
2753 3250 5325
3456 2054 9845
2331 1865 4036
3445 3221 1978
3351 377 7804
1132 2994 8714
789 3271 4224
337 1816 8518
2091 1685 2348
2366 412 1068
886 1175 4833
1432 3144 7122
625 3296 3785
880 3037 2360
3537 438 5529
1030 1339 2194
1169 6 3334
1411 2347 5921
368 1973 5087
2978 2535 2138
1333 3026 5879
2321 1401 4113
1079 2670 6456
867 3533 3828
453 3009 2705
3537 2703 4495
1874 1243 3932
2636 3087 9551
29 3524 2118
3268 1816 2419
1294 237 7475
1682 2056 8636
557 3499 4814
3498 3349 5344
2130 441 5451
2148 588 8931
365 383 7367
3487 1715 8318
2657 61 5736
757 2039 6675
2196 3456 3286
2981 407 1546
615 1574 3570
228 1155 7262
189 1873 7791
811 2055 4039
1535 2314 6508
574 1320 3326
818 150 7872
2904 2758 1345
2086 2774 1989
449 550 9990
679 2508 4737
2607 1535 8674
3587 2156 6432
1672 1660 2486
618 2379 2719
1566 136 4197
1940 3404 3438
1324 3062 2782
2534 1083 8845
1241 629 2471
338 1308 5832
3554 224 3185
1739 123 6460
429 745 8593
1876 3161 1419
3205 218 7294
363 1956 8973
1142 227 5974
1141 314 6089
2560 1955 1800
2953 1363 8171
2882 2086 7290
3403 436 6984
659 2133 1674
1010 294 6070
2174 2499 9934
1768 1832 656
2730 3140 1466
2488 3194 7650
2199 2639 7429
1993 993 516
1503 747 5352
2281 1951 2826
3481 3584 2732
2501 1378 6246
1846 2764 6772
581 2715 8170
2441 111 350
1903 476 6567
1581 3067 8174
1762 2686 8522
2183 270 4790
2983 2095 2523
494 1057 8279
909 2674 8143
3402 2639 6962
3596 3321 8309
2182 474 6827
1775 2120 3356
853 1684 6137
2774 2656 7341
3203 1769 7935
1396 2219 5115
1734 1054 4939
642 2874 1793
2084 1952 2269
2356 3264 4521
104 1609 2235
3298 2471 4290
2373 1127 1361
3050 2369 4311
15 918 4325
1119 427 1797
793 1797 2544
1487 498 8191
1657 2284 8500
3142 1461 5010
1430 2622 3157
1252 1013 8944
1388 3563 3315
1747 411 16
1343 3596 572
443 522 1002
925 3001 1622
2838 3449 9268
1797 3268 3522
1293 2290 8465
2530 784 1001
365 2600 1118
1284 2270 5075
1827 3335 7280
2437 2837 4293
2293 1922 5710
498 2830 8388
1332 3364 5493
748 175 4563
858 2725 1801
737 572 5938
2328 2493 5417
1602 575 4157
1773 948 6569
1207 1179 7164
3562 3158 1734
2545 2003 3082
1323 130 9711
1816 3061 1739
1217 1652 9590
2876 1621 8161
2511 2384 1797
307 2387 7709
674 3441 3777
2751 287 4247
1561 660 8164
92 2606 2138
950 3429 37
1981 45 2094
867 461 2918
2490 3283 3146
1504 1291 9665
48 2155 8056
397 1073 4691
1429 3290 9636
2414 540 5241
654 1929 1338
784 1427 2142
3399 3181 3657
3471 1704 2548
582 200 4418
1181 540 9135
1772 3272 5451
3435 2237 2113
3436 2049 3179
2849 468 6365
716 510 3022
1977 1347 9324
815 1139 7764
2911 2529 9155
533 579 8425
1034 2259 1322
731 1044 6533
422 192 3588
3224 402 2507
3249 3520 2162
1233 1590 9489
1371 1691 5058
3303 2446 9245
1430 2310 6738
1565 2712 8979
2126 2147 8387
483 2762 9741
2302 3445 4156
3399 1443 5635
3089 3284 7051
2496 836 3036
2366 1632 6040
933 1030 6924
584 439 1116
1756 3370 1133
2879 946 1589
1735 2698 981
3427 1975 8303
762 134 3422
86 987 811
1728 1615 1423
618 379 3306
1203 3065 5987
143 3270 763
3459 705 7705
2923 3225 2343
1408 1962 7695
2113 3590 5938
2179 2811 3250
385 841 5038
1821 585 7839
67 2702 4648
3419 693 3329
1296 634 4971
2499 699 3701
470 1449 8917
2848 853 705
2947 1711 730
936 374 7551
2173 315 8118
2085 399 5848
990 3542 5498
1427 1317 5912
488 899 6112
2956 1444 2085
3469 2656 812
156 1588 1762
1905 2430 5036
3055 3198 6057
1093 1805 5783
2068 3321 7824
54 1286 1666
3270 2502 6303
2662 1272 1489
2330 693 1563
1230 3061 7061
792 1060 1703
446 2225 82
30 799 9532
2678 1959 6480
2084 1575 4036
730 1487 4326
548 1799 2257
2912 525 2192
228 598 5738
2201 1399 906
3530 1195 1444
1005 1850 6762
3563 2998 5880
538 1765 4767
2033 1428 3160
2216 2391 2199
1075 589 1208
1154 345 6242
3082 2521 3845
2554 2277 4327
3592 2378 6154
2112 2855 8206
1185 3115 1009
3291 208 1924
1065 778 7593
2247 2109 352
1530 1142 484
2573 3573 3669
64 637 6457
516 1460 8204
1686 3420 2500
3494 3156 4278
3513 3478 2888
2465 1369 7303
2486 3474 5930
343 1942 3778
1587 2031 9629
864 1877 2425
1272 3024 5092
257 711 730
3016 1282 7674
1116 3156 9290
2076 2275 8753
584 145 6024
3505 1227 2681
501 496 3077
2181 3377 313
1509 3277 4816
464 1669 6125
2864 1564 8494
1742 2932 6103
922 833 2976
3326 811 8264
2460 3516 7915
861 1613 5232
2598 415 7020
1295 2809 7929
377 1431 3075
1789 2331 1383
1144 2827 4490
366 549 5717
1836 1457 2896
1085 1221 5337
98 2652 2524
2858 1860 7026
694 566 6709
3241 83 1763
3347 3454 4337
724 1104 3275
366 2914 4131
1282 2432 9265
3197 3004 1007
3250 2523 9703
2436 3399 1063
2754 1112 8463
576 1842 9169
118 1532 8683
1951 2738 4939
51 1790 8399
2240 231 8014
1044 2037 2287
2475 1785 4979
1343 1620 2525
454 524 9969
3013 1931 1917
2518 3345 621
1246 1031 7045
1572 2050 2359
2851 1146 6254
2719 2455 9827
2220 3403 6581
89 2886 4899
226 1852 2903
1664 2779 4206
816 339 4952
2639 1327 9005
580 1719 5759
1480 1069 1698
555 1395 2679
430 2231 339
3186 2228 3731
819 3428 311
2697 1031 3721
1275 2056 8937
1392 181 6725
1383 2454 1502
230 3100 7420
2848 1865 9257
1635 1485 8210
2363 504 2265
401 833 595
316 2197 3958
1190 684 606
3504 566 2367
3586 2310 2083
3416 3228 1851
1848 3115 4017
1318 982 213
1482 180 1175
1700 3462 6172
3046 3072 5662
1839 3069 7497
902 1763 1690
3263 1866 9057
1647 1949 8006
2039 1758 5152
521 380 2445
1713 2369 4439
1162 3564 3415
2383 3296 8917
1083 2012 7879
204 3589 1131
307 2026 1211
2425 3421 4955
2898 2707 5793
1899 2326 753
2515 2031 4021
2351 2402 6377
3596 2852 397
2782 165 8803
1415 276 2291
1399 146 3663
1932 3004 3752
2051 867 3386
3151 1596 971
2744 2469 9082
1027 3255 7891
2489 1773 5352
1851 2043 8721
3015 1879 2507
2953 41 9285
2148 2896 4456
1383 835 669
3179 2546 9712
864 1731 7320
3285 3447 3231
229 3089 5427
2477 3559 8128
2360 2953 6551
1899 1808 3684
1012 2429 878
2308 1100 4829
13 3059 535
2085 2459 949
1941 241 2032
776 2647 724
2382 3428 8612
2367 851 6652
3340 1162 7574
453 1991 1477
217 1746 4896
3330 1005 3782
3065 2959 444
1173 45 6833
1943 840 3850
2400 2040 2758
2871 197 8221
1766 2674 3945
1835 2452 1976
1791 1842 1611
2225 548 4995
3104 2201 2464
45 2184 3769
791 3220 4176
357 3391 373
2849 184 8693
112 3291 6159
1141 2036 569
1952 2179 90
2128 2271 1620
112 1707 2272
2085 2879 6921
2978 2937 7034
3119 1726 5446
1628 2183 2152
2038 3105 787
1957 1183 5617
17 3339 9743
153 489 8333
2665 1348 689
178 2845 3797
3330 228 8549
692 3022 9837
2143 34 5761
2810 979 6423
699 2324 2105
3556 2087 7149
40 2803 7029
2606 2670 9258
3214 1078 5212
1458 479 4701
1561 2561 2852
274 571 4304
111 2706 844
1737 2229 5315
1097 1272 3395
661 3024 3678
2378 975 3696
1842 1841 6089
1379 760 5492
3458 1474 7424
1234 877 2631
878 2794 7167
816 2397 7882
1564 1350 8642
3239 101 2950
646 3165 398
1330 1599 5887
271 2073 8593
2724 837 3141
2223 1085 121
2189 2237 4966
816 586 8843
2102 1637 3915
1870 2670 2750
3398 2663 5654
888 2256 6457
1695 759 8681
2276 1065 8885
3021 553 6134
2314 3489 7675
1692 917 1049
3432 845 4099
1060 2331 8385
2087 1089 2949
3183 797 497
2635 3099 1769
364 648 3574
1036 1737 2685
181 2679 6257
2953 2791 7118
3308 2931 7483
954 486 9489
1515 440 8656
2038 1084 295
2885 427 4440
1617 3139 5817
381 2422 8197
3417 3090 9185
2031 1873 7550
2870 62 902
903 2362 5379
2298 2368 5854
1965 180 7166
8 2336 988
878 3327 7546
364 1355 8084
3558 1042 6588
1840 2191 2421
249 1099 718
3269 2332 7674
3524 2142 7865
1736 3102 2577
744 506 283
131 552 9580
925 3472 4510
2217 2061 7588
264 2226 9836
2228 290 9365
2833 758 8985
224 1805 8283
987 2550 8556
695 2804 2449
890 2030 9923
2002 648 8280
2402 1844 2836
1258 2580 4187
3548 2581 1803
1377 31 7999
3529 1323 87
2339 200 4862
3166 3059 167
195 917 3048
970 1518 7737
2948 450 1970
543 1344 8147
3107 1889 6181
325 2089 5406
1610 2717 2116
1549 1749 8628
2742 2921 4204
1440 2705 1566
3272 233 6680
1572 667 38
2734 243 8438
2661 1328 4978
3280 2426 3284
2005 268 8974
699 2786 3217
1644 3343 9254
1630 175 9317
3207 303 3670
2192 1938 8533
1085 817 3239
1200 285 334
2234 3465 3293
973 2561 6258
189 3023 3291
38 2429 1343
28 173 5810
1047 154 3028
91 524 8259
3488 3557 5386
1455 2029 3588
2326 3393 8879
1681 3592 3823
2263 827 7654
1502 1500 114
1362 2195 1115
2618 2767 3080
2648 3182 944
3254 1713 1756
1364 1688 9643
462 2654 655
2316 41 8737
1893 278 1387
3085 3290 7943
3160 1598 9009
213 1283 6415
1968 1642 3512
3190 274 7045
68 177 4102
2898 304 8449
2483 2865 8107
2305 2050 8642
2480 3422 3679
1436 2425 7315
886 2477 7641
1753 1560 2346
1771 1531 578
1393 3460 6739
142 3085 2477
2794 2783 7120
2258 609 4225
986 1250 4018
1144 1589 5598
2674 1790 7635
1916 1265 6833
1018 250 1581
2754 1056 1335
389 2798 7865
3167 1625 3707
325 1627 4128
61 2553 2224
1926 156 8270
3225 2095 9395
2280 897 6103
2650 840 8900
2903 928 5987
3252 1860 9497
2848 366 7530
2076 923 5028
3021 1867 4711
3155 5 2823
1157 3588 797
222 2891 2331
1181 614 3237
2171 2562 2235
1823 2400 5283
3316 1176 2712
2993 1379 7473
493 550 179
1337 161 8144
773 1894 2704
1353 2550 5994
1929 1293 1985
2779 1336 7556
3249 89 2963
457 589 7558
1586 532 7483
274 2161 3881
1161 2037 7120
979 3476 2465
1249 2493 2773
2199 2372 8362
3567 2202 5949
2131 2830 1903
328 2829 3134
83 2908 1602
2556 1615 6594
2847 2465 9982
2424 241 6420
1790 1756 8676
509 2608 1702
2739 1180 875
426 2357 2359
1398 2630 7240
3196 266 8583
556 1583 3464
2776 560 3914
866 2492 3945
3429 2733 7984
3301 1438 4944
1075 606 6909
3390 2516 8263
364 3384 8801
549 1071 4479
1404 2397 4737
2385 2724 9402
547 1397 9733
315 1121 1145
3061 2310 3230
1216 927 4352
838 3410 8337
991 164 1327
596 264 875
1118 2606 5439
362 2250 9297
2581 3517 1979
1940 3138 8950
977 2827 5644
251 3117 8732
299 3080 3299
3204 428 6076
3259 170 1800
2874 407 5089
3423 2547 7728
717 365 29
2 2301 1085
1278 1264 2753
334 912 9033
904 1080 4642
2881 513 9588
3527 1592 5735
1838 220 5941
582 3293 3305
2265 3249 4665
2152 1936 7380
861 1782 655
2535 940 5144
2400 3095 4022
3268 943 2271
149 2245 4357
2314 954 1141
3577 1765 7056
88 1084 3587
3302 226 85
1503 2479 4404
2361 1842 9633
3034 1890 6152
951 787 1777
842 2463 6094
1822 1805 6071
468 2574 7600
3554 1335 1675
2805 2741 7594
250 147 8061
2856 2479 3573
2799 2303 1523
3433 1132 5874
1557 2863 3351
2348 2506 1604
343 2307 3648
648 815 843
3390 3571 6031
2263 1454 330
3451 2305 3204
408 1937 4628
3127 2290 9727
2681 34 3449
3453 146 9087
2061 35 1487
2033 963 423
244 2067 7449
833 717 7756
1057 3251 7265
2791 3504 2218
1647 963 3079
3434 1900 2351
529 1663 5967
2305 130 7619
3095 607 191
1331 802 4990
2864 1162 7539
1060 46 1271
2941 1023 1357
1728 3588 5883
2956 2049 7164
3423 789 5549
3031 1225 2080
52 2997 4732
2106 3083 3897
3463 2362 4949
1413 2517 1170
2943 626 950
3381 2483 3092
2289 3277 9678
2024 2283 6881
47 2444 9237
2543 3247 4033
431 3432 6205
1211 792 5774
284 3373 1931
1165 3160 4587
2834 3089 4100
1738 3446 2928
1852 323 3035
2693 1516 2391
3387 1214 8058
3078 2638 8664
1816 1138 3054
1251 1054 5105
1507 1485 420
304 2443 740
597 3594 3987
904 3020 883
2373 2859 5886
2786 1843 6587
2157 350 2307
2698 1746 5250
2166 1044 5539
15 3532 9832
3439 562 9531
1009 1947 6422
427 2333 4770
1880 492 7313
3088 2662 7543
970 342 5817
2614 1062 4046
510 1154 6592
1931 1543 6719
2739 2905 3804
2416 839 7550
1510 1788 9884
2744 17 2258
2091 842 5971
1715 733 9230
413 771 970
648 192 328
2046 515 1528
2147 3227 8007
47 757 5496
1394 740 8347
3361 1370 7449
1736 1282 3075
2735 1226 2858
941 2419 2520
2016 187 9253
1134 185 5542
1995 1030 1488
2620 3096 7036
244 10 6266
35 2701 5208
1841 1566 4789
153 1184 2215
1845 1405 4300
698 232 3414
2863 1592 3374
2021 1001 1077
3133 3270 3311
2308 668 5859
2994 2888 9605
2185 2188 3332
1055 1661 804
686 3133 8390
2766 934 6423
2570 3251 5461
304 2858 8749
848 2865 9121
3332 1935 3040
723 1271 2356
1335 3301 4378
2956 3374 3857
1051 1972 7879
1476 2632 7534
2211 1518 4355
1158 2128 3165
3536 1397 1764
2920 205 7465
2995 733 4699
430 1085 1113
647 2583 3615
3391 899 5087
3046 753 5185
1458 2771 6516
550 1481 9157
1589 1667 1816
2278 3572 3
491 848 9982
2607 3185 1945
1904 956 3415
1292 1630 280
3031 3209 7059
2688 1914 1699
1135 2274 327
3336 1819 3718
1492 368 427
1413 474 5149
3411 131 884
1078 2878 4616
3559 1918 2053
2874 3432 4312
2530 1716 4331
979 459 175
629 2933 9367
2984 1780 2425
1052 383 3222
2896 49 6758
2853 2772 3830
3341 2876 8370
1052 2596 3944
1702 2424 183
73 2576 4801
2206 2486 3839
2665 924 5474
2485 2671 4728
1287 1803 81
3505 453 2099
2414 2473 9741
589 2464 2874
3248 2443 8813
3413 1505 7809
3326 855 6257
1014 2000 6067
1124 512 9344
1297 366 7036
3396 2515 4205
1356 1844 9211
502 1561 8205
1223 3536 2065
1533 1901 4919
3258 908 4831
1686 3547 4863
862 1454 4106
1878 2883 5552
250 30 91
2362 1861 5851
1570 1708 8614
3460 629 3108
722 1312 608
266 1316 9978
1965 3266 9680
2519 2592 6839
1671 381 2451
2745 3321 8910
1034 3313 3228
296 1403 831
2963 1338 461
3431 82 6222
2755 2291 2451
2146 2117 3134
1384 700 2822
1783 2552 1225
3086 2297 8594
2782 631 3748
3157 3154 6177
2831 1011 9576
907 619 7713
1160 528 1177
1195 684 4500
3497 3024 3267
3192 1942 8738
1628 310 4707
1865 2873 4921
1645 2061 8915
3413 748 4532
2824 2304 707
2474 1540 1299
3472 3422 2258
2795 763 192
737 1986 6554
1353 318 9908
2012 903 5240
1300 1970 8323
2159 2511 3044
3397 2722 179
2929 790 8594
341 58 1967
1387 297 701
2951 1465 1255
447 2560 9199
1891 1293 3862
3065 3331 6714
544 2283 9637
3244 3504 2834
1353 2662 9421
1974 3473 916
2501 1890 6218
860 2933 3087
2365 1870 9005
739 3092 4253
1179 3079 3971
2913 1748 7946
1900 1309 5239
1727 715 6657
56 329 9378
3587 2423 8309
741 1082 7166
1398 1622 3876
897 3239 2156
2211 3208 3300
23 271 3078
2518 2054 2113
2206 2745 314
1199 1009 3091
2108 1379 9419
2829 455 4676
123 2998 9792
3537 3340 1282
1716 2922 8691
496 1065 3216
1929 2101 1118
1257 2877 6909
127 2480 6606
2016 820 2796
2832 510 6175
1637 2437 8884
1791 477 335
2282 299 4671
616 3165 5211
469 2403 1478
64 487 6739
2726 3237 9463
1006 1204 2284
181 2459 3528
1851 1989 4373
3529 1022 8953
247 1640 688
28 2423 2220
2062 3093 1864
2086 2810 957
2292 2129 1608
1660 524 8200
2584 1050 3146
1539 854 4713
3296 2600 8432
1335 953 4505
1651 1024 8408
1380 2810 7372
346 1301 4373
2891 2379 9459
1712 3510 9306
506 3323 2002
1532 2726 4388
2575 337 4542
2784 2473 1474
894 551 2077
499 3336 7505
1127 1690 6558
1337 3597 1428
1142 3238 5758
2058 2794 2224
3132 3094 4124
3483 1793 4158
28 3133 9557
3218 1110 7927
2084 2521 4342
3197 1991 3401
1140 3127 1629
2074 2123 4674
29 485 1674
810 569 5100
506 3352 6306
695 2308 170
3354 2378 9351
88 2922 4270
3467 638 8837
3248 3259 8318
2748 2585 5521
2471 3395 1397
190 3434 7528
811 2728 6358
2117 681 4747
586 1706 8865
2994 240 3828
1559 1232 8272
2482 423 8170
1928 399 6904
956 1931 1907
505 637 3596
2339 2139 6419
3464 628 7271
464 1026 2543
1836 1307 4859
2991 3166 6424
319 433 2502
3436 2563 847
2427 1356 720
3294 2365 5921
850 2889 1361
3425 2214 6767
1744 1384 8005
699 1575 4271
1695 2571 4465
2820 509 9440
1260 3292 5727
790 669 3119
374 1522 3879
2560 2425 3849
599 2362 9164
593 2600 6614
2602 373 3807
1507 2081 8242
594 2086 2861
290 1386 9895
1235 1750 928
260 32 8801
1484 3300 3197
3552 1518 7620
1073 2243 6696
79 2015 5744
805 1590 8084
2555 2855 5672
3285 162 6154
3235 3306 4834
1482 72 9316
377 1431 7758
2243 3516 4708
2063 275 8713
3365 1347 8488
1318 2288 9336
2199 2168 7605
128 3207 1644
3521 3249 1802
2957 2034 5450
755 2170 5593
2788 1584 3915
2622 441 9700
1894 2869 2928
1167 117 569
1149 2499 2054
997 181 9606
2702 856 4037
1443 736 9241
2705 1498 3909
1379 3367 1566
896 957 6548
1183 2356 2838
2309 653 8350
1845 3559 745
1308 2955 304
1287 2552 938
3262 2299 8128
1974 1015 2839
2412 2899 5575
3423 3532 9419
975 1679 8066
1663 756 2313
283 438 527
2370 503 5555
934 2959 246
37 1115 7660
2547 499 8624
1690 2856 1511
1064 1193 2427
3532 2204 9363
319 1117 1956
2939 1738 8997
200 2627 3384
2061 1111 9204
250 2179 4066
2996 101 5501
2296 3386 700
568 3384 8161
2236 352 6338
1671 3021 9558
1182 571 1515
3060 1578 195
360 1863 8319
2286 2428 7554
3122 3493 1966
3258 370 7077
1035 1054 5822
1448 3465 1682
3460 3024 9846
2583 2862 1592
2544 1229 5649
1364 2217 7524
2490 1209 256
1798 1271 1406
1966 2238 2494
809 3269 9991
405 1176 8885
3289 3048 6316
3369 2192 9622
19 1554 7185
210 2775 2485
474 2274 2644
2588 1344 1916
937 1989 6082
300 940 4392
2875 1444 5864
9 2354 3762
3280 2354 125
3549 1654 7068
743 120 6317
1265 1492 6407
1299 487 7772
2627 2275 2155
2314 2498 6672
1859 2181 7728
2735 471 6286
2096 847 3480
1779 3417 7355
1042 1784 2520
3054 463 1659
601 897 690
2896 762 3146
1568 1655 7069
1260 1594 1968
1310 1646 2269
3553 2538 915
2933 1861 7796
3246 1517 791
273 2830 6295
2837 2792 8615
1603 202 8103
3474 1566 9800
191 2628 3194
2400 2846 910
792 1773 4683
747 1153 4384
565 2 5108
3499 2398 9518
2919 209 3168
183 916 4120
1945 524 7375
1490 3597 4382
905 2113 327
1221 1339 3375
2097 2001 5052
3392 44 5117
1638 3236 6764
3554 3231 775
2848 1119 3854
2980 2398 6715
2790 3108 2259
1653 76 249
1299 141 5964
219 1030 3685
729 2262 332
1872 2202 5832
1084 177 957
2902 2499 4225
3459 968 4719
1478 605 8449
424 1579 1020
2522 3513 3222
1713 2564 6519
1344 3262 7386
719 2807 5913
2315 1595 5633
1370 2331 1970
102 1849 9314
2109 1811 8235
1498 1654 9040
1667 1332 9218
2766 2155 4844
475 2425 6711
462 3050 4881
392 3256 9988
2009 3347 1844
2575 2171 6460
1583 3291 8826
2789 922 8123
1684 818 638
2226 427 9051
1669 128 2142
3581 1506 8872
318 3394 6796
1696 3205 4034
1247 2158 1468
1367 3487 4415
1700 2375 8405
44 2224 4042
442 2221 9855
1213 864 8861
3440 1749 5041
747 2349 4935
1432 969 980
1685 1973 4120
741 151 668
1067 719 4086
3121 1325 3054
732 1371 9118
451 2715 9264
1430 2883 5164
1226 1591 845
1492 1522 8866
1704 1556 1902
826 2680 4766
1855 2762 5615
2962 8 4915
2040 2499 2435
1131 1323 9403
1512 1153 7221
125 2258 231
2555 2860 7122
708 2037 4657
2542 3320 2259
1037 1670 8164
1544 1810 590
2715 2558 558
2225 2757 1968
1947 3571 5952
3123 2005 8538
464 2292 3659
1399 485 2406
3092 2040 1880
2054 1944 6531
758 2456 8167
1314 227 9040
3174 911 6258
1201 3433 4173
1039 2225 4992
687 1043 685
2631 1338 3419
3000 2624 2170
2297 2794 4400
3074 1707 3546
98 841 7055
1522 399 3208
179 1869 2831
1659 2545 4154
49 882 875
507 2082 3308
3430 49 299
1835 1398 5061
1965 2433 9392
3363 2324 9768
1050 2812 4866
1580 1300 2233
2973 2627 4937
1240 2081 5232
1425 1235 5283
2864 584 7540
3166 2640 8165
754 2444 5786
994 2697 149
3263 3434 443
1941 318 7129
1887 3021 3840
2837 2528 9683
2887 1438 4384
132 636 7389
1411 1765 2197
202 593 7970
1726 1951 5381
2722 3402 82
342 3033 9846
2518 412 4050
2534 1218 4288
2190 292 6171
2381 1137 2503
3029 1425 9099
578 1193 8009
1577 2531 7538
2905 3004 477
2890 3561 2933
2488 43 5605
2911 1075 684
3331 3171 9500
1204 1627 4277
3330 3066 5268
1305 318 5660
671 2430 4906
272 1729 3526
652 3486 5813
1053 574 3135
2359 15 6153
1002 2167 8912
2010 2060 6237
367 1747 2132
2410 3446 5214
879 1745 2068
2726 533 8628
2490 2883 1536
3068 908 512
15 2452 2012
3028 2307 9069
2350 1251 3758
773 1980 556
565 1619 4698
3540 1963 8450
2317 953 2663
2578 1949 325
624 801 4640
2774 2316 931
1439 681 8988
2826 1687 781
2790 813 1300
1117 626 8197
633 374 3013
3063 2707 5461
1735 3213 7107
18 1325 1318
1636 1744 2067
177 2590 7546
121 668 2818
616 3285 5259
835 580 5213
1285 461 8985
1513 841 7310
358 623 2934
1900 631 3415
172 558 3964
5 2648 5061
974 87 1992
3438 1198 2394
2225 798 4785
3028 592 3686
2439 982 1858
578 2444 1617
115 2812 5988
377 2399 1501
93 2583 5680
91 865 6598
1985 795 5776
399 301 7774
1555 2271 5169
1330 3222 9258
842 610 8112
2460 2747 620
2041 2546 4292
2446 3294 2529
1714 3370 4361
117 2831 2812
41 751 5753
95 510 8206
1106 3520 2810
2520 3583 3025
307 3385 5496
2066 1495 1667
3319 4 958
666 3157 4457
2377 1594 8260
2495 3358 9867
2939 3109 6435
3019 2891 6947
342 2432 4668
59 3401 6901
773 1569 3992
3492 2989 2552
2186 2409 7386
977 887 4186
3419 136 3707
1000 177 4716
1136 2805 587
1109 1297 1218
2528 1659 4098
384 202 8037
488 1073 3257
1265 2582 987
370 3296 8600
3321 1906 5997
2759 2887 8538
2085 2440 6439
953 183 4340
1764 1828 1023
3376 3440 46
3538 791 1216
1651 1041 183
1325 1757 3537
2090 2883 7884
1510 704 3398
901 3216 181
2417 975 6143
1175 3222 5398
3555 3033 8491
2456 2863 5988
1501 2663 6011
5 82 6826
102 3170 3872
1888 1699 3369
3540 1580 5402
3510 1810 9777
2619 1892 2073
1451 335 5703
3219 3242 3606
2079 3121 2206
1142 3163 3698
3153 950 6180
2707 552 6398
1289 1709 4060
2159 2964 9501
2264 429 6482
2286 2985 3088
563 1188 663
3479 2503 3038
1337 1979 3304
366 1156 7502
3517 1040 3682
323 1059 5942
3440 3515 8222
2216 655 8754
217 1640 8082
1814 1061 7393
1835 1403 4992
561 1338 2411
2952 523 3857
2355 1163 2863
1352 526 522
815 2770 9321
1338 1185 5138
2630 2092 2033
3462 2484 3517
195 1602 4421
457 568 6631
2442 1687 2257
2736 308 1222
1976 3299 3222
3119 1356 4208
588 418 6210
1548 2821 3840
567 316 8723
1489 1410 9986
923 1735 9143
2561 883 8598
3133 1577 6987
1918 1430 2160
488 1027 7574
3297 921 8771
2556 3248 5182
2361 1907 7000
3225 3572 6256
2684 2800 3823
2373 732 6931
707 114 2727
316 1024 4980
1565 2336 487
1192 3352 8634
593 996 7514
265 3599 2503
3226 3047 7028
3567 2423 4680
462 3364 3709
719 3219 6210
1271 1938 3331
1381 74 3744
364 1509 5757
2468 3113 1252
1408 1152 3898
2587 1973 4707
1440 1145 2411
620 1270 299
2122 3223 9998
2996 805 4572
2232 2346 9089
562 2924 2154
82 85 4977
3417 3422 4123
3531 3292 2451
251 2854 441
720 2021 4116
2726 36 7623
2574 939 1830
1448 491 8719
772 30 9622
2135 2051 4838
198 2300 1609
1747 1939 4011
3540 3112 4401
1136 2788 5840
1616 1742 8179
2290 1899 8484
250 665 2813
864 1437 7904
1060 162 4180
143 3070 2034
2210 494 9194
1084 231 5593
3470 2641 5344
909 2308 2153
3485 3426 6785
2984 3378 6825
2432 1446 1769
3522 699 3191
989 860 5939
3002 3130 7161
1622 376 1274
2204 1765 4164
3316 1146 9930
203 761 7619
2901 761 5057
470 3536 5611
836 1042 8310
1780 1115 4124
1206 1933 2639
2798 3258 6467
1783 2751 4109
1314 2275 8539
3114 139 5188
3071 614 2915
2293 2605 2727
3381 3334 21
723 2010 3433
1813 1258 3554
1932 2139 2163
2855 597 6195
769 2082 8553
2334 522 9734
2794 3281 9320
2300 1292 9424
1779 2390 6680
210 3159 244
3572 3003 4866
862 1462 7542
2098 2276 2053
1494 279 77
2104 508 8932
1843 1010 3172
19 1334 6970
642 605 9806
1213 3563 2872
1489 1713 8815
2223 290 9400
2003 3176 1223
66 2250 9063
2221 1331 3338
4 3563 7266
453 3428 2188
2842 1988 2803
1440 3523 868
767 1582 3782
1350 2903 9514
1589 3454 6831
2866 1465 1933
1518 1885 4661
2927 55 3129
3155 2914 3085
931 3274 6048
2001 453 1997
3237 118 1004
375 3533 564
2023 2912 4569
3456 2007 7161
1074 3529 976
1412 309 1239
3566 1088 7013
3149 595 5465
3181 350 7489
3391 2879 3173
1265 684 6316
2147 3430 4003
782 2771 6264
1140 1120 6936
2939 3586 6540
3230 845 2746
1604 2275 8423
3587 2066 9201
516 2630 964
3231 2680 804
2356 2 6968
1682 3379 8332
1958 85 8951
3070 96 9285
1511 789 7648
248 486 6271
725 592 4163
2432 343 261
105 791 9794
1851 3409 5061
1936 2861 7720
1361 714 19
2418 401 5229
2131 420 5413
2411 3014 4990
504 43 1975
1568 377 9444
610 2876 9136
2230 1157 9932
1953 2050 3026
1091 828 6147
3570 33 2219
3061 3160 7
3210 659 4046
853 3328 5923
73 3113 3757
1881 2749 5359
3131 1490 3907
220 1331 756
3140 69 4668
211 3391 8577
2241 1562 6671
2065 3545 2313
2665 2334 8126
2314 1740 3604
2414 611 9202
14 3368 7644
2144 323 9095
1264 35 2025
3179 2540 2743
464 773 6827
1059 1741 8874
2672 2303 1203
1542 2995 8901
3149 2310 5430
688 491 7749
2794 3280 2641
2813 3075 3457
2967 2861 236
623 774 152
1119 2718 5045
1421 2423 1792
2934 1928 5179
2241 1078 972
2158 3364 3814
831 2732 4629
1603 3020 2475
2552 2776 3202
2631 2763 7893
2968 3131 4450
1992 3328 223
417 3444 7409
954 108 8937
339 2237 6640
536 2603 7467
3114 1709 4416
2910 1759 1100
465 1495 3456
535 2269 9851
450 1104 1221
1771 2230 7891
2257 301 9257
453 648 575
2193 636 4458
1354 712 2289
371 1046 841
1705 475 2743
2710 2109 7454
2228 2308 3007
653 577 8477
398 3162 9899
2506 2313 8123
2109 1711 9148
860 334 9226
793 1077 1178
440 1988 1803
1026 344 2211
805 2273 4778
979 107 8145
2534 1630 2448
2905 2643 572
3005 3092 6411
901 1658 4002
906 640 6747
1557 3195 8574
3401 2524 2625
3064 3214 98
2285 91 8984
183 647 992
1421 3047 5559
2096 906 4600
1449 2371 6533
1352 2120 1821
3595 1841 2616
2669 59 6517
1898 22 1644
635 405 2239
952 3264 2315
192 1005 2013
207 213 3781
2054 131 6404
149 929 7370
321 1587 5971
793 2202 2560
2379 1712 6949
2880 1903 8162
1584 2400 3572
85 1685 9953
925 884 2245
764 2889 9844
12 2423 2695
1916 2036 5125
3292 2024 7805
3043 2976 2070
251 3229 662
2072 1839 2805
2535 1316 4783
2771 242 7257
2321 1894 6961
168 140 6478
2980 2633 19
3349 747 8005
3209 1908 7235
3551 1665 4349
3156 1894 6443
3473 3182 1281
3173 1897 6549
575 2287 1998
1504 1150 6787
1299 431 4204
2379 3309 3230
2782 1042 5773
1314 1683 2695
1667 2486 2105
2921 1564 3384
3391 720 4004
2566 2051 5138
1547 2813 7550
2870 3440 4917
2385 2204 3807
241 3022 5953
861 727 4409
429 2954 3199
1492 1537 8801
2435 3314 886
1970 2978 4678
288 133 9324
3438 795 8762
1339 1043 210
1208 1235 8466
616 1114 5762
3046 3200 3144
1957 26 5034
616 1484 1779
2100 376 6003
2317 2694 3888
1420 830 7709
1317 2040 5583
1807 2827 8303
3054 2458 8751
1556 466 8901
1707 1502 5163
2029 672 9253
1833 1572 9732
1507 1534 848
2942 410 2911
1485 1612 5629
2500 732 1447
3497 1357 7669
323 23 8583
3202 1692 1249
867 2762 5163
3156 690 7902
187 485 6725
684 2466 6446
995 2391 9550
3383 1084 14
2719 331 2946
2555 2255 4162
70 2665 8497
1390 1091 9153
3009 732 335
606 1900 1440
3505 3092 6719
2649 2577 890
2700 2702 3613
1695 1924 1905
2697 1485 311
2274 1931 4517
2455 1767 2685
646 793 538
3072 449 5360
1415 1728 2459
1990 940 7468
1038 2476 7288
2666 89 1635
1830 3482 7695
197 878 9684
817 1857 9764
2807 1165 2577
1709 1587 3591
1608 1465 8500
2108 2554 1052
2281 1940 2274
1843 2238 9682
3281 3126 4323
2265 708 7879
886 1661 8148
2173 2195 2933
2647 684 1589
2 2456 4809
1294 3270 3873
406 3485 4750
633 1822 40
523 568 9108
228 254 3734
2211 1510 9056
2410 442 9690
1877 1743 4216
3600 3434 6303
1383 466 3235
3341 1578 597
278 51 9729
2123 909 1622
2916 3008 8078
1392 902 4094
857 3264 472
440 2591 2677
1659 2619 8176
2843 925 9298
683 841 6607
927 2654 5753
3551 413 9396
3279 1179 6027
3336 183 2724
1549 552 4982
1769 3469 2458
2012 1286 5034
2384 567 5888
1851 2937 7265
253 1589 5263
784 2296 251
370 471 4766
2554 1964 8411
972 1688 852
3087 3166 6957
3491 1178 747
68 3292 3647
794 263 8391
2273 194 4713
2449 3138 5737
1061 2280 1164
1900 98 2407
2137 2885 5466
1312 2966 5569
2178 234 4462
1676 1661 7011
2569 1148 2964
2712 158 3159
301 387 1195
1884 1395 72
3210 2873 4569
998 2695 5880
2663 106 5273
2698 2900 8510
1029 1136 6526
1775 751 9545
2355 2601 5369
2235 2900 5234
3598 848 2801
1913 2571 2469
2277 2297 3170
1896 2783 4793
2575 3561 4015
2799 430 4643
1202 934 9565
326 2450 7623
2685 2515 3996
1689 3128 9331
1402 1432 9444
3534 2955 3756
2470 2063 8444
810 2450 671
1415 2495 5142
1944 1501 1306
2509 2862 5273
2174 471 9869
2020 289 122
1421 430 9104
82 3383 9336
1852 2029 6059
1311 2035 8013
2028 77 2418
3593 2772 1547
94 3444 7055
2760 867 8789
220 1753 3039
1997 2772 986
2342 2033 2135
2113 941 6779
35 3437 5095
129 1460 1587
2118 3036 3907
1872 2786 5578
2375 1321 7047
2032 2683 9629
2684 3020 8691
2599 1647 4823
1428 306 8358
2802 3186 5647
1852 2063 3181
1023 2134 9079
1873 46 4
1766 1514 3565
2909 3479 6295
1076 794 6478
3158 652 1219
3479 318 2693
2300 203 2157
1710 2400 4101
3595 2567 2953
2704 1969 8256
732 1605 544
339 257 641
2855 2271 3555
91 1685 1307
1692 1947 5807
410 1876 6245
3374 2209 2096
996 3221 2172
748 258 346
677 1630 7636
2753 2961 6652
874 2426 8795
3562 484 6679
2579 3379 6230
3098 1208 7977
1617 2923 3660
2078 259 4858
2182 771 1197
1216 1603 7377
668 3404 1757
1090 3014 1252
2944 1823 4191
3406 1773 4915
2299 42 4878
1781 2592 3533
2112 889 960
540 3010 2738
1460 3048 1771
2313 2468 9977
3128 249 554
2911 2531 518
2978 2668 6778
2613 684 5101
2468 2994 7940
2812 1267 3619
3568 2117 5874
2600 1305 7950
2404 3299 7405
258 547 7996
2920 2477 1973
1556 1742 7384
178 561 7437
3420 699 4990
590 2910 4853
1359 1279 95
2430 997 4246
2543 3078 5970
801 3410 9780
2311 2972 360
2872 3263 5210
1139 1866 2664
845 3599 5117
709 2765 3685
3013 855 5926
3457 1561 8090
1079 3432 2070
1039 25 2122
1155 400 6452
1874 222 2744
436 2027 4348
1717 1693 6912
3439 1703 5010
2656 2566 1394
619 2953 6854
1363 1544 5805
857 3141 8572
1548 2013 8291
3151 2916 9664
769 1875 2946
1864 1300 8630
1174 995 4233
1117 2320 5271
2620 2959 3552
3576 2902 2536
27 16 4494
1721 1155 1216
3395 598 8180
3555 1320 937
761 2089 5270
2834 3087 71
1225 2309 9527
3011 314 5827
1143 2135 4540
76 3058 81
1390 103 4958
164 2757 8141
2763 1855 7534
969 2162 8305
1965 1230 2162
654 1475 2589
3345 1669 8068
3091 1014 7610
3174 1229 4319
2093 2568 749
2271 2524 2398
3204 2929 6763
2426 3534 4466
3412 2861 5566
110 1085 7672
1923 2739 3233
2537 2574 157
1604 2814 2634
144 2045 6782
3048 3438 9729
2787 376 5913
993 1326 9528
2765 563 9280
1950 3190 190
2303 765 6192
1860 615 3328
2204 2772 8608
2237 1134 5974
1918 1541 2114
1979 2436 4011
1887 3053 3608
1442 1528 1378
495 2488 3752
2156 2148 1565
1729 718 773
2169 3403 7715
547 610 2820
690 2146 3844
926 1495 6227
2667 3353 7019
347 783 1990
2616 343 7671
3238 1686 1908
1495 2681 4423
1947 244 5422
1371 371 8668
2962 3239 5047
3169 2940 4511
2732 3427 1574
2052 3141 3607
2608 1689 1760
2048 1942 6920
155 902 9415
3459 2690 6709
2605 383 829
56 2895 5278
229 1975 6470
3256 1576 9792
2267 1281 7699
2143 1547 7426
3182 1715 7147
1294 2472 361
1145 341 9426
2034 2501 7566
3191 2028 3061
3410 365 9018
2857 342 3548
2582 2559 7680
3235 3236 3092
244 973 8283
2427 2867 9395
2504 3514 4504
2204 2618 6101
3400 1719 1268
3580 55 1422
673 3074 9146
1636 788 2882
1345 3548 9277
2772 3558 2780
471 3155 4776
52 1010 3317
1007 250 5523
3111 1489 9225
1625 3280 633
2449 1595 9204
359 1401 8511
321 1279 2609
3054 667 2074
3123 479 8949
1943 2296 4598
166 2597 5152
329 460 5079
655 3298 8657
2081 1768 1765
3532 944 1736
118 3395 263
3534 81 3852
2539 2056 6790
1925 1237 2830
2016 827 6297
1412 685 6102
65 1000 8830
3211 776 1423
233 1218 5471
1997 1886 3251
3249 3464 2499
1440 1246 899
2232 2312 9076
411 1841 1041
2961 3524 4910
1326 429 2137
1793 1841 1601
734 2019 3719
877 2450 3301
3047 1356 3400
1682 206 6281
2923 900 1973
812 357 9339
1652 1804 3299
3344 2270 5791
404 362 8037
1905 39 6304
231 1880 894
1496 2081 729
2278 1510 4677
1143 1087 7733
3462 1294 1426
1963 1101 6728
1648 2021 2427
1216 3437 4914
104 2786 8318
39 2394 2851
3180 2390 4631
3195 2994 5605
2198 2906 1667
2224 3364 9694
1479 2388 5541
2827 622 4815
131 777 7534
2329 2035 1260
1099 2000 7181
2835 1682 7815
775 1069 9086
2650 2044 4463
917 557 4054
863 1676 8404
1317 1381 7855
1928 3519 1957
1599 3096 7267
2236 1380 2725
1097 3100 8017
3111 3467 7400
2297 844 767
129 3525 3378
1618 1372 7748
2910 1505 9369
272 1389 5560
1400 1339 45
3038 1041 6788
3257 2062 5530
723 1516 8076
2591 2466 9152
2723 2597 300
3005 2589 1533
3212 1717 104
2511 1186 8971
113 925 2136
1853 667 62
897 1092 9606
1366 702 941
3381 1327 5270
2989 281 4653
2847 1125 4401
2386 2479 3485
115 2768 8490
2223 454 3955
1829 2560 456
1709 1127 9579
2479 330 3368
2653 2373 8994
2422 426 421
2004 785 9051
942 1406 5588
507 2403 7862
2803 1587 3718
212 3021 8057
1471 3328 9373
679 2203 6588
3270 3374 7474
2427 3051 4298
3548 845 5037
720 2263 2602
647 1633 1567
1795 1901 1126
2525 470 4760
636 1083 9404
2635 789 152
1312 2117 9561
3005 2300 753
2911 3423 2511
2846 3212 9862
582 1760 2381
308 1343 935
1385 3554 8410
163 940 584
2087 1962 2124
1323 3449 4681
3036 465 315
2022 3322 3325
191 1723 6668
2808 2893 8341
3047 467 1560
3289 1234 30
542 2629 311
3134 1468 3213
1348 2348 1056
513 3187 1007
773 154 3426
1824 153 8626
171 3308 8241
1945 219 5363
3245 3563 6860
1339 22 3700
358 766 3301
1083 3208 2821
3593 3188 4570
2702 1460 4274
441 1659 4892
591 1223 907
3529 1830 9826
1958 1419 2246
2858 1701 701
189 2027 3401
984 953 5523
105 526 1397
2015 211 4145
2253 559 4620
2548 420 7160
3357 2243 2436
705 2114 9631
1897 1524 6443
3586 3198 3628
1455 3301 4252
1473 3270 3332
473 57 3137
2030 3461 8849
856 2757 6669
2600 1793 6812
3270 3269 514
1854 3531 351
1720 3378 9674
1084 1 9114
3418 2828 3255
1655 3198 1794
1190 440 8898
154 936 1382
2295 2016 3232
1509 746 1990
1443 1601 1588
1428 58 7992
2781 3313 4714
20 854 5644
489 3176 5049
480 72 6889
430 1717 9609
787 11 2474
894 2460 3463
2390 2720 8864
2634 2402 5203
2124 652 6497
2360 1611 4342
731 444 8054
299 2160 9205
2143 2944 8055
1413 1211 7973
2145 872 5585
1939 689 4386
1767 3292 160
1641 1876 4429
2153 1615 4238
2556 847 3332
2357 87 6716
3033 2947 3368
86 100 2937
3173 1114 1458
1399 2178 5855
52 2601 39
2697 2531 4635
3204 58 635
2921 2515 4367
590 3228 5269
2024 1948 8772
2112 2755 6226
86 376 7251
898 2614 3129
195 2428 9679
751 2592 2302
1028 326 1931
1598 437 980
1591 3034 9247
1615 1513 8905
280 1035 8683
3336 1920 2383
2517 265 284
2828 3507 4172
3031 2241 2466
2920 2050 7550
1011 3127 9078
2780 3576 7785
3496 541 9402
1452 2859 5813
309 1491 4853
973 128 2681
1879 2077 3931
1102 1016 9915
357 1365 8642
3408 2015 377
1675 858 3303
1949 1309 1298
2541 2919 1577
3227 151 1207
2352 1121 5164
978 1757 1467
2725 2399 3938
54 1171 3154
2038 1904 2080
2882 740 2990
1643 1346 6985
3466 536 6678
722 2933 5239
3148 1997 7992
1301 1807 1994
3095 3566 4171
1411 1079 9263
3269 817 7039
2124 3145 1749
1662 2618 1985
1654 813 6771
3129 1938 741
1343 2686 6448
3192 2636 4053
1233 719 2716
2650 1178 7301
2712 3144 9081
3287 1478 3598
3523 84 1866
1523 130 7347
584 2767 1314
3066 865 486
2275 2495 6647
991 3238 913
1008 1700 56
1526 1048 7571
1264 191 4270
1850 2107 7428
1960 492 4942
3372 3481 6354
2801 3310 3386
930 1041 7288
410 2744 3850
2469 2691 8464
3275 2127 8617
1540 531 5122
1958 1550 5233
1000 2585 8921
2168 3041 9660
492 1994 1559
3418 3339 4959
2252 1561 1534
2692 1890 232
550 2595 1103
2502 1809 6526
874 95 6501
2390 2846 2576
2797 1264 3073
2409 1373 3336
775 2428 7257
1542 3220 7313
2213 1233 8433
1413 903 951
2850 2224 6346
1227 2757 4271
2973 2788 8487
95 322 7969
464 269 1496
2342 2554 7869
183 2380 4183
3435 1879 8002
493 2633 6036
38 3028 163
3363 1584 3575
2696 548 9203
1875 2292 6336
2392 2676 5735
1179 3592 3534
2974 3575 3663
2576 1776 5946
769 1573 2725
453 3221 2624
2725 2022 4689
2701 1582 4567
3141 1825 2299
752 3500 550
2373 1498 5238
947 752 6902
1379 933 8934
1628 977 6805
822 1412 9149
2037 85 9481
1810 2192 690
3408 390 3274
1407 996 5620
1704 1880 2687
568 700 5279
3125 3432 8753
1848 219 54
3209 2244 3617
2443 1325 1265
1752 973 8827
1961 3439 1811
2406 2258 8392
1864 3196 3389
1222 3484 1208
1938 2607 1096
3593 1835 8255
2933 2475 5843
790 3088 7525
1954 1424 7440
796 3133 9771
1406 1701 8650
1834 580 493
3532 1058 4060
836 2307 3924
2617 3183 7583
2297 3144 36
1375 2872 8129
3068 2855 6429
164 3206 2904
592 2908 9149
1878 1773 9786
2485 2445 9618
1291 2447 3399
2048 713 3667
3546 3232 295
32 2688 3814
118 941 1117
2957 2416 5995
12 1079 5428
1789 2433 9351
2403 633 4464
2491 2331 7285
3314 3493 1922
394 1112 480
803 3546 2794
1373 844 2983
2683 606 664
294 2113 1242
1807 1981 9793
204 2837 5565
101 732 8446
3377 2249 6008
1574 956 7725
534 230 4824
43 346 1177
1962 1366 9816
2681 1948 8572
1810 3577 8178
2048 1985 3300
2360 212 1460
2086 2335 8336
419 2706 3287
1876 2543 4352
2047 833 8964
3420 1745 6294
659 383 2230
1431 260 8765
1866 2751 9664
3245 546 9853
919 340 9929
729 1443 7147
1775 22 8614
2292 1968 3676
475 1295 7174
3595 438 7575
3552 612 6158
2869 2439 4746
1920 1577 1601
690 1237 5951
728 2273 3683
2141 659 4173
315 714 2472
27 1161 8409
424 3280 3694
621 1875 4076
3170 1920 51
1448 86 2529
2511 756 4691
3330 2748 9897
1340 1977 1713
3200 529 5524
3356 2195 2155
1815 1514 5270
294 605 6841
77 3393 7120
1332 3490 2817
460 2620 6482
2978 1 7761
1071 1158 6737
2942 1617 1106
326 3107 2282
1117 825 3634
3532 2127 5381
3521 718 8724
175 2177 1830
557 1211 9937
1895 2151 6463
2615 1083 729
1803 598 2318
2574 446 8864
1264 3231 8436
1087 3226 3610
1003 3385 2213
1608 665 6916
2127 2661 4841
199 1446 381
1728 2768 8668
2396 238 9200
788 2877 8277
1 597 2966
3307 1214 5069
915 1806 127
2587 1530 6704
52 814 9089
430 1724 9100
1806 1810 2966
3462 3305 3025
860 1241 1687
3424 98 1730
860 2337 9116
1127 12 2749
2226 1918 1612
2733 1462 2972
1611 762 8324
3110 2829 2911
2006 2198 27
1324 2479 1654
1418 509 4806
3132 1064 4976
3259 3042 8749
2692 2755 6361
1270 585 238
1116 3467 3841
303 2506 9795
2643 3554 9936
2397 2388 9330
1990 1026 7689
1377 2529 4931
2866 3109 5146
1087 19 6789
1422 3583 2131
3356 1786 9357
154 3087 8319
265 909 7342
2479 2691 1345
1567 1083 5636
3246 3299 9149
1829 2280 5038
2428 1278 17
1909 2682 5729
1037 2184 8830
1571 1247 694
3576 3156 912
1064 836 7845
2576 1429 1899
884 3280 2989
2658 1219 5330
2512 3043 3189
2595 2608 8530
2745 3109 5736
2530 572 7962
1103 1742 3413
132 804 8961
1151 36 3178
2452 2310 5898
660 1900 2858
3437 3545 4209
1883 241 5917
2513 3058 1
2569 2951 7376
469 1211 9282
1416 1267 5228
1731 965 893
2579 330 7945
1191 150 8227
1151 2082 3602
1874 1468 5973
509 1206 3721
883 573 4573
1744 2452 7659
1191 1243 8569
3350 899 390
266 2649 1611
2655 1610 59
3236 422 9358
2445 837 7534
3596 1493 4444
421 1027 7649
1734 2584 8842
3322 443 3405
710 3558 5493
3197 261 4901
3450 18 694
2825 1456 4551
2818 2455 4200
3516 3581 2893
1445 1280 8449
2244 2901 4965
1968 2756 5026
3278 215 8665
2951 3134 7239
3447 3112 5169
2132 337 4028
3399 223 2153
919 2784 8360
3190 2399 9171
1071 3192 1351
3140 3383 3021
2979 1340 5190
2556 3486 7652
1984 3149 8231
2442 91 4103
3035 804 1085
2225 3548 5932
2173 786 3065
2149 1963 6633
419 2464 7983
1322 319 1419
2965 2531 5101
3483 2283 5529
571 572 9149
2430 292 191
715 2907 6569
3213 1454 6508
1036 2321 8166
1449 45 4102
2586 2039 147
837 137 8312
1696 3453 3168
1152 610 2064
1002 1186 6036
2692 2440 2306
1981 1225 3231
533 3458 5458
1192 456 7199
3015 1749 3370
3423 2775 531
2324 882 2735
2301 1005 5203
219 869 6955
2143 72 6293
1102 1864 8952
465 1082 3304
2576 3154 690
3096 259 5774
3054 2642 1582
1008 1016 1771
2914 1252 3101
3168 1097 1115
3108 818 4553
2039 186 3337
3197 1880 8688
244 341 615
838 2268 9542
1606 68 3050
3478 2424 7771
2348 615 7718
3315 286 3192
707 1331 4981
843 3414 489
1916 2397 6980
742 3262 2354
1351 1222 3304
3379 2196 9537
2996 3472 3873
67 2408 7554
1250 120 4740
1841 702 2773
2080 174 3827
341 1704 7280
163 1459 425
1143 2342 8360
600 1190 9694
2813 3142 6536
315 1381 8847
964 1452 5499
844 2491 95
1968 3405 9957
547 669 1281
540 2367 9570
862 1702 5673
172 605 2566
1561 1962 4166
1510 1483 481
1930 1267 348
3183 1332 8746
2447 1259 9129
2311 848 8739
3297 206 4181
2111 2009 9852
672 3182 487
309 2074 5312
884 1010 4029
1625 719 6533
639 1203 9203
3551 1675 8240
1181 997 5301
1774 3204 6278
2740 1960 4265
373 2590 2157
700 2355 3349
3424 1162 1901
3416 2715 8181
2866 1581 8572
1760 3015 9522
2510 606 2878
323 3487 9708
3303 227 2819
2114 2106 5880
32 3058 3063
2994 2579 5535
2818 2698 1409
1991 2955 9575
1727 1108 7569
1287 1397 8665
2169 2236 4938
2705 828 1076
2349 615 8562
2955 2629 6132
38 2191 6401
3128 48 9652
774 1965 619
3220 1594 7540
2909 87 5152
691 1571 1059
926 1818 267
2083 532 7936
1165 3191 3152
3062 1645 1592
1031 171 4978
302 844 4712
3237 1296 9195
2889 995 5452
846 2747 49
1527 1823 6796
1531 2489 6153
3411 1435 3844
515 3294 2492
3092 1040 4746
433 90 5375
1814 2144 1894
2753 951 3801
223 1802 1892
529 1803 7854
2208 2944 1990
312 2515 4890
2478 3534 8974
878 1491 2414
668 7 8079
2202 2852 9641
1210 2526 3276
1072 3328 9385
1985 3149 9549
1128 1627 165
2376 1091 4756
2523 1849 1587
2699 612 5733
1797 2002 1223
184 275 2854
2943 3393 4139
2526 405 3585
625 143 9260
1423 1195 7283
2853 2675 4716
2534 1596 9574
3523 1102 3046
3255 520 4329
3252 2272 6199
3487 774 6916
1228 1952 4968
432 2926 5025
237 1370 4792
1758 555 122
2037 3343 7696
3286 1694 1963
2296 2815 1559
1722 8 8361
2433 2331 5583
3491 552 451
693 2354 5925
2351 1246 6653
2443 1436 5366
3038 2712 1820
1826 1995 9023
1311 3574 5886
62 2378 7700
3086 2825 9526
2603 948 8941
1867 125 8240
2579 1221 2190
3541 250 5553
3411 1695 5197
2629 2042 1520
2102 3346 3785
3414 83 7962
3288 1329 5114
871 3205 3667
2082 1151 6824
3470 3014 7409
2546 551 764
3524 2258 1187
1942 1028 3667
411 1421 3718
2449 1693 8160
1423 1002 540
3517 1752 1150
2345 2147 4508
2196 3182 6339
3247 652 8734
1449 1209 3389
3190 2699 2660
2551 1302 4112
2682 3063 4096
2394 3559 6152
2237 2948 243
2648 1546 3029
3342 567 2575
2055 2247 9391
824 1145 2954
790 2815 5928
406 182 9743
2721 1130 2194
2616 2986 5178
790 2461 7099
3485 1191 6242
3367 999 9233
2262 1903 1350
3452 2731 4237
1125 2035 5028
2979 3000 4755
1749 749 2083
299 126 1540
1227 3030 3345
3246 3119 8574
2921 58 9892
983 1538 8162
2222 1375 1334
2073 1380 7321
2227 3569 780
751 889 3087
271 2646 6098
3025 1545 9087
2730 1370 5059
868 2440 9472
1003 2152 8672
2463 225 6645
780 848 6919
2374 2468 8442
2359 1853 3139
3304 3504 8496
858 884 2071
3481 2518 1112
1709 851 1386
566 712 8149
2080 857 8074
1232 1837 6903
2982 3388 2237
1080 1261 2926
567 3230 2091
2160 162 1560
1151 1578 9138
1509 838 5280
2464 1335 6911
2527 107 7908
442 3354 1741
1695 1492 4012
281 1545 2068
515 3599 5768
2583 1915 8460
2693 1198 7125
2329 2427 5936
2499 657 427
2069 2137 3470
298 2211 721
3049 1411 2627
3380 1542 1169
1509 706 980
592 283 2122
678 2796 5489
1124 1706 6454
854 315 635
200 249 6992
781 1223 4247
1507 2814 5954
1948 2231 4270
1339 1109 1010
2107 957 6483
1525 853 9266
1593 1485 6041
3364 868 4397
54 2959 7239
2324 2668 5116
2476 2926 2296
595 1588 3176
1510 1445 1901
51 1914 3663
3266 1323 2973
2762 3213 473
3156 1842 7634
2247 290 9848
2668 2371 853
610 3036 1314
3443 555 5596
1505 2553 8355
935 929 1568
1678 189 589
2229 2981 2716
2421 3279 4619
617 3516 8315
263 1760 5405
2276 3416 995
1945 1568 2005
2562 1494 5503
48 121 106
827 1147 7190
373 1824 7414
2703 2426 8468
300 655 9354
74 1524 1510
836 1116 4610
42 2709 1251
1240 377 8297
1687 1632 7160
1567 1506 8497
1697 642 2059
1283 1580 5462
3585 501 2005
1700 473 4681
1000 2467 2530
2077 2450 7836
2893 2261 1742
1560 2006 9773
1946 813 3615
1614 1175 5396
1353 2092 1142
1777 3236 4873
3518 2668 2359
3469 3248 2080
3148 3458 6635
2354 2063 9069
664 2733 1360
2491 419 544
541 1132 836
1347 2326 9315
1365 2248 475
3141 3137 9972
235 962 9005
2136 2838 8275
892 1212 4435
3430 1470 468
3073 1912 5542
2480 1678 9100
3008 1177 2782
3242 1480 6259
2179 3058 5565
930 2194 269
2866 3388 6294
2101 1074 5182
2295 400 5878
1851 682 3076
2122 2882 8196
849 1211 8473
3542 2491 6361
1209 2103 357
170 2984 58
2177 3314 1771
1498 3065 880
1891 2038 72
3237 834 7850
2316 2101 2388
435 2814 2187
3513 58 2626
3058 2250 5355
1644 1987 1421
476 1126 1647
1860 974 2013
2975 1009 9357
1443 3042 1478
105 512 225
2076 1714 8412
3592 3155 9205
808 1603 1847
2775 1545 4091
58 2138 4509
2855 2772 6769
147 2554 9937
2531 2895 6670
2374 988 8906
2576 871 8249
1489 995 2750
3346 2953 8759
3461 2320 4458
1132 3567 4793
1349 1206 6130
551 2607 2341
2142 1989 5522
2740 2604 1403
2648 3466 2962
2042 727 4076
216 2542 5216
594 2745 4398
99 2587 8390
547 2176 8843
1434 3282 2924
1761 3090 5462
2992 702 2081
815 514 6937
952 3509 7203
383 1360 3981
1084 879 2920
1767 437 8337
3259 2326 8697
3184 2171 8621
525 33 2968
438 3177 7381
3110 1132 7037
1983 1175 2858
286 3381 3681
1185 1116 7723
2142 2212 8846
664 1155 7082
35 1772 5043
2860 3530 8474
2112 863 6906
240 612 2507
664 2377 2621
974 827 3067
3578 598 3869
1371 1512 1183
1697 524 4624
2675 1842 3014
2810 1306 673
2434 3576 9338
1358 1362 1781
840 588 7015
3077 861 7025
3443 3344 477
3494 1434 3052
2548 1719 1530
38 3391 4596
2322 1827 1208
1423 3510 4724
3282 2211 2449
606 2395 5436
2172 3262 9429
3197 1910 5630
945 3293 5314
815 751 5518
2821 1294 2116
2088 1791 9244
68 1689 9297
412 1807 6653
3256 419 3598
1068 2024 4508
2523 3385 8604
863 146 7554
232 1730 5060
2645 1005 5442
1612 834 9961
957 1022 5211
2027 3208 9882
1912 381 9380
1657 703 9011
117 712 5555
2600 2500 2964
3148 1675 648
1547 1393 2716
3324 294 2472
1404 3519 2017
1483 1816 8710
2840 2073 5183
1716 481 4807
2647 2847 7625
597 416 4665
551 1051 1466
948 1105 659
3350 3392 5273
1601 2327 9505
1966 508 5195
3031 2462 68
2736 1575 4652
1333 1118 9760
303 2149 7236
1723 3026 5835
590 2585 4830
1649 3574 1761
738 1644 1721
1071 2283 127
1004 1704 5737
2542 1558 2801
3530 1498 314
2133 2189 5197
3211 1340 7348
180 2975 1125
1302 1986 1204
3368 2977 6399
2393 1391 4498
3016 2872 2402
2318 3119 1565
2024 2040 8442
569 665 3925
193 2457 7168
114 2252 6787
2705 1157 4374
1633 1136 2542
411 3295 2591
333 115 500
1303 136 6169
3171 2756 6967
1394 1971 3762
1628 1047 8245
2588 2164 6524
1530 3071 7416
359 1507 9010
2118 1387 7234
2127 114 8077
617 292 6922
2070 2547 6903
1232 3363 2863
210 725 8024
2534 1830 8266
2489 3128 2004
1545 668 2371
2534 3525 1584
2571 2580 3293
3566 3025 779
1933 2405 6637
697 659 8671
3274 3210 4599
2962 3320 7826
1518 598 5826
3305 43 4786
1806 2775 4904
716 3130 7526
3055 1510 2647
2367 2442 9891
432 3459 8899
1752 3396 6060
2286 1725 2877
2694 1140 7416
1782 2409 9131
3497 3045 3423
560 3492 1063
1810 2504 3892
352 902 2590
2129 2220 8001
1379 312 8798
3561 76 1008
1248 2506 7980
383 2840 4480
130 521 6907
2807 2449 6372
1947 171 400
1522 1388 8122
2183 1474 5788
2460 851 9550
3260 3017 5529
1121 2712 575
181 858 6056
3021 714 4692
1381 320 9475
139 1294 3754
2259 938 3137
3071 3115 1908
234 2702 6667
1786 3117 4816
3189 1205 9715
2287 2330 3215
2816 702 2650
3318 1099 6894
13 1508 4399
2626 1842 440
369 2284 6955
2867 355 8302
1007 491 6317
3422 558 1737
3269 702 1819
2288 3376 2451
2263 1246 5971
3470 3253 3600
2837 2497 6303
2413 1025 9868
1074 588 398
439 3338 8108
1012 3537 1259
3464 2098 1743
642 352 2707
1335 1644 6001
1706 45 9306
2325 2822 8066
2158 1315 7712
648 2729 6943
2813 2267 7305
904 880 7137
2390 1806 4825
3051 404 1824
2614 2061 2035
2813 2436 2679
2320 2055 9472
2653 1243 4162
3277 452 8310
2546 1123 2623
3174 3330 4708
868 2238 674
1625 1003 5518
638 2799 46
1558 3554 2190
2677 1953 3260
2330 230 3140
1729 471 9997
647 1384 5028
379 1760 5237
2580 576 9357
2593 2539 7002
3097 2997 7653
2235 1774 4879
1521 851 6883
2140 709 4069
3559 1571 6193
522 784 2806
797 3312 8280
884 235 6281
552 3207 4962
2404 3316 9340
3450 997 6112
2834 590 4220
2050 3281 3100
2900 3006 9730
3365 2240 8005
3070 3011 5656
3082 1820 637
2486 43 9956
3494 3436 7011
851 1749 359
1574 1572 702
3305 3559 2248
1682 3587 4785
3193 2225 2184
1806 1977 9237
2507 2274 7377
2853 366 2618
1910 225 9952
2619 1227 3483
2829 734 1057
3489 2608 6959
3090 454 4021
2755 3193 385
2609 403 6180
3357 928 8530
161 1931 7233
1662 3371 4783
2177 2185 4674
1234 3122 59
3004 2162 771
1861 926 9933
1835 1773 7067
1999 1952 8128
1118 2687 7941
338 3219 1355
2341 2814 6169
2203 1474 5079
1008 3532 7358
2946 1256 1833
2192 2603 9735
465 1655 2469
2166 1537 5195
642 1232 9593
684 1641 4421
622 1225 7493
1611 3599 5082
3430 130 8738
1859 3266 5144
1732 1055 2350
1877 1882 8988
3220 3569 7843
2349 131 7179
3316 2918 7531
526 3365 7290
2542 2579 8488
3052 3008 4643
656 906 3397
1371 1547 3164
982 334 8138
3169 2412 119
1905 95 3552
3022 332 3347
2003 1297 912
1609 1284 266
1061 2227 6141
3581 180 8997
1262 1627 7827
2860 2878 2953
939 3463 9926
3348 744 4008
2490 879 253
320 3593 9558
75 619 258
1293 191 9409
3383 2694 3653
1529 1629 4676
219 2146 7183
1784 707 573
2319 1815 1119
3185 1428 5376
269 3363 8420
2113 2061 4882
1748 2150 2073
2127 1048 5071
571 1019 6826
2525 2675 2135
2243 435 8331
920 2011 988
1973 29 63
2743 776 8727
2143 3009 2146
1104 3509 6040
2468 2805 2857
2482 2465 5673
2540 1400 4956
2410 3472 8403
1998 1072 7442
317 2973 8560
2480 2033 6684
691 2906 3420
1855 1473 5709
1407 2404 6469
1126 1529 9538
374 24 5953
2477 1268 6445
2415 3248 872
1205 2523 244
1415 2107 4416
2971 149 6971
1335 758 5915
2759 56 3220
1140 726 4103
1356 144 9760
572 2316 6573
3301 2341 7707
1696 1528 9642
2007 102 7591
3212 556 865
1646 742 7086
1815 3444 7719
264 2462 1757
1788 3021 8294
1772 1903 4461
1531 1511 7534
2913 133 9821
1888 433 398
242 2513 738
1077 1638 2341
3410 2982 9876
2361 2181 2065
3031 2068 5643
1685 3524 4932
2298 1647 3822
3314 485 4866
1416 3023 878
982 3173 8656
2100 1170 9448
2158 192 3649
3132 3194 8439
2939 1967 1800
1126 2749 5186
2424 1695 3202
2504 2468 9837
2524 2653 3610
3015 3132 2599
343 1390 8817
1700 2190 5854
305 1500 8342
3035 2009 9348
1859 2228 9163
2068 2909 1274
347 1348 7905
2613 2654 3347
231 2047 6322
2303 3284 4555
2063 935 870
427 3148 3893
2584 533 1698
3031 2351 2963
962 208 3248
1293 3291 7562
1400 3131 1401
2271 3010 9021
101 3557 3534
2729 359 140
3107 779 7544
648 991 9217
1904 2666 3609
1088 2489 6910
1260 2095 916
2089 973 5418
3428 24 1056
2658 201 6144
1515 3566 5162
186 3468 3822
2059 1441 4410
3562 555 1042
93 1876 9432
3125 1382 700
1 1406 2926 7766 137
1 1189 2539 8903 1476
1 2474 2137 7628 1583
0 1768
1 509 3409 5296 435
0 663
0 2220
0 153
1 22 1292 4250 1901
0 1160
0 2134
0 1311
0 768
0 6
0 558
0 498
0 1861
0 28
0 284
0 954
0 1349
1 648 2792 3422 2235
0 56
0 1619
0 694
0 204
1 2729 1901 6053 224
0 1845
0 2153
0 1997
0 1830
0 927
0 160
1 625 1230 7460 2118
0 1354
1 3032 622 4390 1622
1 806 1290 7265 2146
0 535
0 2028
1 3414 3503 9499 1305
1 3102 3145 6615 1262
1 2275 2225 9324 1182
1 1187 514 3562 1709
0 1968
0 1890
1 2420 3498 3204 449
1 1818 1400 8702 1606
1 2048 675 5421 1097
0 1113
1 2207 1650 3598 1772
1 2446 3337 2040 1862
1 2733 2809 2528 158
1 2229 2814 8996 1016
0 560
1 662 3023 5433 739
1 2200 2528 4342 979
1 592 3358 1973 553
0 646
0 394
0 1934
1 2466 46 5629 464
0 2021
0 1787
1 48 1113 376 2228
0 912
0 1061
0 2253
0 719
1 2747 403 2803 1684
0 2074
1 3353 184 4304 896
1 3388 834 4593 1020
1 818 1175 2029 1026
1 930 2922 6587 1734
0 1935
0 480
0 2049
0 621
0 1129
1 1631 3061 3986 1322
0 429
1 3438 2072 9906 72
0 1316
1 1004 1507 9912 1766
0 599
0 1120
1 836 1047 1600 1443
0 2260
1 3298 155 4986 1412
1 2659 331 7570 1543
0 2026
1 253 610 1550 2209
1 363 2157 3298 949
0 720
1 205 3213 3047 1268
0 48
0 561
0 306
0 1546
0 911
0 354
1 2422 1223 4804 2173
0 399
0 459
0 940
0 1574
1 2221 1296 5211 1838
0 1673
1 2615 588 6550 633
0 934
1 1388 1246 5886 1135
0 1108
0 1995
1 1323 1633 4835 2014
1 1288 1982 4526 1715
0 1532
1 815 359 6358 2075
0 316
1 2792 2464 3778 1807
0 42
0 2119
0 1463
1 1942 3560 9192 1841
0 154
0 1654
0 1642
0 1465
1 3061 969 8175 677
0 602
0 1098
0 1777
0 1575
0 499
0 1494
0 1810
0 1519
0 1550
1 2709 2990 3853 924
1 348 184 1873 861
0 2206
0 847
1 1128 3173 5197 836
0 814
0 25
0 2050
0 66
0 524
0 1226
0 1462
0 339
0 1092
0 1982
0 1285
0 1266
0 143
0 583
0 331
1 969 134 7003 769
0 1693
0 729
0 742
0 1533
1 1285 917 2347 1675
0 1737
1 3134 1361 8395 1988
0 2002
1 2782 216 6251 1145
1 1604 199 4893 1409
0 1723
1 3204 3474 9844 1119
0 1630
1 244 1179 883 576
0 1134
1 3195 1489 7967 199
0 1680
1 1581 2399 5700 787
1 3252 3042 6886 958
0 595
0 1320
0 2140
0 1553
0 1231
0 909
1 3107 3179 3080 2267
1 2545 3 8138 1270
0 1251
0 1591
0 980
0 2261
0 1080
0 765
0 1844
0 148
0 1469
0 134
0 1363
1 916 2270 9347 1965
1 1846 853 3510 692
0 1112
0 1023
0 1563
0 996
0 656
1 854 2188 6360 420
0 1661
0 946
0 1634
1 175 1088 5775 1939
0 1301
0 461
0 1241
1 2455 1870 258 1009
0 1505
0 457
1 1482 525 9835 1919
0 361
0 518
0 981
1 1558 141 8190 2058
0 1161
0 10
0 1373
0 288
0 2135
1 2291 1319 938 923
1 183 2129 3662 1486
0 1395
0 335
0 994
0 1609
0 1204
1 924 1908 5614 1272
0 1400
0 745
0 87
1 8 2071 9555 989
0 1304
1 1248 2023 47 900
1 1358 3079 1003 1511
0 1643
1 2535 2311 7035 1089
0 2249
0 1370
0 598
0 465
0 827
0 251
0 1735
0 802
0 1802
0 2265
0 1291
0 1738
0 304
1 907 2407 5431 2141
1 2620 1641 2906 869
0 1024
0 554
0 367
1 2211 1329 5514 188
0 2051
0 509
1 3530 2248 6553 314
1 1212 1377 751 2105
0 848
0 936
0 1513
1 3068 2956 221 1049
0 998
0 1916
0 396
0 1610
0 2239
0 1281
0 728
0 155
0 1472
0 2236
0 98
1 3367 391 5251 1173
0 1740
0 1025
1 3353 1763 8529 1441
0 1482
0 2203
0 212
0 1276
0 1760
1 2655 929 1495 1761
0 2222
0 96
0 290
0 2070
0 1672
0 2042
0 1811
0 824
0 169
0 2060
0 1998
1 3367 3403 358 1140
1 368 889 8048 643
0 907
0 1625
0 1753
0 278
0 1508
1 1326 156 514 550
0 222
0 555
0 1389
1 2781 578 3293 879
0 628
0 1918
1 1133 3272 2827 792
0 2040
0 94
0 325
0 1499
0 1183
0 1048
0 2150
0 799
0 665
0 11
0 49
0 1464
1 1222 7 5019 34
0 2010
1 1682 3160 2124 1013
1 1630 1648 8274 1984
0 2273
0 937
0 2111
0 2151
0 1510
0 1492
0 716
0 210
0 1215
1 3202 2427 6214 1957
0 73
1 5 308 4533 364
0 1614
0 1655
0 2086
1 370 72 5958 891
0 1
1 1929 1278 3036 823
0 1393
0 1207
0 2057
0 65
0 774
0 1072
1 3460 3400 8007 2184
0 559
1 3555 957 9095 1195
0 1878
0 532
0 261
1 2741 1644 9883 752
1 305 1255 8006 2017
1 3070 1328 2902 2125
1 1909 701 2299 1726
0 1224
0 1314
0 525
1 2593 3282 5987 182
0 1720
0 372
1 3057 1729 2162 1192
0 242
0 2121
1 692 2717 4881 878
1 133 2166 2594 1293
0 497
0 968
1 213 1210 8734 2039
0 725
0 102
0 1238
0 1315
1 420 2184 1371 840
0 1277
0 669
0 2207
1 3322 269 3453 152
0 541
1 2937 2295 1241 1355
0 180
1 983 2392 993 1703
0 864
1 3217 3554 2496 1695
1 2257 2332 7448 436
0 1617
0 1663
0 454
0 1164
1 860 3220 237 1555
0 1562
1 3047 699 1338 834
0 873
0 798
0 1514
0 1308
0 462
0 1963
0 1598
1 1526 2037 7603 1046
0 1515
0 1051
0 1362
1 640 2060 1995 502
0 1198
0 1340
0 1977
0 574
0 1887
0 1706
1 3493 3397 4792 510
0 337
0 111
1 1808 1255 6661 2103
0 475
0 1130
0 1691
0 1402
0 629
0 418
0 698
0 950
1 770 2244 5270 804
0 425
0 2256
1 2210 1088 592 2031
1 2182 3021 7835 147
0 2183
1 572 2196 9753 1578
0 5
0 701
0 2018
0 767
0 1837
1 142 1923 9061 18
0 201
0 214
0 495
1 723 1377 1478 1843
1 2124 2533 6013 1073
1 2118 404 1250 485
0 885
0 730
1 590 2199 6807 8
0 942
1 2029 240 212 1128
0 37
0 1104
1 3097 2417 6048 1896
1 372 227 7497 2176
1 1172 1046 552 430
1 1945 2012 9035 1279
0 103
0 206
0 90
0 1367
0 1091
0 568
0 403
1 336 1738 3587 1284
1 1103 2769 9252 2114
0 57
0 564
0 1067
1 2315 799 8360 1704
0 431
0 16
0 1500
0 1432
0 1401
0 99
0 1407
0 1547
1 72 399 1188 1222
1 710 2682 1461 1954
0 552
1 3191 1571 6199 1902
1 3251 2463 9780 1352
0 2269
1 2302 3314 6547 1021
0 967
0 807
0 1652
1 2445 2604 665 62
0 1782
1 2255 811 676 1541
1 496 1544 9267 1167
0 1100
0 2076
0 1795
0 443
0 1679
0 1137
1 771 635 3154 1461
1 3456 2082 1041 892
0 637
1 1371 1368 6729 1141
0 41
1 897 1743 8568 976
0 26
0 1378
0 795
1 600 1313 3151 379
1 406 2350 5182 405
0 1551
0 1669
0 782
0 690
0 610
0 1895
1 3108 1449 9507 876
1 1154 1023 7687 156
0 1745
0 1678
0 1822
0 2275
0 2160
0 2234
0 1404
1 769 781 6556 1570
0 1809
0 113
1 3390 2540 8784 408
0 608
1 88 2132 3014 116
0 80
1 1350 3497 6309 1664
0 1229
0 1419
1 2119 3549 6615 2080
0 2262
0 648
0 1338
0 1677
1 2151 3268 8885 1001
0 1211
0 1751
0 487
0 1325
1 1190 794 9442 292
0 130
1 2400 2270 7977 667
0 845
0 2117
0 872
1 1711 1266 6035 757
0 601
1 2447 1383 373 874
1 3295 3457 8727 1520
0 1992
1 2492 1024 8378 818
0 23
1 2657 2458 268 2015
0 1435
0 679
1 2130 520 4674 1457
0 81
0 427
0 252
0 406
1 1815 1054 9969 1925
0 859
0 385
0 882
1 1411 1826 2486 961
1 2214 3081 9840 839
1 3307 2532 8957 1491
0 271
0 970
0 1357
1 2197 1489 7842 1518
0 2063
0 1529
0 929
0 105
0 1344
0 1778
0 1261
0 990
0 1327
1 1951 1100 4938 2218
0 1078
1 1299 3258 2688 2115
0 592
1 3409 3129 3633 109
0 1739
0 47
0 1728
1 631 846 8642 82
0 1880
0 1011
1 160 1072 1436 326
0 177
0 504
1 1135 1091 147 1697
0 1990
1 3516 71 3821 771
1 3087 120 8762 841
0 374
0 2116
1 449 3574 1877 2
0 235
0 1433
0 1964
0 1171
0 2139
1 1536 1162 9926 1741
0 218
0 1994
0 1879
1 1818 1419 6917 1347
1 3547 2132 3821 1144
1 429 530 3286 856
1 1317 2498 4341 318
0 1540
1 3580 2655 7200 1189
0 350
1 2585 1661 6125 1899
0 1121
1 2691 1910 9387 1707
0 1122
1 2417 2729 8054 672
0 1798
0 2046
1 1834 325 2765 401
1 143 3244 8989 1280
1 3004 1603 9463 2286
0 1530
0 2089
0 2156
0 1705
0 1487
0 2006
0 1893
0 440
0 291
1 2448 2760 3190 563
0 1836
1 2010 1489 5707 1489
0 1864
1 216 1659 4578 1692
1 1325 2194 9410 1496
0 432
1 3400 1081 878 2280
0 2240
1 2973 2580 9400 717
0 164
0 501
0 1779
1 2406 1579 9764 852
0 944
1 2264 116 1306 1052
1 1914 1833 8963 324
0 569
0 1123
0 758
0 1425
0 1252
0 1254
0 784
0 1360
0 1263
0 2144
0 1590
1 2605 1717 5357 1426
0 925
0 939
0 546
0 855
1 3475 341 7651 1151
0 2073
0 1921
0 1392
1 3150 3346 1196 1572
1 3600 1178 5884 1756
0 2009
0 196
0 1834
0 918
0 383
0 162
1 408 2085 856 549
0 1397
1 3008 2623 9758 238
0 1142
0 1451
0 85
0 1952
1 1913 2755 5520 1564
0 1633
0 821
0 1190
1 3481 1162 8489 723
0 2266
0 1208
0 187
0 1275
0 2225
1 3525 33 3330 1579
0 114
1 2020 934 6820 699
0 1162
0 2154
1 1742 1044 6436 1181
1 2544 1524 4147 2252
1 2336 627 3617 1819
1 1248 2591 5459 586
0 421
1 3041 1746 3778 321
1 3140 54 4332 1744
1 2447 1389 8986 1804
1 3165 950 3088 172
1 2716 1396 5087 1063
0 1202
0 858
0 1332
0 1922
1 1509 730 7342 1906
0 381
0 1900
0 1079
0 1698
0 746
0 1406
1 3597 1394 2186 1216
1 695 1151 6838 1806
1 136 2367 7075 1191
0 1148
0 220
1 2266 2860 5523 1179
0 255
0 1897
1 98 1942 3333 353
0 638
0 664
0 358
0 75
0 973
0 371
0 2062
0 1133
0 508
0 2251
0 523
0 209
0 1627
0 9
0 2226
0 938
0 273
1 1250 3579 9458 1264
1 1465 2877 6835 682
1 555 3398 1164 1711
0 704
0 908
0 1174
1 1809 3091 9261 194
0 895
1 1835 1355 4475 1658
1 1666 439 8691 793
1 329 973 5308 1059
0 1294
0 97
1 3093 2569 9667 685
0 1718
1 2485 1894 6762 2233
0 1255
0 1027
1 2129 2281 6610 1522
1 3457 1927 182 2182
1 1438 1421 3708 1904
0 1331
1 871 1829 4529 343
0 1203
0 539
1 537 941 6856 237
0 1656
0 344
0 1035
0 253
0 1101
0 183
0 805
0 2032
1 3173 211 5011 1497
0 1620
0 1290
1 2727 3545 9381 1359
1 1356 3249 6815 455
0 24
0 1259
1 881 2823 472 865
0 2169
1 2705 3246 3138 150
1 1863 638 340 1014
0 651
0 1427
0 1668
1 1261 1228 790 966
0 2287
0 901
0 1961
0 254
0 1111
1 2087 2746 8932 1437
0 863
1 1320 2955 7658 225
0 640
0 1193
0 1524
1 729 823 894 803
0 733
0 1976
0 1434
0 1828
1 1518 1885 1833 1452
0 1398
0 626
0 636
0 1369
0 527
0 146
0 1612
0 1297
1 2526 1083 3323 1755
1 327 2821 9310 1081
0 1603
0 1484
0 1666
0 2045
0 1848
0 627
0 1475
1 2593 2449 7597 520
0 584
0 384
1 2694 1455 7267 624
0 1971
0 473
1 489 1790 3405 658
0 1209
0 668
0 2237
0 315
0 1817
1 3021 3205 2884 691
0 763
0 625
0 2197
0 2106
0 86
1 3082 376 7407 2268
0 1131
0 1152
0 2043
1 2435 511 6932 55
0 1913
0 165
0 1042
1 3187 3290 1671 1176
0 1456
0 1415
0 1873
0 2065
0 1568
0 1312
1 2216 627 4264 1318
0 1188
1 801 1299 2156 1556
1 3092 278 5261 567
0 442
0 589
0 141
0 1303
1 498 387 9665 1955
0 161
1 1194 1612 6433 1731
1 2659 1313 9648 1034
0 1504
1 3494 1687 8711 644
1 1220 875 6182 2077
0 2056
1 3459 3339 11 167
0 1653
0 551
0 46
1 903 2908 4308 1773
1 1854 610 7838 493
0 1885
0 2085
0 649
0 1257
0 2107
0 1869
0 1682
0 293
0 740
0 1218
0 1974
0 410
0 1321
1 2324 2675 2939 259
0 972
0 1764
0 642
0 1232
0 1421
0 710
0 1385
1 3104 493 3322 1250
0 1015
0 274
0 1946
0 1662
0 1175
0 1118
0 1328
1 2322 1822 7630 1099
0 243
0 1754
0 2205
0 2024
1 979 441 712 2270
0 948
0 2033
1 2644 554 3275 195
0 74
1 3174 1213 962 951
0 1775
0 1516
0 1353
0 2034
1 1994 2311 7502 2067
1 3343 2723 8220 1825
0 606
0 945
1 190 2618 3588 268
1 1181 1163 9334 1659
1 2167 86 3330 1502
0 347
0 342
0 1970
0 428
0 2278
0 1762
0 189
1 3128 396 4181 1937
0 738
0 1386
0 703
0 1539
1 3591 629 7033 356
0 1333
0 482
0 2166
0 1561
1 737 131 8193 481
0 955
0 332
0 1440
0 1481
0 548
0 512
0 1827
0 1324
0 652
1 1839 2218 6356 1237
0 978
1 2605 3416 1446 1005
1 2825 1678 3157 2020
1 799 811 4025 398
0 654
0 832
0 121
0 750
0 917
0 533
0 781
0 986
0 1043
0 1596
0 1945
1 759 1827 831 1030
0 1299
0 1991
0 1793
0 1000
1 611 3387 7001 2186
0 718
0 1184
0 1036
0 1930
0 2149
0 413
0 1038
1 2508 3345 4894 1414
1 3067 1966 5981 1380
0 515
0 1408
0 770
1 3326 3168 7558 1422
1 198 3222 3497 211
1 2158 2797 1734 439
0 213
1 599 1954 8041 2212
1 2676 2454 7801 819
0 168
0 1545
0 70
0 1265
0 890
1 1004 2225 7637 1592
1 1986 1391 7181 1641
0 1783
0 1875
0 1941
0 835
0 2110
0 14
1 3583 1741 887 2257
1 3012 1437 173 404
1 1116 274 1527 446
0 256
0 1501
0 260
0 60
0 1647
0 982
1 594 2838 1864 117
0 736
0 2044
0 620
0 1858
0 1696
0 1295
0 334
1 2040 2384 8200 2175
0 1607
1 49 152 455 1479
1 2103 762 8712 1812
0 289
1 1883 1473 3781 670
1 388 122 7703 1446
0 295
0 1197
0 1115
0 1912
1 287 1359 8247 713
0 734
1 643 473 2131 1506
1 2399 2913 150 1210
0 1249
0 800
1 696 186 676 240
1 1921 1986 6920 301
0 1840
0 470
1 1890 77 5170 753
0 680
0 1153
1 3024 2750 129 1416
1 352 2995 328 1083
0 2108
0 58
0 414
0 1223
1 1053 3190 3911 197
0 122
1 1181 3262 9117 221
0 1716
0 708
0 186
1 3030 741 6928 684
0 1537
0 1109
0 747
1 3590 2510 9909 1064
0 1566
0 838
1 649 516 2419 320
1 1192 2067 9563 1084
1 1113 1350 730 200
0 931
0 359
0 1228
0 144
0 59
0 1458
0 71
0 829
0 756
1 2697 1906 9418 84
0 1058
0 297
0 1399
1 1446 110 6518 611
0 597
0 192
0 1969
1 556 1898 1250 285
0 623
0 816
1 3365 572 1358 947
0 264
0 1860
0 233
0 492
1 1738 3534 8219 1877
0 272
0 1391
1 91 2227 2440 960
1 798 1742 3993 1542
0 88
0 2068
0 953
1 677 1713 5029 1601
0 1071
1 3540 1133 3647 1050
0 2290
0 53
0 247
0 1200
1 2428 156 2901 1271
0 1396
0 1892
1 621 3204 9307 1613
1 521 1928 3563 2193
0 1040
0 612
0 526
0 1788
0 30
0 1368
0 1178
0 1571
0 2023
0 433
0 1915
1 1776 1464 5392 445
1 1953 1859 1784 582
0 1534
1 2583 728 4660 1748
1 1268 506 9622 521
0 2027
0 2038
0 494
0 391
0 1008
0 392
0 811
0 1863
1 68 573 8191 78
1 2775 1506 5243 207
0 2282
1 2483 1894 6509 1584
0 693
0 7
0 1770
0 216
0 319
0 125
0 101
1 1606 24 7913 1646
1 1973 3057 9721 1413
0 661
0 1882
1 2283 1492 8635 1493
1 2488 873 6949 1376
0 866
1 2317 2965 6665 2104
0 2172
0 2066
1 3443 821 9317 387
0 779
1 3284 3426 1516 2155
0 631
0 1987
0 1007
0 1949
1 1392 2883 7093 132
0 1805
0 2283
1 1346 2616 588 302
0 1310
0 170
1 3057 2536 8915 675
1 1264 1128 9750 163
0 61
0 348
1 766 3291 4757 68
0 1045
0 556
0 104
0 1938
0 483
0 145
0 1708
1 544 1635 4050 1350
1 403 1809 7363 83
0 463
0 2194
0 1548
0 1724
0 514
0 1075
1 305 1965 2105 1690
0 179
0 755
0 715
0 2163
0 1429
0 1296
0 744
0 91
1 1136 795 7102 1917
0 1769
0 2189
0 1235
0 2196
1 840 2847 6212 1143
1 2495 3343 6194 1808
0 1245
0 31
0 794
0 2142
0 2120
0 441
0 1667
1 228 3234 2852 2047
1 1975 2117 950 1248
0 1187
1 375 2472 8627 1973
0 1631
0 1239
1 1169 1029 7209 1017
0 516
0 298
1 122 2433 6806 2224
0 737
1 2793 3322 9221 2138
0 2181
1 56 258 1402 390
1 1738 3560 7641 2072
0 448
0 1665
0 2122
0 887
0 1498
0 1883
0 373
1 1770 1762 2383 1813
0 2131
1 2999 1116 4377 1302
0 1581
0 239
0 1521
1 648 2643 9343 386
0 2078
1 113 1389 3329 1004
0 1947
1 2782 3415 6618 1794
0 1604
0 1565
0 1688
1 1776 2409 6882 1792
0 2152
0 683
0 618
1 141 94 5119 351
0 89
0 1361
1 931 1905 283 2094
1 264 2172 5279 806
1 1289 1965 7607 897
0 1852
0 1217
1 3282 553 3393 992
0 1341
0 2090
0 2204
0 1651
0 615
1 798 1958 4510 1872
0 447
0 2250
0 1960
0 1317
0 1018
1 2640 3080 3255 2208
0 2035
1 2334 1986 4819 1459
1 1086 808 2875 2227
0 2285
0 171
0 1799
0 707
0 2288
1 2823 2197 1773 2199
1 3535 160 5506 1431
0 850
0 184
0 345
0 309
0 2281
1 2720 1881 3251 2180
1 1193 1177 1819 1648
0 2254
0 2159
1 707 125 2818 1871
0 1269
0 2087
0 2055
0 688
1 1526 3208 6608 79
1 1030 573 3570 365
0 1531
0 176
1 2175 1970 3245 2161
0 269
1 970 3471 1471 118
1 1578 2323 7254 460
0 1911
0 1372
1 1608 1811 3051 13
0 2274
0 1857
1 1348 915 7938 1815
0 2177
1 2299 728 6010 662
0 1132
1 62 3347 4900 759
0 2217
0 2101
0 851
0 338
0 1313
1 2261 3566 9075 591
1 1038 1103 9862 245
0 230
1 2145 3037 292 2145
0 933
0 588
1 982 2880 2897 1236
0 2029
1 360 2853 1614 2170
0 136
1 3322 2761 4386 369
1 3325 3042 2309 217
0 2289
0 1645
0 1057
0 590
1 1346 753 3535 632
1 3043 801 7293 921
0 2100
0 988
0 2130
0 1336
1 2453 3484 1774 310
1 963 1252 7193 22
1 2984 1517 2636 1996
0 700
1 692 2469 2642 375
0 2247
0 2079
0 837
1 3252 1732 7877 69
0 263
0 1053
0 547
1 936 2087 6074 3
1 2012 2916 6492 791
0 151
0 1449
0 695
0 228
1 1171 2651 7551 650
0 1474
1 224 727 513 1168
0 1074
0 889
0 1821
1 2644 3386 1785 2019
0 2123
0 513
0 735
1 2290 2784 6953 1597
0 1870
0 1558
1 1280 2691 798 244
1 3160 3065 12 1528
0 1337
0 1127
0 1712
0 1847
0 1577
1 2305 2723 5075 450
0 19
1 1278 2978 1337 1637
0 971
0 382
1 1089 2793 7993 157
0 323
1 539 3077 9057 1914
0 1624
0 1351
0 489
1 2355 2835 722 1953
0 395
0 39
1 1548 2624 8355 619
0 1909
0 1560
0 867
0 797
0 2230
1 3474 924 9333 248
0 281
0 205
0 1608
0 1774
0 1839
0 983
0 754
0 2096
1 1161 53 3263 1784
0 773
1 3085 2141 2083 2158
1 27 1088 7902 437
0 265
0 322
1 2314 2447 359 2016
0 1470
0 1096
0 223
0 1054
0 1348
1 646 1889 6350 402
0 2053
0 727
1 417 2030 4221 2223
0 1683
1 1022 1374 83 987
1 1105 3002 257 813
0 1725
1 2387 703 1046 772
1 3043 2306 4901 659
0 2054
1 1231 2950 3602 409
1 1696 432 4635 159
0 622
0 45
1 3081 1614 6547 434
0 530
0 1962
0 580
0 380
1 3586 437 1180 76
0 1920
0 645
0 1170
0 1589
0 277
0 1066
0 2126
0 2004
0 1166
0 630
0 687
1 1200 1575 482 604
0 2093
0 2097
0 1544
0 1729
0 311
0 1929
0 974
0 500
1 1212 245 7904 1243
1 417 386 7546 17
0 603
0 305
0 808
0 531
1 475 1249 2727 639
0 681
0 904
0 1346
0 1334
0 2179
0 468
0 1483
0 1983
1 952 676 2264 575
0 231
1 2938 1051 9253 888
1 1799 966 3441 397
1 330 786 235 1509
1 1380 3153 1739 849
0 721
1 463 45 5766 472
0 1329
0 296
1 1611 1969 3147 1687
1 1551 329 7581 926
1 1116 1954 9614 400
0 1029
0 1069
0 2213
0 1467
0 2030
0 1854
1 1989 586 4003 2084
0 1185
0 846
0 822
0 110
1 494 3220 7271 1012
0 469
1 549 3131 4408 1818
0 674
0 1951
0 1056
0 303
0 1031
0 1594
1 2564 780 3775 534
0 476
1 2612 1722 9881 191
0 1319
0 415
0 1582
0 853
1 3255 930 5941 922
0 1394
0 1219
0 600
0 884
0 2005
0 506
0 1116
0 108
0 1898
1 2538 1746 2426 1124
0 67
1 2780 3513 2138 1999
0 327
1 774 830 7063 1342
0 138
0 1832
0 932
1 2629 3393 930 1438
1 3079 2393 9123 1649
0 726
0 1717
0 1420
0 2113
1 771 2647 2094 1721
0 1888
1 624 1466 9928 1156
0 545
0 1820
0 2195
0 1569
1 2079 1228 6440 1090
0 2069
0 2022
0 1942
1 3151 529 1030 1800
1 2534 3049 2111 2008
1 3451 3085 3790 2082
0 826
1 2852 3163 6483 1742
0 355
1 1273 1779 7390 801
1 1653 1651 2823 1605
0 1611
1 272 2030 9705 1986
0 1495
0 969
0 760
0 828
0 1424
1 2926 1347 9206 2284
0 486
0 2095
0 346
0 2264
1 1133 2335 6537 1958
0 2037
0 1595
1 1098 2044 6268 1466
1 230 329 4995 1345
1 1044 2014 8523 1853
0 1453
0 2071
1 2666 3000 1482 1886
0 2192
0 1855
1 3275 2117 1794 1616
0 1165
0 522
0 1390
0 2061
0 1967
0 616
0 1660
0 229
0 2088
1 3056 1162 8688 842
1 2603 2340 9960 1468
0 2124
1 2850 2505 3067 1814
0 528
0 2001
0 995
1 2353 1107 1996 1070
0 1758
1 345 644 2335 43
0 1077
0 423
0 341
1 2398 3276 6680 330
0 2241
0 1576
1 2751 3224 9954 1103
0 975
0 919
1 3563 102 7232 198
0 1234
1 32 2706 6953 2174
0 1201
0 614
0 1289
0 2081
0 388
1 1299 89 2911 1713
0 1220
0 880
0 957
0 313
0 1242
0 1750
1 2845 694 9269 540
0 696
1 451 50 9838 2279
0 1931
1 1283 324 4532 202
1 1846 2866 680 1444
0 1139
0 689
0 1640
0 1701
0 991
1 3167 1820 386 686
0 64
0 877
0 830
1 326 177 3158 2059
0 1307
0 538
0 424
1 2156 2177 3485 1639
0 820
1 166 2619 4741 126
0 1801
0 712
0 1944
1 1316 2521 2772 1117
0 1214
0 488
1 2685 456 555 1253
1 1780 17 3074 1743
0 2147
0 1549
1 858 1305 1875 340
1 1772 3303 5536 1442
0 1889
1 2049 2843 1656 1283
0 965
1 543 512 7246 426
0 790
0 1439
1 2980 560 449 775
0 250
0 1274
1 3532 3545 7483 1125
1 817 2691 2917 1732
0 1326
0 741
0 1088
0 984
0 2025
1 340 205 1846 15
1 122 429 8679 1488
0 438
1 1615 3260 9845 577
0 1309
1 469 69 1692 1928
0 2091
1 137 1216 8241 1586
0 1146
0 1979
0 1932
1 45 881 9900 941
0 657
0 50
0 748
0 634
1 1035 21 5212 706
0 1044
1 1568 2248 4587 1587
0 1950
0 2198
0 1884
1 2975 305 7216 1032
0 2012
0 1816
0 519
0 1623
0 566
1 2716 1206 9939 562
0 1106
0 964
0 419
0 1835
1 2786 1070 4070 1786
0 1765
1 647 3288 6232 1924
1 3017 2331 8091 226
0 1358
0 2128
0 2052
0 1948
0 833
1 1688 2746 9909 571
0 881
0 1003
1 2995 1298 5962 1258
1 1379 1848 3198 1199
1 1752 2084 9381 1076
0 1047
1 1470 2238 9972 1037
0 241
1 1595 2888 3755 203
1 3215 2327 52 1975
0 2178
0 732
0 142
1 1157 1865 2004 453
0 1383
0 135
0 1891
0 1865
0 227
0 1670
0 2221
0 1599
0 2003
0 1206
1 16 3565 7214 1747
0 478
0 1831
0 139
0 743
0 1428
0 776
0 898
0 1417
0 1478
0 653
0 722
1 2849 3002 4574 565
1 62 2475 8313 1105
0 1719
1 856 2581 8092 1068
0 2276
0 484
0 2164
0 1157
1 1824 3099 7935 1803
0 1526
0 190
0 1230
0 1730
0 173
1 2459 2350 8765 1196
0 1169
0 977
1 2804 2547 9296 1028
0 232
0 32
1 406 748 633 789
0 1767
0 2143
1 2234 378 6259 894
0 479
1 1778 1315 5276 1856
0 1733
0 112
0 1306
0 1796
1 886 788 1049 2232
0 1300
0 1710
0 1033
0 1194
0 1686
0 270
0 357
0 2211
1 400 1957 6320 1771
0 352
0 635
0 2210
1 2259 2429 9760 1221
0 886
1 2627 3095 1239 655
0 786
0 329
1 2484 3337 404 862
0 1535
1 2768 444 7314 38
0 1041
0 1993
0 1621
0 785
0 262
1 1605 2029 5287 128
0 1147
1 3096 1100 971 2132
1 3432 2123 4193 1933
0 1943
0 95
0 843
0 2242
0 1978
1 18 2667 1875 943
1 1412 409 7466 368
0 1213
0 2229
0 234
1 3416 1405 2677 40
1 2829 3267 5652 1910
0 1485
0 1094
0 467
0 1154
0 1256
0 1554
0 1450
0 1763
1 2768 2739 4088 1628
0 766
1 2651 1729 9567 1403
1 1817 2238 4490 389
0 1060
0 249
0 1298
0 51
0 1829
0 1503
0 1824
1 950 1618 7415 579
1 122 999 5149 127
0 366
0 360
0 2245
0 2187
0 2259
0 54
0 605
1 2958 1035 9348 1423
0 376
0 764
1 3272 886 7627 1681
0 1985
0 724
0 761
0 349
1 3048 898 183 412
1 1340 450 4543 208
0 123
1 927 1916 6437 573
1 2109 2734 889 985
0 777
1 671 3073 6441 299
0 1736
0 1936
0 731
0 1366
0 671
0 1387
0 1447
0 1227
0 119
1 1875 447 3624 809
0 1186
0 1411
0 2007
1 646 2821 5312 962
1 1757 2377 4748 106
0 266
0 2185
0 2238
0 557
0 1022
0 378
0 2036
0 1240
0 1102
0 308
0 175
0 1966
1 1042 1881 2530 1278
0 363
0 1126
1 1365 344 508 956
1 561 997 858 581
0 2244
0 1781
0 496
0 1959
0 902
0 1956
0 788
1 2130 320 7118 4
0 477
0 181
1 1358 1329 4722 1989
0 1908
0 416
1 3268 737 6926 1694
0 594
0 422
0 77
0 1454
0 905
1 153 1188 6796 317
0 286
0 714
0 33
0 1323
0 215
1 2876 901 8454 1233
0 1757
0 1379
0 1225
0 2255
0 257
0 1527
0 910
1 895 1812 8065 451
0 1676
0 1826
1 2239 2540 2269 517
0 1339
0 1626
0 1797
0 1618
0 993
1 942 3348 4065 474
1 3008 2017 7485 1512
0 1749
0 466
0 1418
0 1381
0 930
0 2137
0 796
0 2041
1 2433 2250 7237 219
0 20
1 833 2480 7747 1158
1 1270 3048 4482 93
0 915
1 2883 3187 6300 1859
0 1940
0 100
0 507
0 1903
0 666
0 1356
0 294
0 2231
1 2627 2626 2904 2013
0 825
0 1244
1 1389 311 1363 1288
0 831
0 1876
0 131
1 2826 2407 7497 1110
0 92
0 572
0 1685
1 2830 192 7270 2129
0 120
0 2083
0 1138
0 1039
1 80 2765 9071 283
0 1455
0 2157
1 187 3523 648 1405
0 1287
1 3522 838 9368 1851
0 193
1 1001 3041 6974 1212
1 1913 987 4430 2109
1 1158 1511 272 12
1 1710 14 4696 1790
0 456
0 2202
0 542
0 1095
1 3219 1502 6376 903
1 3205 564 3679 2162
0 2246
1 1905 531 909 537
0 2011
1 500 63 5878 997
0 417
1 3379 1951 9400 780
0 1632
0 1107
0 2216
0 2215
0 1789
1 2513 1754 582 1867
0 2165
0 2272
0 140
0 2000
0 503
0 751
0 783
1 2127 1036 6083 916
0 762
0 362
0 1980
0 1377
1 3223 361 8036 2191
0 959
0 452
1 2521 1982 6796 1849
0 2190
0 1477
1 887 2245 9823 1375
0 749
0 185
1 2821 1208 4109 1247
0 1593
0 1430
0 1384
1 355 3545 772 1752
0 711
0 2098
0 393
1 1933 2547 3707 617
0 1552
0 1791
0 1172
1 1153 376 6729 1629
0 1159
1 568 2957 8640 1490
0 258
0 1507
0 27
0 1580
0 246
1 1483 1056 783 544
1 2280 1986 6893 1702
0 2201
1 2487 2064 4270 1636
0 1093
0 1602
0 2263
1 1412 2066 8292 1150
0 1588
1 545 2162 2502 1473
0 149
0 336
0 899
0 1085
0 857
0 928
0 1382
0 1006
0 2277
0 2136
0 282
0 1536
0 1776
0 280
1 143 3330 9109 1002
0 267
0 1205
0 871
0 1714
1 2701 1917 8770 868
1 1782 3347 215 913
0 1689
0 276
0 2127
1 3153 2440 7122 709
1 3459 1333 4002 1700
0 609
1 597 1079 6904 875
0 1343
0 641
1 931 2004 2185 411
0 505
0 817
1 3342 3376 5725 607
0 29
0 1374
0 166
1 1667 1168 5302 124
1 1669 958 1661 1246
0 613
0 854
0 810
0 570
0 2133
0 812
0 914
0 1155
0 705
0 1371
0 1866
1 109 2354 304 2112
1 470 204 1451 1981
1 1492 1901 7360 490
0 1410
1 519 1470 7141 1600
0 2248
0 1923
1 2842 2668 6753 1086
0 1881
0 1082
0 1114
1 879 2276 9968 1650
1 3404 2486 7657 1615
1 642 2942 342 1065
0 1905
1 2773 2878 5355 1136
0 1722
0 1644
1 1439 1979 3914 1972
0 2219
0 115
0 1927
0 2148
0 1746
1 2835 2719 3970 1436
1 1639 1209 6387 236
0 815
1 1764 2329 9735 287
0 471
0 1538
0 543
0 1149
1 1206 1054 9069 1842
0 1286
0 673
0 1780
1 267 2549 890 2188
1 392 1051 1367 870
0 44
1 1438 1482 9146 1567
1 2128 1793 1047 935
0 2243
1 2149 3172 1446 377
0 676
0 458
0 778
0 21
0 1585
0 697
1 2727 1769 5775 1727
1 273 1481 1151 585
0 35
1 252 2243 6710 178
0 920
1 776 1460 6324 1699
0 678
0 312
0 2048
0 1874
1 1004 3565 4197 1335
1 2424 1487 340 1364
0 2171
0 1557
0 529
1 376 399 3937 1850
1 1686 593 8404 1448
0 1517
0 952
0 2214
0 1019
1 148 3523 2574 491
0 906
0 1330
0 647
0 999
0 1292
0 1926
0 1180
1 1320 3364 4146 1388
0 1759
1 921 2531 5784 1273
0 174
1 1968 709 5093 36
1 89 683 3164 370
1 2242 3125 6940 52
1 2024 279 6573 1055
0 1010
0 275
0 1823
0 1846
1 1925 253 5393 2200
0 1523
1 3179 2450 2295 1460
1 444 1302 4269 444
0 279
0 2168
0 963
1 2358 1808 1249 596
1 1251 2046 306 1657
0 1559
1 194 2893 6089 1365
0 407
0 536
0 1573
1 2363 3048 6600 129
0 307
0 107
0 1267
1 879 2964 443 1638
0 328
1 1233 1778 148 1062
0 1087
1 3344 3153 3647 133
0 844
0 1785
0 2271
0 1674
0 1525
0 1894
0 1282
0 2099
1 516 188 8741 1833
0 2064
1 1019 1459 7057 587
0 2092
1 2635 3554 6702 883
1 3036 2093 5612 578
0 660
0 1445
0 1907
0 63
0 1177
0 860
0 593
1 2513 2316 9975 2102
1 1417 646 6880 893
0 702
0 1163
1 1070 3553 8975 300
0 1868
0 1671
0 2167
0 1480
0 333
1 1479 1477 1373 1635
0 1260
1 3399 877 8661 511
1 1640 2080 3382 1471
1 424 262 3294 2258
