3200 3199 1050
1959 1549 5274
41 770 6768
62 1972 4321
647 987 2838
2531 946 5690
2644 2245 2388
2786 146 6909
1960 819 4927
2760 1264 8226
1398 646 7268
2478 2811 6295
1381 2745 9236
182 1236 2378
2994 960 3440
155 1252 4246
2765 2935 9848
1806 2956 3665
2226 1556 2475
1961 1050 9078
2632 2128 1965
3073 12 1751
1978 1949 3421
1158 48 2683
1680 1099 331
147 2779 7993
2176 1990 9280
2796 1308 2923
466 276 6063
1004 1850 828
3007 710 7868
1331 588 990
1954 2195 1635
1944 2752 5376
2476 2485 6606
2375 3128 2024
3065 1824 1496
2226 5 4705
2510 689 8939
143 451 2602
2789 1382 5770
2568 324 956
1919 1612 22
203 1004 4416
2069 2073 1800
650 1181 2651
2918 1970 2895
2616 1162 1513
2174 290 2173
834 3122 6317
1801 3041 7108
3067 787 2534
116 1003 4051
2748 93 8690
777 3146 854
2772 1449 472
387 2058 501
410 2636 4305
294 828 668
887 2271 749
1362 2021 8846
2722 48 3487
2104 297 2236
2486 803 7143
668 516 1944
336 2538 243
787 1651 2743
1680 2013 8548
2943 1024 6608
2872 2916 916
1137 2244 5857
1035 2434 3223
2416 3157 9408
2933 1060 1870
1540 543 7886
1441 1708 693
2612 707 3161
74 669 2608
2477 257 1928
2335 2578 9937
1376 1350 4532
1866 662 489
2775 2935 215
2836 3018 325
987 396 8070
681 1910 6204
1954 2404 5391
2640 1290 947
1806 3033 4601
2186 1522 3006
1363 2877 1018
2263 91 7844
2927 3029 9335
2782 76 3931
609 2784 5903
1322 1169 7306
121 1503 2327
1112 3124 7150
499 2041 3588
1826 1397 5726
3146 2179 7085
258 28 2086
2687 734 7764
1845 765 1588
2243 1879 4433
2053 807 193
2049 2028 2108
2528 697 4296
666 3110 2680
1519 2145 1593
1209 521 6548
192 1191 656
2927 1275 979
1920 760 804
779 2168 3264
1978 397 7237
345 590 2056
498 179 8070
2972 408 762
945 979 647
903 2302 7093
2446 1271 9771
1994 2663 5936
581 2916 1460
3149 533 3019
2975 2272 2445
3017 1857 3838
1774 831 7951
443 2050 3445
2347 1833 703
3197 2197 338
1055 786 5980
3110 1326 5674
1649 1972 7576
1451 2970 9842
1439 519 9145
2303 126 6166
234 1782 8046
2530 211 7475
1925 1451 1485
2027 1957 7573
727 2742 6106
1560 1479 6830
2246 2341 7230
2240 2538 9413
1106 930 3379
17 376 8202
1078 1522 7301
1133 2199 5331
254 1843 4364
903 801 3946
2444 1646 8548
134 1701 6677
2647 2672 7202
3167 2411 7087
1167 708 3013
1476 710 4718
3076 2894 1279
2803 2466 8746
1035 2043 4269
2144 984 2818
1489 747 1343
215 1741 1404
1913 1768 4566
405 1593 8339
3130 1843 2410
2923 3060 6140
3168 2472 747
485 669 2392
2077 1009 4795
601 429 7775
1675 2642 159
609 2750 4641
2645 104 2978
1162 2655 895
1803 887 4480
2218 248 3773
318 815 9684
539 1389 4530
2865 463 5603
2652 496 4890
59 1609 6346
2844 1473 7655
1849 572 6515
1170 2034 1174
2201 1757 9135
329 1221 5929
204 1516 3893
504 1423 6042
1889 2587 7042
1186 2452 432
1441 1593 7354
432 1924 3103
3167 1989 4065
1557 970 6099
3063 2256 2713
1902 2396 7932
2012 2584 1620
1054 170 3888
1889 2249 8944
1026 1470 7498
112 1358 8026
194 56 9809
2759 1518 2497
2934 1956 9082
792 2601 8043
682 675 15
1192 1897 3831
783 3112 5635
968 1960 2673
1247 1371 2412
2488 2147 4214
3102 3132 7099
2752 202 2530
1956 2090 2405
389 256 1322
2207 2242 4375
2229 1393 8766
163 2487 4479
951 416 4660
580 1864 2396
3147 1470 7657
3064 1270 7934
1150 528 3265
2369 2322 2883
955 645 1464
466 504 7698
1537 2632 6371
554 1216 3236
1273 650 4796
612 1727 3850
406 2688 9750
2871 2669 7537
48 1683 3871
2640 1773 5872
3169 2172 8391
991 2042 3852
1516 2916 9288
2819 1805 2998
1136 3081 1173
1360 2733 7336
574 1772 3812
2909 1549 9042
1387 2128 4239
1726 3050 9352
782 417 9630
3020 750 8583
151 2753 4402
2010 3073 4113
443 2743 7347
2218 2793 2385
2272 1207 8224
1426 648 4332
1999 1477 5651
2144 1832 9055
1258 2518 3516
2572 2968 7980
2788 2130 6661
444 577 3168
1437 2531 2491
3131 1458 4208
864 734 4771
1567 2635 1405
2098 2132 9720
2820 2384 5179
1773 484 2504
1349 140 8085
1260 2488 682
2709 539 664
1272 1935 4500
124 669 4900
2256 2897 6319
2132 507 5266
2706 2364 6829
1493 1383 7445
2291 2019 9109
2932 698 4788
329 3096 1932
1255 1486 6579
2549 2963 1853
2252 2113 5061
3131 792 8029
2982 2116 4602
2269 1035 7169
3083 1954 6962
274 1115 6364
1557 728 2768
2451 3194 7745
370 2500 3078
1854 2032 8263
3137 1478 266
187 1572 8669
1181 992 3203
2855 351 874
701 1804 480
2600 2259 1933
452 2035 7640
1580 2073 7992
2426 1979 2104
288 1807 6942
2930 213 5224
1638 2792 8076
2238 199 4753
2061 1118 8974
2577 2138 2295
1478 730 7663
1255 2510 8636
2720 1519 6896
228 442 1907
669 979 8017
35 1940 8207
2345 633 5206
2878 781 4792
2122 2072 5549
104 1566 7947
1647 2937 7567
2241 192 1339
2396 631 8722
2996 543 9769
2 2952 3466
2934 1879 9061
237 2510 3309
1599 2237 4570
1199 2567 9100
1181 2383 600
1984 2986 891
1776 2512 2931
1604 852 7605
1605 3126 6109
32 2273 9916
2064 3005 942
1511 1326 8071
1140 400 3245
1611 2198 170
2124 928 4653
2947 888 8975
3191 1838 3542
606 555 4963
1543 1668 7588
1497 3156 6212
371 700 205
2372 410 8507
21 2448 8294
1270 1122 8036
2484 487 8334
3079 1395 7855
1506 1342 734
2057 693 6383
1812 407 9665
397 1384 7639
2006 2447 8495
2588 3156 5558
1899 1646 349
1991 153 9785
147 509 4808
841 2391 6740
2837 678 7597
1814 152 9956
2035 1746 4613
2484 1806 9482
2476 1658 772
2445 391 7961
118 828 8338
2677 155 173
2502 3197 1887
2750 114 5106
922 1772 1076
2951 1307 2808
339 2901 5955
2127 233 5459
2397 3179 7493
2705 2781 4629
1742 1193 4810
1290 2695 8471
1965 2579 962
1383 3125 8507
814 1206 4653
874 504 7597
1521 728 1066
1108 2521 7320
2155 1771 5319
1096 3144 1107
1504 1231 5562
2985 1567 9541
2898 1662 1029
2481 2408 5291
2839 96 1911
2837 2554 8946
1430 3018 806
2066 605 1788
589 2425 1074
1721 1190 2028
120 2738 3735
2497 2231 191
3160 2704 2516
1758 1014 5139
2638 653 1405
1525 63 559
1126 322 1592
1702 2903 5605
3070 1841 1635
2388 901 385
535 336 6329
202 117 2548
523 119 1993
794 13 5535
1388 2813 265
2506 177 9011
2790 1735 6661
456 1606 5216
1457 1006 8415
3143 3135 9180
2851 2921 9223
2713 2839 4579
1519 2392 3134
2620 3169 1410
487 2193 4937
1000 2757 6806
876 651 5
2789 3015 5852
1060 2193 8125
1297 1869 7228
2764 2174 5390
869 3175 7872
946 2353 7921
2107 1537 8470
2710 1694 758
439 898 235
2786 1647 2601
1976 1454 3985
1490 1334 3493
213 2642 4182
310 484 2683
1270 246 1844
273 2614 119
2198 1309 5501
1278 1399 2306
726 2135 9997
226 1068 4566
2819 3132 2132
3133 439 2086
1568 2836 9199
1729 2024 2103
1371 1260 5751
2593 2523 8974
3069 2314 7321
2581 929 1309
1187 1010 6391
1812 2012 6674
153 912 7973
616 1486 7979
3029 1221 1255
2703 2381 5727
702 103 4104
3012 984 4163
1065 2687 3085
424 3041 981
1261 1488 9209
666 1569 9722
2662 2807 9601
1638 2759 5070
2365 1872 939
1342 1719 6791
2350 984 5746
715 607 8676
102 487 4077
2484 2037 9654
1321 621 8235
2085 1393 9633
1498 2510 9387
814 1376 691
2451 2189 201
2049 706 7727
350 2617 5136
79 2095 7756
2885 2317 4984
1050 1207 7793
1325 2624 1942
2001 1001 3420
1569 2175 8638
722 2841 9324
1164 1323 207
764 1932 601
2169 712 576
266 2463 7037
2194 1852 1231
2439 1412 5585
2179 2870 9014
2214 235 1778
3000 1403 1232
1376 2899 3830
2154 709 8058
1485 1408 2114
2866 1572 5712
446 919 4855
2683 1447 5475
1897 1611 5105
2770 6 9987
1563 2024 5955
2636 389 1208
2483 1332 1270
1091 3098 7916
213 718 7470
637 3103 205
1658 98 1581
2647 171 3741
758 24 454
1064 2834 4240
1167 3091 3537
2740 2475 2686
2042 1694 6510
1529 317 6977
2875 1640 4294
759 3063 401
1175 2703 7997
2240 720 129
2707 1889 6315
2640 584 7081
2705 1875 119
2860 3042 4184
126 2207 134
1475 2280 6854
1379 99 9522
1003 3128 2647
2695 1358 3224
2444 2050 2898
2515 2794 3107
711 2739 1021
1849 66 5903
1152 22 7383
3116 3192 511
2345 858 1752
3020 2861 8640
2160 2510 1783
733 1779 6603
3015 2350 3550
647 2015 4203
870 2065 2852
1321 619 3198
499 2849 3448
52 2635 622
1807 1306 2400
960 2728 1206
643 434 5073
1553 2959 6747
1253 2236 8197
2373 2533 502
1267 2106 8494
793 2825 9580
2712 1655 9406
2475 221 3920
1217 1986 9183
584 330 8560
503 2773 4291
2232 2364 4557
270 560 8492
1873 2540 7418
2922 1334 3283
2150 527 1113
2937 1321 8690
893 1611 6661
2080 78 294
1772 2364 2145
2704 484 5294
2729 2096 9881
2031 763 1073
3063 948 9422
939 751 5409
1980 2850 6043
1134 770 3694
880 1575 1643
639 1685 7807
1018 1009 7152
1092 931 6261
2873 2576 7535
1024 2201 5287
1053 2331 716
2697 2101 7370
2025 2128 7442
1866 2054 8913
2334 688 9804
808 295 3040
261 2501 8048
2957 1515 8733
3040 2495 4131
1674 1220 8161
337 1444 181
2842 127 8386
1482 55 7193
1620 1739 4402
2000 2930 8418
3090 2123 7484
2777 1442 1049
107 396 4926
2704 230 5135
2044 3168 5363
1576 2031 690
2106 546 1986
2391 1610 8839
2122 875 943
2733 299 138
2190 2155 6002
2038 449 3570
1553 11 8434
704 2543 8729
1039 2549 7280
2337 1135 8476
2447 441 6560
1442 787 603
2066 1627 2800
1053 2370 1206
1526 1749 189
2580 790 3207
2740 1385 2563
2402 2269 1294
2852 1865 5840
1070 659 4793
1285 1339 6539
1962 3182 5238
2435 327 5144
216 1341 51
1135 2985 2416
2592 1862 1487
1790 2310 6412
12 532 3756
1988 2721 9602
1196 626 3843
2068 2225 2090
2775 668 4370
1981 1295 3333
2460 1639 5597
270 1838 7544
1584 2611 4996
1954 1255 901
1553 2862 5050
827 597 1440
2054 1136 4219
2152 2670 3359
2590 1202 4054
1185 2215 6921
1553 2836 1839
1741 1251 6161
1191 1286 9856
2766 2403 1179
2764 861 7420
320 2887 1960
1882 2737 5539
210 106 7398
2136 3031 5959
2785 408 2909
1488 3024 1627
2641 1778 2441
1953 1563 6508
261 2883 4630
1538 2442 88
708 2529 9153
3090 2270 3041
1025 5 8618
1696 2698 2821
301 1730 3603
2443 1664 4730
1919 2320 9224
1165 274 8707
1274 3003 7972
1213 259 3412
3192 1830 1233
1290 744 578
1686 747 8828
2718 989 5269
2183 1771 2436
140 564 8572
407 1675 5812
977 1300 8526
211 2882 2703
2664 1149 2328
2664 2421 7223
289 722 6694
884 2198 6908
628 2404 6797
2106 711 5699
196 851 5365
3186 1365 1767
1310 1544 3935
794 942 9238
805 2096 1671
163 2118 3561
330 2068 7639
2984 687 9261
1011 1664 883
1985 2494 6772
164 2573 369
268 1327 8227
2754 283 8252
1919 1659 7835
3001 1408 971
1929 1213 8439
2794 2428 3899
2129 2135 4665
1690 1095 5221
1549 3119 6947
1217 1060 2034
1416 3094 7377
4 1163 538
2133 1305 3201
1183 731 825
1242 2488 3494
1835 770 5519
1426 1937 5487
1974 3097 8645
1472 494 4939
922 419 2107
2875 1283 6773
332 2338 3758
2317 1226 85
1711 2464 1737
2336 2739 3634
335 238 6055
1724 2653 1637
2631 2571 9047
1996 2493 1280
736 1573 2128
2956 545 9306
1102 2583 1732
970 1089 4811
603 1255 1165
1723 2503 6625
2771 22 7193
1535 3072 3717
1080 2325 9586
2382 395 536
2208 1987 4663
45 2485 7793
1683 2714 2215
2469 555 678
2202 1659 2011
1608 1358 571
1981 871 6892
1286 1993 3090
2588 478 9988
1168 1420 4056
1656 2294 7829
2857 2420 1952
724 1142 8204
301 586 7991
1165 3164 7345
2056 3069 9039
3034 664 7773
2837 881 2850
731 2795 2374
617 2253 4287
1068 981 7424
184 2921 6501
2471 3167 154
1265 1681 4388
654 1107 46
1381 84 7292
1239 811 4420
1839 123 2990
1300 2318 3755
1870 230 7437
1748 2328 4409
2067 2695 3173
1995 978 496
2158 2567 1788
2075 1332 5809
1014 1523 734
1594 360 8652
2406 325 8278
468 496 684
1124 583 1449
578 1839 6248
2483 542 4391
149 2237 653
3174 976 2533
2879 2849 3776
3080 28 9845
1657 819 9592
421 2503 3191
920 160 5280
1189 635 5137
1318 1242 8350
123 688 8176
2989 527 5731
2525 417 2418
1635 2758 1658
800 1493 5914
3033 2704 8464
2129 1527 4499
798 2877 5895
2285 312 2976
591 304 9471
150 2653 8003
620 1840 8420
274 1690 8302
120 1741 6464
626 1104 6934
1863 2118 4101
2175 500 1901
3136 2384 5936
2493 3053 9084
1835 2623 3007
471 1176 8796
2209 520 1927
2766 1216 6579
2328 1868 3332
1412 1935 9234
2187 1992 8542
2656 2964 9435
750 72 2115
3055 207 4590
3107 1104 8723
1586 1960 9185
1795 19 1482
2527 2160 786
145 3030 6890
1721 2223 6204
1048 3170 3227
744 767 7936
3166 2344 5207
456 2969 6553
2209 181 5130
186 181 2772
2058 98 3779
2519 2628 9786
1452 474 1776
2034 2719 8014
1534 3017 8100
2590 2140 5881
1922 2060 5677
1968 67 176
2285 1406 6200
344 886 7478
101 1863 8059
2107 226 1383
3181 3120 3959
1273 829 1889
1643 2671 9530
66 1344 8077
2397 2859 6940
3175 2365 8829
1592 1868 1975
2650 2931 8992
30 1056 3176
1237 2606 483
228 2508 3527
1567 5 6480
1651 1755 5143
1762 104 2150
1537 2763 5195
1262 3190 7124
864 2971 9962
1186 2379 2962
1555 3174 9575
759 2969 7371
821 1793 6096
3159 2916 1495
150 2011 1726
2436 1087 920
1140 2188 56
483 1902 9497
509 652 9507
627 1567 822
1988 2904 4684
539 349 7832
632 613 5416
113 2231 4964
995 1968 2084
1770 774 4585
289 1263 3729
511 1250 8156
3027 2347 4217
181 911 1023
975 2982 7353
2680 526 3238
478 3148 3807
286 2095 6372
149 2597 9066
2614 1995 2018
1307 1670 6559
1138 1736 9177
1199 587 8361
2258 2149 127
2903 2683 9790
270 2497 6572
2803 1383 2569
1110 468 5265
2581 432 6222
2669 2721 6407
2883 1059 9004
1346 1783 5136
3023 814 8588
1424 1054 1112
375 1095 971
1292 2847 3388
203 410 4729
2938 689 8878
2815 967 5192
352 2755 4044
2578 692 6804
560 2077 8341
2596 189 5706
1176 860 1417
43 544 6275
1545 1559 5747
644 1275 4504
2000 2856 1453
1879 1111 4083
1001 614 8789
1922 1039 3287
2873 1343 1642
2472 2867 3564
2189 2757 2038
2642 2527 8158
2186 624 111
3177 1025 7566
375 1059 9079
495 868 2013
488 447 5851
1507 2460 3100
631 1193 4879
2892 1653 9301
1532 909 7764
2170 1954 8754
1801 1156 8724
2098 3013 3097
562 2095 2246
1311 2774 1838
2346 746 7901
353 2583 8032
699 891 7989
1732 1185 9819
1591 465 3714
2659 547 3860
1601 2529 6919
490 462 9925
2981 935 20
3083 1130 6912
1919 162 4838
288 1530 5696
2513 1037 5674
2334 1671 5632
1298 1484 9947
1106 1529 689
2389 435 2226
1273 1658 7053
2822 1094 9148
3144 3162 158
276 1648 255
2228 2003 6576
2104 2560 5661
2959 1684 4904
246 936 4996
2183 943 123
3118 1319 5953
2496 1841 6715
1017 2274 7598
1338 2106 1938
451 1965 2517
2413 3156 6834
2746 29 1510
718 1504 3039
781 18 7353
2090 296 2256
2648 483 1951
446 3199 5888
191 2229 971
144 2274 4373
3188 2291 4469
2177 1221 4470
399 1489 6028
1512 2017 1975
1504 2186 2506
25 1261 6984
1238 3124 3897
1943 2375 6795
1802 532 9593
207 1291 826
1696 2447 7030
2646 2918 1787
375 2398 4707
2661 2955 1360
852 2810 319
1392 1119 1678
1968 3197 6716
2898 1287 8049
1934 1952 2453
1296 2582 1517
1626 1237 9903
201 3101 183
887 2919 5877
2997 3050 2462
1097 189 8344
659 1895 7430
1642 2727 6929
331 504 7748
999 1188 4142
2373 1593 8941
1272 1648 9677
1097 739 5824
531 2677 3292
1940 112 7890
2341 2179 7355
2789 261 4464
3019 2453 9064
2595 2722 2045
1711 3131 6860
1402 2095 77
3087 2717 7684
1322 967 8660
2352 2815 4267
2443 2349 3600
2902 592 8407
186 2020 5785
799 2337 1022
2796 2270 2879
293 2602 6870
1746 1331 3486
10 1267 4097
1844 2138 9848
2337 1103 5749
2369 1528 8073
2722 1034 6315
982 2134 6301
3160 502 959
2452 1500 3137
2965 3111 665
1044 2300 9515
366 1200 1919
2999 1214 4872
1977 2148 5423
2480 861 6974
1694 972 9572
378 1037 3277
1658 1042 9133
491 400 1739
2462 256 1470
643 1241 2681
3187 2706 4926
173 2908 8229
669 923 2149
1285 184 6316
28 2292 7028
3032 2969 8443
49 2604 2175
1280 2119 2262
486 113 157
3020 966 3135
146 2290 5523
2797 139 1497
63 2583 4725
1601 1945 6304
1677 2380 9197
1844 2908 7147
2445 2098 734
2143 1695 8469
1224 540 2870
2964 679 8175
198 1694 8170
494 644 2710
1115 1974 7344
2398 419 744
2811 1485 6495
3083 1260 5029
2051 1879 8012
566 128 9667
109 1034 9666
843 1196 1740
1696 981 4317
943 1881 8230
2531 2138 413
580 1544 637
2340 1612 8452
1130 2636 8117
2270 2422 7863
866 1399 1650
3121 681 9103
37 139 9894
1931 1076 1122
546 1092 9215
2526 397 1771
183 150 6625
1071 2449 4404
1582 1618 3834
2736 2063 5397
1774 786 8986
2774 589 7267
2284 2257 8666
1819 1654 4631
1222 2277 368
15 555 46
2804 2991 362
726 194 5652
2601 1088 1385
3194 1700 4320
523 1172 5908
3134 232 7232
503 2914 774
736 1183 8476
679 783 4223
668 1631 9273
762 1878 9841
1798 533 3022
1351 2184 4352
504 1579 8687
2189 1105 6722
415 2884 772
237 1895 345
995 888 5058
166 1429 3724
587 1119 4192
1860 251 8968
775 840 9612
1652 1668 2113
2141 2361 3726
394 99 6320
2940 1726 92
427 792 8155
2193 2091 7804
1207 2991 7849
1859 299 1788
2713 1253 840
2105 1838 3603
368 2578 4690
2547 2399 2747
2801 3191 9669
384 410 9776
2878 1794 7766
970 1518 5381
576 1595 3876
1407 2421 8854
297 2923 9910
2605 1201 137
1660 3161 8647
1487 2578 1030
1718 231 8867
2823 828 6814
2072 2296 7450
2365 975 5329
2632 2337 8583
1463 365 7336
67 1807 9269
384 2529 3438
119 1238 6541
1724 2842 2710
2817 2386 3825
214 1220 8224
477 2398 5193
2198 2969 2546
466 1752 4536
2712 964 9715
2739 1090 8184
2482 255 7841
434 2596 242
1380 2944 7013
731 333 8997
2060 1981 7210
681 1915 2824
1478 2365 8958
1072 119 5957
1013 76 7492
158 39 9514
915 2107 9069
1042 2558 1181
585 673 9901
672 2195 5026
1909 575 1790
625 3155 5540
238 749 6890
875 1438 5684
2367 3065 8882
2500 254 8385
3027 2614 9083
1771 417 3248
2919 779 5334
2739 623 7680
2573 2530 9467
2239 2482 7269
299 2225 9182
3070 837 6771
2902 2565 4379
784 2719 1905
2069 1432 6154
1732 1325 6819
2894 1811 2034
560 2469 5257
1116 1350 5773
3195 2106 8730
2057 3109 1135
2114 700 691
2234 432 2432
534 721 6631
2092 2723 7560
766 1898 4038
557 2405 9362
1407 146 4480
485 1457 2630
3090 34 8612
2957 2651 6262
1607 274 1882
701 247 5141
1705 1037 356
132 2690 9519
1113 2795 9089
775 67 8065
2999 1396 3963
1183 417 8630
2786 2540 6561
84 1501 6602
583 2616 29
420 2245 9692
527 1033 6597
2742 3074 992
1185 1771 8129
2521 2030 3295
2168 1707 1433
2410 1580 4373
2956 1447 7019
1497 2704 9087
3070 2633 2711
2151 1160 3637
1263 1897 1571
2642 1773 3323
109 2073 581
1169 1669 8035
1010 2128 2880
439 1057 632
2499 2767 5135
421 2627 3917
2579 1963 6428
226 3156 9550
2541 259 6968
1477 1087 9923
2052 3123 5710
117 2140 7757
171 438 2168
2788 904 4705
2074 1272 5436
2848 759 400
1105 1727 2032
2261 682 1301
2478 1516 225
2735 1905 7621
2542 2776 7420
3127 933 7858
1869 619 5826
1974 786 978
597 310 7767
281 1524 4232
934 1710 8875
1734 190 8662
260 1010 8784
2321 772 4219
1847 2149 966
2662 2604 3914
755 1975 5609
3030 2303 3517
2091 401 5586
2967 1199 1656
231 1966 4641
1039 1672 8658
1799 311 6906
790 1904 5065
1399 345 4042
2168 494 2547
2262 384 4694
2757 2165 1198
2676 156 8378
2567 801 8229
836 1045 7611
174 832 4793
293 2898 1576
2165 801 3073
1857 810 110
987 747 2193
2710 3061 5528
1865 905 5347
2712 110 3789
847 47 324
3031 1365 6750
2789 1287 4571
3053 600 4988
2125 530 5882
2628 1751 5771
1086 3043 4797
422 2447 8312
2564 3198 2631
766 106 6682
175 474 6645
501 1200 2067
1056 3004 1080
275 2979 2987
1968 2436 9182
2588 54 452
2260 2251 8053
2400 2414 3506
2176 1093 7240
143 852 8160
653 2080 2308
1631 2642 8814
2425 842 2712
711 2229 617
1046 975 7081
2330 754 2182
1545 2470 1140
2461 867 4987
781 3028 1288
1204 2573 6853
3081 1881 2873
211 1549 5224
2374 2755 1817
3147 1942 6125
397 1961 4374
2261 2023 1417
1106 13 5367
2589 1055 3428
1832 2080 6957
729 1180 5130
2261 1466 2459
1611 952 8578
3110 2864 4821
1592 67 7168
2547 1784 7530
1119 2538 5142
2309 36 7396
2390 100 8966
3084 94 4824
996 3101 9839
181 3010 6049
1269 1184 8306
194 1825 4580
2810 2387 1510
80 367 5358
2033 2490 9331
923 2488 4394
1389 1391 1241
473 1492 8261
276 704 9911
1557 1941 8551
1672 2836 5456
1447 1441 9705
2001 1497 1114
221 1648 7117
803 2614 9771
829 2470 9269
1969 2576 9098
1560 1242 4949
2596 908 1719
760 1171 2307
992 2843 6509
537 2845 7259
576 2149 1746
1290 3081 9316
889 1211 8652
2180 480 7257
134 2777 537
429 1903 7665
1265 1870 330
1816 2930 140
1775 3078 6137
2853 3117 4030
3180 1732 176
265 173 9113
337 1005 7701
2457 1780 50
1387 3034 6736
2263 1549 9047
948 2278 6829
1567 867 5111
2624 3086 1616
453 2097 8243
1466 3103 2558
1234 2799 1035
1952 237 4151
1938 1698 4119
538 487 1798
790 1879 5079
2148 1130 6586
3095 2853 730
3052 2835 5310
1481 1175 2972
2193 391 4328
1792 994 891
893 2829 514
2897 778 1351
1698 1785 9238
1890 931 5318
900 1487 7774
1055 1746 8793
576 2949 4988
1530 2689 350
2638 1414 3286
565 528 6525
2490 1357 8773
1161 854 7793
1319 267 8407
1569 1201 2081
1428 1437 2487
1178 1266 5068
1160 2618 7898
15 1857 4147
331 2363 2795
3106 243 9603
1459 995 2857
2529 2780 6209
2899 1203 9642
2136 850 9614
2451 426 7819
146 1589 8854
2885 702 1744
2273 3093 2077
46 369 4881
133 3050 7900
1677 3048 2321
2877 3133 927
2362 493 7264
2519 1916 6122
2968 3117 7275
591 357 1235
87 2714 233
1522 2678 1635
3007 2733 4291
1274 2104 9274
574 2961 9462
2455 114 9390
1159 1385 542
2399 483 6684
1023 2586 3709
2619 1289 340
824 2789 3625
1540 3034 487
2396 917 5884
2570 1042 4759
1341 1851 4830
322 222 6251
2823 647 3757
2649 1265 1121
3126 1753 1446
2401 2204 4439
2385 1803 6252
1343 1850 2186
1885 2331 4022
2265 446 8899
2304 2308 8742
3065 338 1193
911 2016 4400
1881 428 7912
1309 1483 7155
3038 3001 6389
1393 1092 8538
2826 2255 518
1326 815 5805
3040 905 9171
1540 2788 7326
2521 2431 9424
1672 385 3504
1862 526 3427
2289 2066 1884
1621 776 7674
1019 2757 9550
2178 122 3747
605 1197 5316
2665 1296 1085
277 728 6592
397 1414 2940
1908 232 2964
599 255 768
145 1462 3393
1499 287 6372
1992 1856 5105
1283 2569 4721
955 1908 6713
1867 2791 1321
738 2440 4103
875 2235 2632
391 1268 4430
1775 2557 3408
1933 838 6572
2601 1873 9856
2059 1405 3116
2607 3180 1914
1191 2390 4872
76 74 2550
1363 1171 2174
262 2724 5555
2391 1045 5262
176 1932 8524
1063 262 227
2305 1338 8290
2669 140 942
3028 1251 3282
2384 2099 3849
255 2520 2477
1854 1734 8283
859 1027 9148
1507 944 7484
765 1604 6600
1930 2733 2954
60 461 330
2514 2932 3545
1788 3078 2461
2761 2560 840
1862 2606 5823
3106 2968 5825
1952 107 9601
1952 1994 4108
832 2595 1790
809 2493 6148
3129 1565 2936
1742 750 7864
329 3160 3058
296 1021 4001
2215 2783 8388
2448 1289 7677
152 1194 5736
2398 1544 2302
262 2489 7264
3016 993 5481
351 736 9623
1339 780 828
125 2759 9366
2252 2196 3976
1948 1813 7388
2553 820 6370
1284 2595 3984
2132 2480 7409
14 373 8223
1114 1174 365
24 3178 7813
2618 2133 1875
1167 1816 1590
2615 526 2599
120 266 3788
2031 218 3206
2882 534 8951
1035 581 8691
2856 2672 8369
2634 245 5914
1519 969 7437
2528 1750 5046
2120 1039 3160
612 1574 8360
1968 93 4292
2352 1569 3740
2901 1803 195
3116 2774 5449
1289 2703 1519
1438 1897 839
1900 3046 3792
2167 3005 2412
2474 424 9907
1611 1082 7001
2414 1731 5095
1570 1346 5318
1467 1737 1662
2449 2777 5154
1803 428 2929
2733 2153 9090
2991 627 8763
2599 2043 227
838 3191 1064
1072 1519 4532
1871 767 7082
1662 2594 5682
410 692 2276
2584 1282 3839
733 937 2235
2047 374 9171
1595 785 2321
658 1485 4614
2309 886 8955
2583 1080 5507
1572 1160 2953
180 2347 6903
1109 1042 9240
554 2221 3730
1621 3054 7686
84 2478 6370
50 1655 5196
3108 316 8378
1948 2889 5703
451 2977 4820
566 1709 2514
599 2948 6552
1958 614 1600
1449 2167 3307
1641 14 9182
125 1052 1598
798 1066 5733
1731 1052 9396
1234 1845 3702
1806 1671 7035
1330 697 4447
1786 1892 4640
1473 188 913
460 1534 1705
1049 2497 8183
2986 113 4949
2232 2384 6806
2158 3092 7962
1936 1829 9786
3 891 5839
1514 3033 4346
3125 2057 949
851 1121 8551
1002 413 412
2155 3164 1682
1741 832 4963
71 75 3414
215 2146 5222
963 2907 5566
435 1407 8146
2211 2619 3252
1614 3147 3106
1388 3100 6989
1762 1103 8030
1815 162 7357
128 1367 6119
1888 1367 3410
1512 1685 1978
2815 2046 6238
2256 2028 4570
338 3052 1
992 1272 8604
2836 2795 7423
1395 133 8433
262 2126 5395
608 1059 2806
2197 2143 7684
1680 2865 5319
1920 2736 4192
1003 2019 8359
2937 1993 6443
2236 976 7832
2568 2532 108
2712 2295 2608
331 2579 4039
2430 163 5674
1257 391 6975
2074 2616 1858
326 2229 1426
2450 2093 7839
404 1402 6369
77 2512 6962
1003 2046 9756
755 874 487
1740 3062 1734
1395 1437 1805
1211 2677 4239
1986 2269 3777
582 1035 3258
2105 1594 5325
1806 3126 4256
2103 520 5385
1743 1835 3261
1836 234 5024
1708 7 9989
561 661 9350
716 1623 6580
1613 200 4068
2570 1221 3101
1541 2791 8120
2814 501 7139
1753 89 3489
853 1108 8818
492 2785 4150
236 1535 1558
851 1317 2527
751 2005 4661
2170 2106 867
668 2848 3473
1419 3070 850
2851 2385 5031
666 1294 5433
1939 2203 4990
1813 2178 8259
739 1336 9730
632 601 9114
3164 2896 9066
2607 2203 9544
838 84 9825
2152 1863 835
874 2715 8819
766 2407 5270
3095 2710 6380
2118 724 8096
1040 977 2780
2621 1652 5692
1327 1901 7622
857 312 9882
1606 2074 9057
704 598 7962
3006 821 4125
2210 1186 3303
2301 990 1312
1389 2925 5321
1625 230 2201
2692 2227 5366
1575 2461 8572
3177 2784 8152
972 696 8872
2596 1448 4671
1604 1653 3469
494 2690 3859
2429 1689 9723
82 1174 6788
2539 2507 4532
1260 2609 2865
1864 612 3866
1778 3025 9409
313 144 9897
1226 3178 7
1805 2196 9693
1475 2565 9489
1356 378 1655
1248 120 9431
2194 755 6482
455 1550 1593
1487 252 1057
848 2359 1851
2465 702 426
2282 3176 2205
527 86 7280
507 1859 1216
50 344 9418
889 2615 4993
941 1383 9231
364 311 6283
2156 1319 3445
3039 1624 1389
1260 124 7192
2432 1653 5322
1772 2295 7825
979 358 7193
1906 271 679
2878 2242 2723
2461 2020 305
1695 438 9313
735 1633 3479
1308 1198 9552
471 1559 2154
2052 1744 2357
2645 2973 2694
3198 1931 4286
1902 1498 934
299 2088 5279
1314 186 690
1470 1025 4318
2598 22 1174
636 1805 9817
524 2038 2378
3111 759 182
2082 738 2883
1861 2710 448
292 2223 2274
1698 504 287
2959 2600 7696
1831 2355 2962
2976 1815 834
800 1972 4935
2346 517 4767
2112 3139 397
1983 547 5898
1042 1315 9821
21 165 812
2961 871 6756
2060 2197 7065
880 2736 8039
1367 2147 959
3146 1750 9225
2302 334 2053
341 2377 2732
1762 2443 7851
2679 2221 3797
2115 1076 8701
387 174 4625
2379 1490 9670
322 1036 1354
1966 1747 9956
2735 1185 2718
114 2358 3144
2664 2187 7086
32 2539 8591
286 1234 8350
2927 1045 9322
92 1221 1865
775 2839 7708
1297 2948 2745
2021 2460 258
2944 1533 563
453 2309 8584
1670 974 9954
199 1638 8777
82 469 6432
1348 1894 1895
1492 1629 346
2189 2390 1804
1367 873 5564
2783 733 7638
216 1320 7073
2642 1807 2988
3042 2203 8385
2532 2046 2332
2060 2521 9788
557 2904 9056
2744 2220 9819
29 1142 1648
1501 2593 1012
414 909 6922
350 1571 4476
2799 720 288
302 805 8419
1246 1381 634
1160 1217 278
846 2272 234
1041 383 4505
792 2752 7438
381 808 4578
961 1497 8631
2566 831 2574
2396 1402 2765
2706 2604 4684
1616 2289 2121
1733 2632 6664
328 163 834
2011 1224 9688
734 1164 3899
2953 2075 844
1912 2475 9516
2101 2813 2746
1685 1146 295
1926 2824 3378
1413 1518 4178
2721 2221 6151
1946 2682 498
930 1094 3252
1830 2868 6829
1488 1594 3918
130 2113 5899
2463 251 2078
116 2546 2111
2180 1775 7670
672 1975 5633
2002 1092 509
2970 2234 7032
821 559 25
386 2245 7205
2170 1036 5956
3176 1655 7315
2911 1853 459
1006 2212 7789
2830 2513 728
736 2552 6574
2510 291 5028
2612 3159 4713
869 365 8821
1843 1655 6440
2108 2596 1009
2721 579 8305
1329 1019 2535
290 1470 7014
1157 864 856
1983 880 1690
630 29 8136
1150 2666 656
1801 720 4221
1428 214 5564
504 1345 7588
601 1266 6941
3184 1588 7851
1083 945 8303
1161 262 7389
2571 260 6187
2847 656 6995
2809 1590 611
1453 233 8276
1570 2409 6010
903 1607 5539
2309 2271 4834
3 1493 464
2432 1035 5417
435 90 1378
3140 2551 9753
163 1645 7330
1679 1904 249
1100 1888 8418
660 687 1204
298 3063 7206
372 2646 7297
820 1034 8032
487 1673 6214
294 2149 1223
1498 1744 2292
1887 1322 5391
2790 1979 9912
146 1598 1797
402 1067 5562
1996 532 4400
707 2644 6903
1443 1943 7566
1461 675 20
541 605 5659
1967 1096 2805
181 2681 1985
1421 1376 3220
138 407 4025
545 2657 6218
1634 3001 17
2017 1615 7991
694 46 492
1212 256 4767
1173 1998 3603
742 403 7560
1098 252 8945
1365 60 1016
3151 1540 6667
2423 320 5022
246 2115 6528
889 1717 4990
1309 2650 13
3137 1351 7001
789 2384 1496
2237 2961 4976
2064 1784 348
714 3144 3600
1109 2574 1652
156 691 7370
894 110 3107
3088 2030 3607
529 2899 8140
1339 596 1550
598 2860 439
1925 2305 5484
2150 916 3151
474 1943 6042
2595 2873 7099
1254 1463 7057
1917 2237 2764
533 1431 6035
1057 2751 3395
1352 299 2802
1021 1914 9229
1996 950 7180
2456 1501 8247
1437 913 3605
369 2800 6275
2462 1237 2003
1804 1824 7126
485 3081 3844
242 1588 3065
398 370 8963
62 2185 4383
2575 345 931
139 1558 5990
2157 3147 2986
142 491 85
2162 587 812
1567 574 8704
168 1759 5204
380 1029 1140
746 1542 1353
874 823 1729
1732 237 4068
406 2946 3850
3171 241 6346
2273 1687 7106
1747 438 2893
3056 1972 3924
2169 80 2468
3193 537 8990
2661 766 7796
2395 285 2214
3073 1575 9188
2361 152 82
436 2672 8912
1317 1847 1572
2910 193 7231
2943 60 7216
2764 58 223
107 494 5185
2992 618 7036
3191 1770 1725
1622 3060 900
413 2709 3185
391 1059 7686
2885 2404 2250
2730 300 9156
2574 1836 2237
1530 904 7068
2964 351 1732
2459 552 5122
1174 1918 4812
578 723 68
3171 327 6230
1780 1432 8175
1735 652 5590
1022 1124 9324
65 2593 2754
2161 2580 2830
1978 998 8429
1023 2172 1712
2413 1211 2133
2146 433 5583
1542 1006 789
614 2049 3691
2196 2112 6044
2233 3100 9452
41 2253 3235
3065 1602 2920
2540 2259 6394
83 2922 3150
1856 2145 825
669 952 5192
629 891 5671
334 2062 9410
2783 522 8102
3131 390 3396
1718 1894 4673
1731 3057 9831
1460 1107 3348
1234 2119 7633
991 499 1261
2403 894 3083
434 2263 2614
713 976 5262
2606 1178 9862
624 2165 7263
296 371 4450
655 834 2259
273 745 9245
1591 292 1085
634 2517 2663
954 155 4143
3123 887 5345
456 563 6706
1386 2280 3482
1806 1056 3107
1895 718 8370
1751 1752 709
2301 1978 5247
789 3023 8209
2083 3080 9844
1684 94 8356
1724 468 8930
734 2483 5258
2000 1380 8073
2173 394 3110
2238 600 258
1224 3161 5504
235 1174 3060
2867 2443 8522
57 1896 4201
2792 3096 9040
1980 2289 9684
2741 2989 7768
485 1758 1761
2033 1678 2409
2873 2278 8211
2124 2150 9549
2684 2551 8009
1985 1639 6231
1540 542 7469
3073 397 7461
3193 2038 7209
962 1615 4818
2780 1979 9956
1819 87 8310
2905 2901 3499
148 1851 3196
1919 2225 8240
1731 3059 395
2445 2131 8947
3119 681 8301
1651 942 7417
1106 1630 5584
3023 2924 6511
755 399 5835
3166 1337 9599
397 2270 1092
2666 824 3165
1728 13 4425
3087 1555 2506
1792 2889 1275
478 1655 8754
2862 480 1078
1959 3145 6996
2247 264 3743
1337 271 9982
795 2631 6022
1777 95 9693
1986 1971 9943
1433 2468 1393
2180 650 2601
2357 321 5099
1217 2437 1757
2170 1001 548
891 1771 1991
974 1247 4167
2831 1289 9048
1667 1278 8860
37 1206 6909
667 804 957
943 173 3764
535 1966 2618
1173 2658 218
2445 498 3064
1083 899 3114
486 2980 4060
2999 982 6336
2815 931 7992
3145 1641 1654
2926 2237 4109
2966 2881 4104
25 525 7882
392 2028 5223
3112 987 5303
2338 2859 9743
2450 1091 450
3192 2583 4011
2160 1449 1286
322 1621 7454
1873 1654 8219
321 1939 1775
1668 1285 5618
1595 707 1136
977 161 9300
432 2105 4526
3093 1619 1341
443 575 8059
2728 2103 9735
2537 525 403
389 2326 9589
1464 1018 7723
2083 2718 5480
1688 690 4764
1669 430 8005
1009 706 8942
2198 500 1899
528 1141 1505
1313 678 1916
2410 2027 9091
906 1792 7075
23 1200 1712
520 186 3667
1976 2114 6813
1066 915 2428
843 547 7325
3031 1677 9663
676 1828 976
3171 1754 8453
2443 103 2074
2717 230 9421
2248 2459 6070
385 644 1352
1817 233 462
1452 2632 9098
2909 1804 2527
1714 614 1724
1842 2019 6969
2980 2765 3617
2040 614 2370
310 2633 3468
1262 1470 2932
1923 2703 6197
2281 2122 3442
1119 3166 3789
2016 1048 1525
400 1571 2268
2591 340 8483
772 733 2750
531 1173 1549
2072 3195 3372
2000 257 9650
1316 794 2461
908 3060 1255
591 496 6479
184 1448 320
585 1505 7677
1412 1506 826
932 100 4414
1008 2461 3589
601 2926 5598
956 387 4884
665 1008 8660
1866 341 8255
2188 2813 6907
2378 1030 6881
1789 937 3013
3110 811 494
2661 1228 4393
3144 2987 1717
1676 2593 9276
1653 1415 4720
2247 1643 5546
2557 1689 4351
2209 1446 7903
1117 645 562
1557 599 1887
1036 879 6757
2993 159 7435
1690 3007 2731
1912 1990 6451
2157 2135 7774
2809 2905 5490
2019 390 4074
888 1990 82
1361 580 4067
1033 1014 4902
1811 2205 5109
2731 2583 1362
2081 207 6772
1517 1802 8624
353 1379 9226
1349 1862 2692
460 3085 5962
1866 116 5427
908 2635 446
1409 2561 426
647 1441 3283
488 2821 5698
2977 2542 2898
2507 421 7376
1022 2850 6819
1719 535 1389
564 2334 6294
2004 1939 2256
1422 1310 5716
638 165 856
316 2779 7540
1030 1428 1023
1826 1285 6937
3013 596 1210
2084 1084 62
2520 503 7655
1400 3173 6974
415 973 3565
2840 1715 6040
832 2212 8209
2323 2663 2455
443 2061 3098
1536 1671 6891
931 1800 6523
2820 1912 2203
3106 1553 4074
2241 1262 527
1341 292 3016
1901 2232 8354
2901 1132 7358
2748 2237 7339
1542 2409 2627
249 2320 8689
2351 317 5985
250 961 6193
3004 1766 6664
21 818 816
1617 617 1278
2634 2627 2926
2688 780 5351
221 647 5544
2638 1627 8779
1179 481 712
1805 2712 5213
857 2219 1275
1395 703 5263
2751 2629 4682
3052 930 3388
1949 973 8950
2667 3109 8024
1556 3116 875
1807 99 8040
182 392 8076
371 2974 5351
2615 1581 9136
536 793 3592
3026 1761 5960
1869 2201 7899
1801 2411 4587
1315 2222 5976
1268 2589 9567
2472 1089 3295
2035 1816 895
3049 794 7092
877 1016 1991
1737 129 4936
2203 468 8486
1581 2239 7144
149 2430 7105
1489 1661 1195
1611 1804 1891
2440 2752 3576
1603 1996 8170
2462 2972 9210
1202 851 6494
1696 423 1768
2814 1756 6936
2223 2889 6781
640 2267 4091
2509 1482 4137
1528 2267 9004
504 2759 8365
1130 1222 1204
1615 496 487
2441 395 8315
1902 1660 6918
2588 993 7682
1986 2151 3848
277 3042 7172
2352 2243 4805
1207 2983 8355
2670 2869 7778
2656 92 7589
1737 1152 6952
3141 2431 5633
1538 1565 1924
3096 1893 7572
1375 766 2680
2804 657 8983
2163 1937 3244
1338 2248 4487
1667 2663 7469
1722 150 9614
662 2338 5053
718 2985 8216
1621 3167 2699
3031 1203 2195
1977 1532 9656
1941 2280 6483
262 1824 6630
1115 1816 4758
2839 2158 1286
2868 1739 3058
1663 2372 809
18 1429 1163
1996 1294 9903
2462 2612 8717
1266 99 5138
1047 3025 6755
1920 2491 4351
2260 3116 528
1145 2782 7455
1706 2305 91
2387 1541 9023
1224 979 3094
2606 2531 671
2571 3173 4364
2855 137 251
1690 202 5930
590 454 4444
2604 659 9228
3032 2467 805
2998 2642 929
177 53 9155
1922 2040 7344
2765 149 4701
1555 3087 6660
1230 581 8807
625 1860 8739
544 1365 3029
77 2873 7226
3186 1067 1303
1426 2695 142
346 63 2537
3200 1634 8033
1722 3131 9612
999 2377 300
243 1425 7028
1617 2376 3929
228 395 7570
2447 1892 1223
523 896 5618
2818 2150 5716
790 2758 3691
1174 404 7775
1641 2437 9449
1982 449 1700
1722 2066 8641
2657 2969 3570
1712 1770 644
1721 3110 1265
1452 1038 987
270 1258 3026
2255 3135 854
2329 1334 1895
2214 751 8614
1066 2259 8467
1617 1735 4036
2591 219 4343
176 693 4771
612 274 7252
144 463 4575
2422 2660 4277
618 17 128
480 1141 6618
2494 1048 3838
1179 2555 1615
2642 3131 6678
1942 2742 5249
2690 3075 5323
1228 682 6395
997 3008 3854
2859 1418 8101
3052 1303 5200
2653 3180 6039
2271 1672 8168
1023 2324 7916
3171 603 5813
3116 2072 866
857 2486 6794
46 182 1750
418 929 3471
1739 150 6265
2899 89 1148
2705 2187 2485
21 1922 1603
967 2056 5023
2038 1624 7301
184 742 3225
57 1161 6964
2615 35 5052
712 1414 7514
248 2211 6004
1181 2132 9491
2596 366 4248
1777 2525 4205
1771 2361 3108
1361 2226 1129
2418 1984 3676
541 3126 854
557 2334 9685
1328 2211 8365
939 2786 312
485 2251 9082
2885 1446 9423
2881 2978 7822
1280 1135 7419
456 1078 8633
460 1707 207
1032 1183 7504
11 1863 4224
1178 933 4804
3059 327 4704
1538 2485 8387
476 1484 7083
1964 2921 7347
172 1803 1576
152 439 7095
2702 447 4448
1322 2510 2117
686 337 5916
462 2767 1397
1364 1616 5779
1827 3142 5105
1065 556 2525
776 2707 7950
477 206 5105
1217 932 6741
727 2573 1574
917 1453 8250
2935 1705 9565
1261 3075 2692
1000 2162 1188
2449 1703 9340
682 457 7657
1174 732 8339
2119 3003 3259
1264 577 29
1567 2564 433
2704 226 9663
1884 1722 9571
2751 2732 7305
3034 1192 91
1460 210 3485
734 506 8175
491 1580 1079
1037 1706 7945
1389 2122 1494
75 184 4830
1830 2289 3079
1116 1976 4089
2595 2369 4582
1675 183 5100
3044 2260 6266
2103 2281 9259
2028 235 5504
515 212 3290
487 2808 2742
1480 2405 9615
57 2569 7602
399 1044 5220
2378 468 1338
2491 245 2923
1796 936 2343
2629 525 7615
18 345 1784
71 433 7900
892 2985 839
1262 415 1267
1993 1572 1587
497 2703 8893
2046 508 5078
1771 2957 7196
2082 318 9596
637 1542 273
377 1914 1642
774 682 8033
2409 857 5283
1066 835 8498
1774 721 7851
289 799 4430
2696 1689 6084
495 421 2497
1719 1090 1333
392 638 9241
2987 1041 7842
633 786 6746
2680 1599 1811
2640 3127 4941
1714 832 410
1727 1552 4259
2354 2117 4827
223 164 1694
2544 1093 35
362 2811 3477
1795 3072 2680
379 1476 2329
2777 1064 5575
1954 733 659
2320 2066 8531
2494 1700 8932
2848 802 3277
2006 816 8811
2789 278 9216
1411 938 9707
2648 2952 8070
1924 854 3165
1565 3195 901
2896 1820 489
1126 212 4595
1309 1093 15
3123 1232 2138
2918 1228 754
278 1783 5658
1502 132 1066
1501 1987 5609
2633 828 6155
600 1971 1863
159 2915 2197
1431 305 3569
2227 2051 6343
2870 2852 5465
2309 2872 4309
3055 74 6211
834 1236 9989
937 1961 6325
1876 372 9875
3103 3158 3192
869 1877 530
1608 2909 4067
228 778 5326
1021 2022 2901
2666 879 9840
355 463 2961
1895 210 6640
1979 2509 6710
432 988 8262
3167 987 8623
2990 1061 7097
1323 2773 1241
1316 2510 5173
201 1670 5485
1295 1513 1087
2129 1821 6231
1191 431 7631
269 3013 7877
228 1938 9688
2492 843 9087
380 955 8409
1062 2826 8665
2072 817 9587
479 2865 6130
50 1649 5285
3142 199 1487
1731 337 8279
2143 396 3106
911 2199 2916
806 996 2438
3193 3020 7779
2653 3062 682
1254 1108 4556
339 2605 8168
2566 2816 4496
2380 3173 4265
485 3003 3568
2763 2455 8242
259 635 3773
1690 1652 7097
1595 1736 5963
1260 2279 5673
442 2579 1473
1170 1730 3049
510 3011 5062
490 1855 4612
1925 1688 7007
415 2223 7435
1809 621 1246
339 108 2423
593 1072 4251
922 898 156
3086 341 489
112 1427 7561
912 1036 6305
2509 980 1231
2681 157 8020
1109 2512 6977
211 239 5400
2666 1803 9388
1331 1915 1460
636 3083 1221
826 1667 5225
829 816 3184
656 272 3592
180 1034 2712
2073 2925 4499
2288 58 6327
52 1157 7074
1671 3142 9927
1202 1283 7782
2063 2124 5484
932 523 3455
2382 1436 6516
587 1523 1501
1290 753 4830
1315 1263 8693
709 1672 5910
1271 712 7503
2670 1158 8046
1757 3075 1317
2048 363 5180
529 1234 2138
15 2102 8754
1731 2865 649
3181 207 8866
796 2555 5427
685 2913 4874
767 2053 6077
2674 2225 2901
1599 28 9920
221 217 9060
622 694 1338
2693 2540 3778
2797 3074 2560
1261 1343 2430
1026 2216 9644
1186 58 3824
3138 3112 3590
898 2156 3950
1386 949 9791
2093 823 8349
2324 1940 2625
2730 3120 250
2718 2931 5653
127 2031 9016
1535 1012 1687
1009 939 9081
1867 1620 1789
1516 2913 1112
1044 1874 1959
310 2731 4959
676 959 8837
2260 665 1264
795 702 2260
1123 3090 587
2967 2694 9105
1343 784 2599
1578 2380 5928
182 821 3814
2259 397 8601
2934 2190 1005
1156 2124 5415
1764 587 373
3187 1151 3952
126 2547 5108
1902 2551 1882
2398 309 2946
2551 521 4869
1145 2885 821
543 1272 4593
1465 1267 1054
1841 1085 7178
659 2359 4664
2140 1040 645
2911 676 6449
1394 3153 7719
2970 2445 5263
2624 1584 9438
1632 2709 4668
1337 2824 2116
420 2386 3669
346 2030 2250
1017 835 6590
1693 3074 7832
1640 2540 3212
1113 2244 262
896 1396 3140
199 1444 337
2892 181 470
361 2574 7279
419 673 9923
2101 2307 2836
492 1842 1246
54 471 8151
2822 2024 2979
2033 1423 6858
694 2668 7814
604 2377 9584
553 1545 8055
682 116 2964
2282 1966 6196
1934 2130 9401
846 2298 1876
651 2044 618
1712 2901 2877
2878 319 3334
3133 692 5464
2493 345 5080
847 1386 7559
1091 724 758
728 2011 2415
705 1085 4501
3024 1249 2189
1861 2339 4869
957 221 6118
1177 1245 4379
520 1916 3744
747 1794 3303
229 2676 27
1034 1565 3631
309 2056 617
562 1231 7937
246 1765 6517
3037 1940 3622
3148 2828 1270
1848 883 9683
1287 644 534
2467 2408 9920
2209 181 3912
2849 227 2802
1535 3043 2900
1260 1687 8633
2908 2999 1241
1769 3037 8935
405 1836 5757
792 831 7788
2894 3076 144
1522 1772 9682
253 1126 7500
2189 1619 1490
2569 3018 3058
151 119 7983
553 2771 5323
2027 3193 6683
124 1360 1753
2076 57 6982
361 2713 515
2965 2934 8392
826 2196 6705
672 2901 9385
496 2837 8985
1600 909 9965
100 1385 2140
3138 1873 5563
770 1485 2174
1456 410 7163
286 2975 5525
2515 1290 2332
1291 3175 2151
3161 2032 8266
1576 1242 8485
421 2909 2713
2628 2152 2180
2823 1553 9660
3098 2725 9816
242 2020 6116
729 1451 7215
2140 985 8128
2472 2267 9010
305 1417 6726
1970 769 4588
256 1772 1418
2622 325 1148
1004 1081 4960
2535 1861 7125
1955 323 9389
647 1908 1833
1174 2236 9356
1908 2668 7445
631 509 3050
437 1684 4436
2476 2778 5527
2354 2806 6690
1388 1592 9858
1696 2314 8464
2494 62 9128
1991 1570 5365
1363 3115 5393
2905 2574 96
2255 1318 3202
2447 165 4924
2667 2475 9920
1319 2243 8582
298 974 7891
789 464 9186
992 2776 4856
3138 1318 1692
2057 2865 2065
2021 2703 1936
1658 901 2389
3150 592 202
1377 155 517
25 2723 2379
3093 1017 4326
2900 1500 6808
1133 2541 6475
2105 31 214
2274 19 9258
995 1015 9379
1010 2190 123
2063 2389 9620
1311 1345 4468
3139 1213 931
689 1659 6030
1162 1016 7214
1550 2218 4859
2113 1387 5725
1719 2159 2243
1942 1269 7261
2000 895 7484
1832 2896 2527
1591 2436 8975
2621 426 1812
3115 2230 4284
803 1557 575
2389 177 4890
1049 909 6019
2211 242 4557
2707 3053 6517
3153 314 3445
2669 2821 4117
231 2125 9471
577 2749 2331
2302 2167 3731
2737 1899 1196
2453 2847 9038
1052 2462 9812
923 2684 2942
476 801 3766
2853 2325 1861
3021 3031 7601
1670 3071 6684
494 376 526
83 3086 7597
949 1135 3972
1809 1294 5855
2465 2994 5949
1609 2486 3556
2931 2126 2103
2586 1384 8160
319 1485 7288
1097 1199 1527
272 1196 1765
1382 2564 5118
1162 2495 1621
1426 2382 454
566 1373 7004
2770 3048 4840
2731 2897 1573
2316 1488 3545
455 1789 307
2457 700 1782
1228 485 9311
1043 2067 7817
1066 1717 8373
4 1774 5771
2640 1141 4702
958 2255 580
44 796 6649
710 417 4760
1958 194 8243
1646 2589 3877
2751 1451 6778
790 1904 1262
761 2122 9919
2012 2590 2721
1259 208 3192
775 3022 4367
1739 2641 1951
372 326 7953
2771 2438 1595
1561 2387 3283
952 574 5227
2265 758 6719
2908 2987 2446
1189 3121 6886
607 1139 1598
2971 1402 4697
2160 2013 7753
2249 180 5480
2564 1500 1255
2776 933 4582
2268 886 6398
979 2478 3234
1065 937 3621
972 1840 8635
1357 3163 3971
1507 224 6411
2134 1624 8946
3113 413 2564
1119 2792 1059
617 2045 5575
147 2599 7373
2750 416 8662
943 1338 3621
1034 2410 7865
2641 82 1054
1174 1865 8987
1726 1958 1467
2241 2613 5486
2322 2914 6087
1905 2745 1546
831 1105 1678
1262 2202 338
3066 1089 7225
1019 2846 3888
2910 1091 7860
1265 2908 4665
1271 1602 3684
3092 2211 8086
1672 287 5498
2756 1648 6474
1562 2711 6808
222 2170 9587
465 3162 5287
2550 1047 5167
2846 1024 3314
2601 2942 9029
197 54 9586
1567 2246 9841
2161 1298 9928
676 1232 401
2019 201 5866
1012 2053 9034
1136 1290 2263
1827 1294 8117
1474 2723 1284
993 1580 2755
1733 1004 2330
2455 2826 2887
982 1467 6879
1354 3167 8690
319 3080 5720
172 3162 2683
224 2811 858
2074 2213 4899
2239 1274 7032
2710 2410 1312
669 585 5589
1322 2651 5853
2226 1795 9310
629 1809 9621
1629 260 4467
3081 2089 7765
723 864 3509
1228 2208 8196
911 2815 8687
2839 147 7565
2789 915 6285
1825 499 8735
1045 2821 8780
1149 19 3745
3029 1136 7507
727 1202 2254
1389 1718 8958
2588 2524 2356
210 1043 2094
2114 1818 8335
429 159 5014
818 201 2593
693 2020 2634
2496 2944 520
832 1917 4075
1181 1087 6211
2422 1730 5446
1122 314 2127
3086 584 7013
1674 859 764
1714 484 3500
3083 2903 7461
1886 532 3223
1795 141 5344
3015 92 975
119 2327 8002
2590 2381 2054
396 1492 4699
2062 245 1167
18 2044 2991
3025 1768 5944
83 2993 2603
1311 1098 7167
3174 1350 6985
2495 2342 2032
1288 2292 6265
1660 394 2425
343 2795 5961
2147 1287 1358
252 2875 6558
872 1971 8890
104 850 2334
2736 1409 3375
19 1078 5873
1169 1429 3909
3195 2399 3795
1532 1895 3238
2150 2326 1374
1854 71 9364
1450 1279 6728
382 2530 915
2370 445 5448
2231 2788 2493
1026 3094 3702
2709 172 8863
2709 1399 4711
2158 2839 9005
2444 1726 5156
2909 1418 7592
2826 2314 5877
3017 1431 9539
1985 61 3343
1587 1227 3423
730 2724 2492
330 1542 6617
2100 561 733
2582 2663 735
243 1855 8611
1742 236 8775
2055 2126 9202
2832 523 2310
1728 1695 5195
2111 1451 5467
2506 2945 4762
1581 300 4897
1512 669 6959
1977 2458 9677
1124 1298 6270
523 1135 9697
2961 2759 6951
1244 489 1591
457 1821 7418
210 1752 1815
492 3035 4507
667 2299 4130
2008 1870 2042
1432 1911 323
1123 2753 7857
1168 3051 6554
1894 3099 237
3003 558 2695
2981 1620 39
1563 576 2787
1229 281 6660
1423 2012 7437
364 1638 3744
317 965 64
1457 1995 1916
2925 195 1642
68 1124 7320
2564 916 2741
259 2932 6698
717 2999 8103
1186 10 1287
2023 1595 3227
2019 2021 6887
2026 1242 6772
3 1241 735
1885 897 5348
1798 595 485
726 1245 9302
2034 1479 151
1368 150 9052
2333 2010 391
2386 602 9928
1476 560 9890
464 2783 7256
2520 1997 420
1461 1743 3837
1819 1605 4621
845 2974 4214
3032 2639 8741
1372 2826 3993
2376 2645 5319
221 1660 1419
388 3056 7873
2227 779 8018
245 2922 2757
1734 869 5787
865 139 1880
1284 414 7180
369 2669 1255
512 1675 4216
1177 13 9988
2055 2118 6274
2284 119 7639
182 2886 9773
828 2693 1387
126 1130 6527
1953 2289 4514
1986 1712 2623
1368 1876 2993
123 2249 4149
2345 2606 9253
1843 909 2787
1103 1668 9398
1640 1335 5354
1394 1521 3603
646 971 4534
1299 946 3578
1446 2477 986
2336 972 1397
1268 1267 299
2281 2635 6323
1970 2130 6815
2994 369 4694
1718 1063 7076
2168 1668 7047
3178 24 4593
2999 852 5666
335 3053 6297
3031 1056 1817
2618 443 5769
53 759 4577
709 2297 7949
1785 2045 6618
1676 415 5253
1409 732 8522
98 351 731
1853 2825 9932
1490 2529 2250
2497 2072 1215
2885 2873 1096
587 1732 2654
1187 373 6064
188 2198 4328
780 1094 422
2196 2559 1071
2171 2862 1093
776 555 2634
2231 2424 4209
1337 3083 2196
3185 292 3570
2228 2845 5466
512 3180 7972
358 1466 9956
2622 3091 1577
415 232 5548
1144 990 2746
1516 2085 1206
2956 2036 3210
1416 1222 2053
983 326 9399
3078 352 7400
1382 787 464
432 2943 8867
2591 308 5923
2077 2557 2738
2047 1225 4707
1260 1617 7036
67 2660 4253
1546 1743 1510
2832 1921 2975
1121 1800 2266
344 586 3772
281 2117 3781
3153 2199 6614
167 2181 1686
2726 2648 5054
2841 2050 5403
768 2249 9671
268 2780 9624
603 2455 3123
833 2062 197
2361 164 5564
710 1182 3194
1200 2489 6362
109 151 5224
2334 463 4992
2642 3010 8211
2307 2698 8687
2900 1124 3398
1316 1421 5848
201 253 3732
322 20 6885
2907 1164 2101
1 2464 1190 2765 627
0 1008
1 3151 2541 8490 445
0 141
1 892 1582 1766 966
0 300
0 210
0 905
0 646
1 1403 796 1729 272
0 126
1 2083 2110 5572 743
1 469 1781 5983 988
0 181
1 2783 2769 5 98
0 26
0 874
0 771
0 728
0 197
0 554
1 1685 536 1601 303
1 3111 2355 9553 254
0 885
0 968
0 30
0 333
1 524 694 6162 435
0 462
0 536
0 584
0 762
0 158
0 309
0 631
1 1858 1507 9234 411
0 563
0 156
0 23
0 1009
0 305
1 1873 3049 7278 190
0 474
0 883
1 1202 1446 5266 939
0 488
0 989
0 824
0 854
0 629
0 84
1 2590 2624 4840 800
0 74
0 785
0 94
0 686
0 690
0 843
1 2653 2984 8363 222
0 186
0 322
0 815
0 538
1 3172 783 2841 648
0 402
0 484
1 1860 1891 7491 866
1 2296 2029 9248 820
0 932
1 278 482 9588 321
1 845 1940 9678 218
0 56
0 840
0 1026
1 2351 2424 9361 721
0 987
0 483
1 61 175 8383 628
0 949
0 348
0 722
1 178 2057 8407 107
0 804
0 114
0 1031
0 962
0 873
0 142
0 912
1 1873 403 8486 603
0 199
0 14
0 201
0 568
0 47
1 1218 881 3663 464
0 928
0 683
0 269
1 1365 2765 7292 58
0 139
0 386
0 872
1 1974 168 2622 442
0 102
0 886
0 178
1 2316 874 60 38
0 637
0 845
0 262
0 318
1 1550 1059 846 34
0 41
1 55 2614 158 331
0 497
1 2637 214 1398 238
0 99
1 656 2233 1902 618
0 997
0 46
0 687
0 553
0 6
1 1918 143 6372 862
1 1088 2037 856 967
0 242
0 160
0 1025
0 241
0 227
0 205
1 479 871 3879 100
1 267 542 5078 1034
0 280
0 295
1 1549 193 3197 601
0 951
0 534
0 277
0 148
1 3063 905 8748 582
1 2242 1680 9967 32
1 3069 2452 290 338
1 1278 2491 3618 731
1 2914 2852 8750 541
1 1086 2857 9641 1016
0 53
0 183
0 940
0 236
0 266
0 671
1 2333 1096 2781 1032
0 162
0 193
1 1252 2936 2726 685
0 457
0 960
0 727
0 719
1 1951 2674 3306 858
0 735
1 907 511 5626 945
0 527
1 2892 2568 1477 859
0 515
0 377
1 1282 2009 1031 170
0 744
0 817
0 697
1 3109 1481 4076 219
0 231
1 2278 1455 4446 698
0 129
1 242 2785 7386 398
0 887
0 405
0 31
0 204
0 412
1 1979 1109 1813 361
0 389
0 957
0 61
1 1824 269 153 900
0 889
0 876
1 1777 579 8784 712
0 408
0 480
1 133 845 7436 380
0 206
0 123
0 993
0 344
0 1006
0 253
0 917
1 1223 872 6434 572
0 299
0 79
0 723
0 986
0 171
0 163
1 1358 560 3579 778
1 550 324 9918 372
0 904
1 2601 1124 5673 971
1 854 2357 8694 140
0 259
1 3130 761 9406 103
1 1165 1640 6322 1024
1 969 2605 5867 696
0 914
0 194
0 276
0 678
0 659
1 1706 1293 5136 814
0 729
0 12
0 208
1 1266 2780 1029 370
0 460
1 1983 691 8336 895
1 1137 1145 524 57
1 1156 182 9380 115
1 352 2563 47 122
1 1423 1252 644 1023
0 167
0 926
1 1761 1052 814 307
1 395 618 9238 59
1 128 3014 3459 336
0 1003
0 847
0 775
1 1735 3044 2135 852
0 404
0 522
0 818
0 1041
0 313
1 42 1705 8137 574
0 470
1 3077 2269 2901 417
0 302
0 92
0 506
1 2957 977 5126 291
0 499
0 413
0 750
0 351
0 764
0 89
1 645 59 7957 938
1 2841 1788 5651 705
0 583
1 1219 69 3080 362
1 1418 2767 1672 641
0 620
1 1264 3180 2864 424
0 233
0 328
0 520
0 662
1 161 1418 3804 669
1 725 1317 4748 20
0 747
0 1044
1 2811 1913 5801 191
0 1
1 2381 170 8569 1005
0 209
0 15
1 607 2085 8028 985
0 173
0 354
0 492
0 465
0 278
0 341
0 48
1 1314 2106 1736 999
1 897 1732 2470 88
0 610
0 124
1 1827 2929 4847 799
1 2889 2185 9129 345
0 730
0 44
1 216 2208 3556 486
1 21 3168 2953 983
1 1856 1221 452 711
0 62
0 581
0 1027
0 267
0 550
0 530
0 430
0 72
0 172
0 921
0 189
1 1554 256 1629 528
0 972
0 187
0 436
0 826
1 944 1349 6326 848
1 1400 2147 6861 916
0 246
0 545
0 226
0 513
0 159
0 626
1 171 1928 5034 634
1 1680 2656 3272 881
0 600
0 645
0 915
0 830
1 1725 803 9277 284
0 870
0 397
0 770
0 422
1 192 106 1839 795
1 38 2164 9535 391
1 2600 1055 8338 60
0 1033
0 70
0 101
0 529
0 395
0 73
0 471
1 1212 2701 1156 935
0 588
0 415
0 323
0 950
0 649
1 661 1087 3364 427
0 992
1 624 1100 2750 440
0 155
0 835
0 758
0 552
0 738
1 1114 981 453 355
0 882
1 1377 1505 2423 444
0 1040
1 136 2480 1948 688
0 357
1 842 2767 5685 576
0 959
0 919
1 2099 3106 5973 29
1 1584 2313 654 924
0 780
1 2570 1878 2430 748
1 2625 3186 9416 502
1 1457 238 9192 998
0 169
0 7
0 1043
0 168
0 526
0 485
0 875
0 217
0 956
1 2422 1043 6138 157
0 585
0 902
0 547
0 446
0 1050
1 891 2905 7203 1007
0 244
1 2649 3051 7523 85
0 567
0 684
1 1974 872 4792 964
0 760
1 2555 1549 9745 855
1 144 1196 7494 1013
0 955
0 709
0 420
0 977
0 802
0 946
0 384
0 192
0 681
1 1966 3197 9092 91
0 833
0 270
0 734
1 1066 1677 419 90
1 87 1820 836 176
1 687 2753 8053 575
0 81
0 819
0 310
0 19
0 82
0 617
0 385
0 121
0 144
1 1201 1061 989 539
1 2053 897 6867 1014
1 1746 2711 108 87
0 216
0 759
0 679
0 537
0 8
1 2423 2094 7939 514
0 25
1 2790 2913 6902 737
0 612
0 512
0 76
0 120
0 491
0 810
0 772
0 970
0 1011
0 787
0 910
0 767
1 82 1746 8796 768
1 1674 3022 9358 447
0 340
0 608
0 433
0 509
0 1042
0 813
1 1772 2278 2588 633
0 934
0 215
0 1000
0 106
0 211
1 2677 655 8368 602
1 1180 302 9515 591
0 693
1 342 2283 8810 454
0 410
1 2148 415 3544 166
1 1807 2654 5591 287
0 653
0 379
0 702
1 1155 2963 9258 611
0 374
1 1156 3199 5784 763
0 879
0 682
0 1010
0 834
0 146
0 461
0 214
0 286
1 3196 34 4377 257
1 1075 1272 5369 564
0 501
0 594
0 911
0 367
1 587 1419 4692 739
0 736
1 2089 1027 4967 791
0 1022
0 343
0 675
1 2372 2465 1976 556
0 828
1 662 2661 5336 65
0 812
0 243
0 477
0 953
1 2852 3171 4461 532
1 2688 984 8012 642
1 664 2270 6494 281
0 615
0 224
0 390
1 2890 2907 5674 982
1 1635 2281 8103 792
1 2196 1279 2164 177
0 213
1 2162 224 7191 180
1 882 2431 9627 853
1 2928 2732 7316 203
0 174
0 43
1 1090 2588 3553 414
0 766
0 39
0 279
0 948
0 111
0 1048
0 918
0 511
0 1001
1 837 140 2990 933
0 392
0 717
0 1035
0 297
1 1740 2281 3531 936
0 394
0 432
0 754
0 839
0 861
0 670
0 666
0 937
0 621
0 184
0 425
0 320
1 1521 2037 3599 441
0 549
0 856
0 188
0 324
0 133
0 710
0 994
0 809
0 27
1 1946 267 6139 503
0 283
0 898
0 716
0 381
1 2641 108 7136 605
1 773 800 7944 437
1 370 1068 285 97
1 2848 1952 479 393
1 647 3144 5744 525
0 373
0 863
0 104
0 10
1 8 2010 1031 761
0 317
0 827
1 143 2843 2646 896
1 2297 909 5017 609
1 729 859 89 68
1 807 819 1967 127
0 249
0 1020
0 212
1 1172 526 9041 913
1 2716 1069 4711 308
0 558
1 295 1641 3586 261
0 77
0 152
0 542
0 1012
0 692
0 494
0 779
0 1046
1 614 2668 7020 922
0 624
0 821
0 720
0 587
0 375
1 1332 2993 2891 220
0 478
0 489
0 36
1 530 1209 8546 674
1 1774 2869 9444 288
0 149
1 1316 103 8450 639
0 136
0 518
0 635
1 1908 3012 506 1019
0 607
1 2497 2363 9315 523
0 978
1 1250 1088 2412 877
0 808
0 86
1 3080 2496 6664 443
0 732
0 1015
1 3057 2366 3100 334
0 399
1 3016 287 8604 143
0 927
0 482
0 423
1 542 2970 7887 347
0 753
0 958
0 559
1 3064 51 7241 468
1 971 870 4690 623
0 185
0 364
0 24
0 387
1 2991 458 586 458
0 382
0 419
0 672
0 794
0 175
0 359
1 2206 3022 5161 507
0 368
0 880
1 1908 2062 3284 571
0 544
1 1684 1253 1785 718
0 490
1 1329 2459 2090 599
1 2013 1089 4818 64
0 151
0 245
0 467
0 929
1 355 1780 1458 426
1 132 2856 4490 543
1 2627 645 4015 969
0 837
0 797
1 316 166 8553 11
1 2530 2326 584 1018
0 909
1 1690 1639 1559 996
0 260
0 329
0 1038
0 421
0 700
1 848 2063 2290 493
0 456
0 597
1 2580 781 8747 108
1 1685 1208 9714 52
1 419 3068 1347 850
1 2102 2600 4877 49
0 448
0 849
0 37
0 449
0 366
0 822
0 703
0 481
1 1398 1743 156 54
0 676
0 647
0 429
0 315
0 326
0 508
1 596 1035 8543 316
1 2925 610 9623 783
1 292 437 1144 22
0 1049
0 707
0 871
0 251
0 973
0 664
0 75
0 976
0 255
1 1385 1977 2095 293
0 469
0 339
0 335
0 593
0 519
0 746
0 517
1 1221 2672 4634 105
1 194 2522 9661 806
0 798
1 1109 683 793 741
1 1755 1597 6541 790
1 2850 2923 3375 832
0 95
0 765
0 273
0 908
1 614 1359 6050 773
0 923
1 233 2285 7849 131
0 200
1 232 2086 1347 1045
0 619
0 264
0 774
0 903
1 610 1877 5208 715
0 755
0 472
1 2606 1502 336 240
0 531
0 179
0 947
0 546
0 726
0 757
0 3
0 667
0 701
0 13
0 234
0 487
1 2038 2055 1763 466
0 580
0 786
1 1402 2374 6939 71
0 725
0 40
0 63
1 2199 1242 8324 198
0 579
0 566
0 636
0 450
0 406
1 1804 670 9746 282
0 695
0 740
0 378
1 3114 2023 401 117
0 548
0 327
1 1636 356 1587 221
1 158 3071 6157 838
0 677
1 467 352 2694 418
1 1940 1118 5723 782
0 630
0 17
0 661
1 1946 2999 4727 644
0 793
1 1509 420 4604 130
0 1004
1 1850 1896 3315 154
0 495
1 2192 1945 9272 586
1 1100 1847 9267 689
0 752
0 595
0 363
0 654
0 816
0 21
1 1756 2871 752 673
0 613
0 428
0 578
1 2624 2547 8989 268
1 955 2434 1106 202
0 118
0 751
0 125
0 9
0 296
1 2798 2223 3905 504
0 301
0 894
0 290
1 895 646 5559 694
0 650
0 138
0 496
0 294
1 30 998 903 622
0 230
0 990
0 656
0 906
0 96
0 407
0 330
0 860
1 2009 2495 7113 831
0 319
0 304
0 706
0 944
0 459
0 829
0 803
0 823
0 961
0 314
1 953 2405 1037 638
0 235
0 369
0 869
0 521
1 1827 341 7992 708
0 784
1 2933 2804 9354 182
1 2956 2036 4661 16
1 1289 2098 9560 237
0 868
1 1797 124 1497 789
0 557
1 3179 2425 5023 974
1 2866 2675 2125 207
0 805
0 777
0 890
0 897
0 416
0 311
0 452
0 239
0 228
0 652
0 589
0 516
0 271
0 533
1 1094 2489 9675 954
0 342
1 92 989 1862 346
1 2005 176 4214 248
0 657
0 811
1 1058 223 3670 498
0 383
0 769
1 1643 2183 3855 724
0 145
0 438
1 2028 63 4931 147
1 2317 2749 6752 275
0 153
0 551
0 1017
1 1447 2808 6479 606
0 980
1 1343 3105 8395 196
1 1714 1239 4888 569
1 676 1026 9018 400
1 241 1180 485 555
0 306
0 434
0 358
0 50
0 451
0 643
1 387 837 6771 475
0 655
0 116
0 453
0 749
1 2107 2977 6219 965
0 632
1 1985 3086 4139 742
0 616
0 788
0 33
0 225
0 891
0 2
1 1297 2675 4411 713
1 1536 741 3919 195
1 2761 2137 7585 5
1 2611 3154 7220 665
0 252
1 2596 1965 3529 476
0 1002
0 292
1 1670 1762 1849 952
0 1039
1 3160 2451 5591 807
1 2401 750 9708 801
0 110
1 2324 363 5069 893
1 2428 2965 9563 1036
0 776
0 857
0 1021
0 350
0 479
1 1040 427 76 867
1 716 600 2683 590
1 2443 1061 8370 984
0 371
1 536 2900 2718 995
0 500
0 112
1 2483 1814 1428 505
0 884
0 907
0 388
0 55
0 640
1 2841 1552 8616 979
1 2327 473 8859 562
1 717 2789 7891 473
0 349
0 51
0 247
1 3136 2669 7171 668
1 2850 2287 5811 573
0 332
0 864
0 781
0 535
1 741 1043 208 975
0 337
1 1605 402 970 592
0 83
1 2820 1236 6636 109
1 58 376 3518 1030
0 892
0 941
0 625
1 2603 1566 6435 825
0 920
0 289
0 229
0 1028
1 1179 295 8855 942
1 1893 1676 3169 1047
0 132
0 137
0 851
0 431
1 3139 3103 1129 285
0 67
0 232
1 1607 1722 2539 352
0 4
1 1805 215 5054 540
1 352 2884 4679 614
0 596
0 93
0 66
0 312
0 570
1 760 206 2748 745
0 35
0 28
1 317 3056 3516 888
0 263
1 1807 3019 1067 265
0 577
0 409
0 256
1 1067 2000 8521 119
0 841
0 565
0 714
0 844
0 135
0 598
1 2677 382 3690 561
1 2339 179 9907 663
0 846
1 997 3091 3270 258
0 930
0 680
1 2787 283 6386 463
0 401
1 917 1408 9951 356
0 274
0 899
1 2481 897 2976 325
0 865
0 931
0 660
0 901
0 991
0 651
1 1438 1675 3885 1037
0 360
1 860 1469 5865 963
1 1515 425 9953 439
0 80
0 704
0 691
0 560
0 161
1 1953 1721 1287 396
0 403
0 223
1 1510 1166 9679 943
1 2304 2895 4216 836
0 1029
0 658
0 42
1 2248 417 558 756
0 524
0 134
0 113
0 878
0 365
0 376
0 699
0 18
0 165
0 455
0 45
0 733
0 796
0 604
1 1653 2768 9355 78
1 2178 2452 9331 250
0 353
0 510
1 2107 1891 6799 925
1 3167 794 9030 981
0 69
1 8 2643 3717 150
0 128
0 164
0 298
1 2386 1739 2979 842
