4000 4000 1594
1439 53 940
110 2927 1019
3313 3114 1500
2866 2007 2531
2435 311 793
1946 2608 1127
3661 2234 8890
1496 1503 7322
1676 2900 369
2077 3499 7723
504 2268 8372
3279 1358 4441
658 1904 1972
1464 1969 6753
1855 563 4418
1608 407 7101
1068 1640 4322
3345 974 5166
2056 1947 9828
3242 1452 8111
1457 2389 5538
2192 2895 1495
1652 769 7816
714 3057 1194
1237 72 90
315 644 9412
971 1677 9521
3677 2473 4366
345 626 7439
1174 2871 2107
1390 2990 7634
2090 2086 1895
1818 1331 4147
819 358 435
3740 1539 9684
1204 3197 2715
721 3464 5800
3132 2480 4209
147 1107 9877
2043 931 5202
1333 1586 3245
2549 2641 8204
289 907 997
294 3195 860
830 1545 3625
2990 367 7947
1152 825 6665
1719 2632 1383
769 3665 1519
3905 3915 4090
78 1838 7089
1597 2133 6063
1552 453 208
2906 484 198
660 710 9036
2323 1434 104
2290 3193 9467
2546 3928 4126
2047 39 5408
3232 3312 9971
3921 2643 2727
2274 3355 9261
35 2903 2319
483 810 2945
3648 569 9518
2232 1890 9526
833 3971 5726
2859 3690 9472
1935 537 8046
416 1146 8178
2498 548 7956
1514 3317 9018
1034 573 913
3143 829 6998
3755 841 5910
3324 485 4654
1088 11 1855
1117 3470 4367
2077 735 1527
215 726 374
1917 798 25
681 1959 1408
3675 501 2748
717 375 4487
1115 1225 776
2633 1236 8333
1084 1794 4707
295 2182 9284
3153 3338 5896
1075 1514 8178
2814 2061 828
2199 2525 6030
2789 3528 6213
3746 1139 1818
68 1018 7173
1447 3 3569
3203 440 5132
456 2794 4194
3693 1907 4553
519 3183 9062
2039 1707 45
2333 1953 1100
330 102 4211
3609 1723 6476
1988 2216 3074
341 862 4137
2561 2111 155
589 864 2075
1907 3760 858
3587 3850 7298
2376 3333 8931
247 3049 8606
3158 1047 5963
3052 2310 636
677 2899 4648
1924 901 2429
3566 2400 8722
3299 404 6490
3584 2803 8896
786 3645 6351
3653 1271 4072
2576 3738 3418
3837 2559 3565
3410 1989 9002
2428 2242 675
740 3938 2285
2491 379 7813
1416 843 9409
2004 3026 1093
2395 2317 9786
2074 2454 2025
450 3380 6606
997 3560 6884
3812 695 6976
807 784 9022
1333 2790 224
3676 1938 9451
1434 1999 9212
917 1953 6897
1239 1018 785
2310 1512 4931
632 746 2787
2969 1672 8578
1915 607 5823
248 3225 2526
2657 2125 5328
3713 2702 2382
2377 3212 7047
945 3063 5111
2157 3888 6200
2565 2952 2735
1629 3281 7000
1193 1856 4594
1535 2631 3741
1460 166 9724
941 1684 4899
940 1393 6698
3235 1434 3085
1333 2728 8698
1164 1803 8047
2517 1853 9363
1200 3494 7113
1337 452 6742
3274 3684 8740
2527 3871 2402
2738 560 4956
1382 2368 4286
2644 2735 1948
1014 2261 1103
1016 2240 9042
569 2667 9357
2730 2387 9377
626 1127 7257
3568 3465 9731
415 292 9237
2572 2733 1301
2693 1753 492
2035 2683 1759
289 3776 51
3266 977 4254
2951 801 9987
1044 3890 2712
445 2038 2829
3593 192 2613
2815 222 604
1731 1194 1227
40 1983 3222
2528 31 3061
42 3035 1736
1517 3235 5988
3873 1454 8296
2592 500 9706
1763 835 9089
2370 3381 5649
2345 1089 2078
2916 3449 3738
401 1507 7292
988 2668 5544
908 991 63
965 3153 6726
1802 2039 9922
2239 808 63
2608 3956 1446
72 3202 4392
2750 3613 6272
1815 2699 1850
75 1705 5379
3077 2090 5185
3097 1374 6899
2314 2491 5197
986 3989 9275
2395 67 2337
3077 2457 764
2871 290 4535
26 643 8598
1972 2277 9198
3775 498 904
1349 3310 8505
1403 55 1786
1131 173 8688
603 3486 4882
2829 1650 4322
635 3682 5985
1831 3323 670
3818 2818 2580
3355 2289 892
1950 1233 6308
1433 1903 1084
1215 3368 9583
3989 579 3437
1468 738 5462
219 62 6177
902 709 2226
1463 3010 9875
598 583 1324
1110 3525 7478
3655 3660 4802
2672 3918 8270
2533 1809 5917
310 2218 4097
2867 101 954
2861 2157 3975
3012 3836 2008
218 2304 4158
3660 3237 9006
3610 3601 4965
3914 1445 4408
1970 2625 7282
843 2968 2324
2741 2127 1662
2741 2088 5958
3413 1820 9123
2004 3444 2836
2196 2889 2535
163 3368 1291
3276 1127 674
3128 488 7294
956 1387 6933
1617 3643 4748
1710 3791 9524
2810 2791 5174
2665 1639 3840
3607 1832 4539
1520 189 9875
854 2469 7844
3754 3073 5147
878 3200 526
229 3621 6502
2936 641 6744
3622 3058 6544
464 677 6652
3515 1266 6747
185 820 4618
602 2311 7647
2843 3758 5747
1476 3911 1734
716 1094 1476
166 3179 6586
2716 2469 3433
1458 571 4220
2446 3965 4384
3697 2645 6470
145 3557 3873
421 2166 9876
3474 2388 3327
419 27 3584
2044 3668 4445
1210 1985 6397
2521 3430 3826
2229 1577 3644
3590 3856 1870
3603 3937 9793
3685 1307 486
2557 1271 4818
1082 3272 8459
266 145 1351
842 155 9153
1154 275 3144
1888 1517 5966
3396 2332 4634
3648 516 6362
1393 1891 8571
782 1892 9475
3045 2024 9978
3939 1390 3337
1381 3758 525
3962 3212 8527
1271 770 5099
60 1476 8656
1211 2099 9544
2457 3329 7678
1739 9 3093
456 123 5469
1386 1524 1722
1381 1457 8559
2328 3260 9256
167 411 4258
520 1947 7789
3272 2505 3503
1184 3265 7174
619 943 1976
3362 3535 7261
2490 88 8026
3648 986 8546
1484 282 7892
1442 1383 716
3471 3792 3299
3015 3328 4455
1746 2542 6295
596 3991 6382
960 1691 1816
3636 389 9121
3465 1959 5508
1301 913 2861
142 3721 2367
595 2655 9223
3993 3770 1366
2191 2446 2570
3454 838 4389
3069 3862 3985
3826 537 3643
3874 1399 8647
2510 2926 7664
2699 626 2869
1216 3701 2597
2438 2399 4418
2882 3816 7851
3992 439 6046
2187 1623 3930
3269 1063 6237
2029 1137 5895
2330 3952 6944
1634 1195 2546
727 947 1166
2296 2276 1921
481 1707 918
2210 1047 3137
3146 3551 2811
1739 3849 5521
2095 1780 6486
2878 1344 6076
553 1984 9305
3956 1026 6837
577 3192 7723
3812 2752 4417
3270 3638 1885
2985 55 4039
2650 3504 5553
1873 194 5865
1668 1733 5075
3100 1800 8920
2136 2311 1992
925 606 5864
2258 1188 7505
3800 3691 1114
687 343 6870
506 2383 9744
2200 2317 4856
816 3563 2155
478 1359 7785
3245 1373 1863
244 759 9790
2561 1816 2841
3856 3126 682
221 1449 5735
1739 3756 5146
2254 3984 8658
430 386 6495
3040 992 714
1201 2064 7999
3914 2290 31
283 440 3614
413 3270 5076
3035 3592 5982
2063 3975 1926
1427 2081 2749
3707 3915 1331
2934 197 294
3632 235 4792
439 2189 5683
2586 2712 8470
281 3672 297
688 2200 6282
3693 3445 7760
3107 361 5771
2741 2623 2633
1219 852 5967
2740 143 4407
3940 3601 4425
2127 2342 5066
613 2955 2812
2261 1620 6520
2348 250 2631
3248 290 4182
1633 1711 9303
1953 270 7468
516 2492 8145
3526 3273 6342
423 3986 3450
451 1239 4452
1961 7 6249
3758 3729 3878
1586 253 5112
588 2232 317
3806 795 4303
1238 3585 6582
3542 3246 9830
2616 3038 4495
3180 1403 3807
2854 3585 3908
1797 2422 534
3188 2554 4913
1892 3970 4396
1855 3081 2261
1128 1140 3785
970 1414 9826
2414 1734 1641
2828 1508 6450
2726 297 9748
390 893 207
277 3696 8391
2557 3329 7035
3088 847 9473
565 2390 3841
241 3080 4410
208 118 2202
2173 3247 8236
3325 3856 2449
3177 2604 8801
1263 3015 1684
2055 366 6945
2743 1825 8649
3731 2599 4690
797 3440 5340
1422 1472 6633
3096 276 3995
2790 1263 7974
3234 546 6097
1386 3975 396
3815 1267 8243
823 2844 8079
465 1138 7640
1636 3593 1947
534 39 5045
3268 3748 4067
953 1039 7318
165 1327 1423
1312 1020 1434
2143 2744 9532
2148 1689 5959
3758 3503 2033
2254 3065 4154
625 3794 1790
2035 1557 4771
2568 3674 8810
3244 1258 5852
3895 2925 3215
1432 2842 2037
302 146 6591
2545 1808 3309
159 305 8261
1341 2287 9377
1923 411 5013
1232 630 3448
704 2227 9138
2788 1612 6885
734 2792 5023
868 2992 6139
1912 2132 2730
693 2380 9299
3414 1581 456
1501 1843 415
516 333 397
519 1331 5578
3718 3514 6803
1301 1601 3488
290 1432 8560
1594 2610 1752
1418 2033 2972
2774 3086 3939
3186 2861 9455
3981 3764 8984
601 3816 4684
3760 2119 7510
3593 8 8942
3970 842 5890
1500 1266 5585
2676 2023 4835
2576 1332 8035
410 450 1212
2152 1269 389
965 2939 9347
2927 2463 4783
2170 1962 2052
1638 852 2508
2728 834 4014
1329 1631 4843
605 2734 1446
205 3202 3100
3253 85 5426
3098 1387 8421
696 1717 7368
62 1300 595
274 3017 2608
3171 535 5805
1547 1454 971
2494 1541 5105
593 83 6574
3429 2272 8738
425 2323 5665
2356 1520 6648
1009 3662 7235
610 1579 1075
95 363 2964
210 1783 5524
3593 2579 327
3984 199 5079
1901 2330 142
3503 3673 9090
56 1723 4181
55 2036 6333
2859 947 9782
228 3427 5279
1375 1443 8481
2064 2801 953
3547 464 3060
66 3079 9215
2328 292 4061
2057 2234 3578
3284 1393 6799
2859 1784 7685
1673 2121 3997
3194 395 6652
3730 816 842
3710 2775 5598
679 438 7065
1497 3620 3267
1478 401 3635
1789 2862 1237
3617 243 1826
2960 3198 6356
1219 2245 8261
3347 810 1934
1198 2358 1368
1550 2845 1023
293 1824 6482
620 3522 93
3320 1589 4169
506 3758 9647
234 3424 1181
3167 1365 7672
142 3315 3174
2080 725 2451
2253 3352 1319
1474 401 4929
1279 2237 1203
3758 2047 8940
3862 2038 4264
342 2520 8270
779 220 2010
931 2055 298
3407 1174 4960
1847 245 4048
3828 567 5777
2986 2015 1342
1679 3218 1191
2944 2191 5752
3741 540 8793
636 473 4614
2780 3921 9138
3760 1198 7479
3704 3853 5437
1980 2329 1024
3938 2349 1919
1185 528 7022
2799 3037 5810
3746 2378 4734
1456 1075 286
924 3126 1076
3018 3389 5949
1530 3879 6963
3916 756 4186
589 1870 1404
3418 2573 1018
1839 1166 2664
1835 2807 542
288 1959 1210
2911 983 2324
1142 2290 4123
3378 3913 6838
181 2623 7272
1664 2623 5607
1548 313 9779
1568 1164 9034
342 2671 1538
3744 2320 9811
955 1312 3146
1352 840 2797
1979 1364 872
952 2890 8637
112 1827 9957
2073 603 2234
2134 843 9407
859 1344 6375
3095 3531 4810
1817 835 5270
2530 3776 7690
1268 1431 4124
2789 2006 1247
1330 1186 3152
1888 1186 8787
3167 1439 9879
2125 188 4441
590 2966 7167
3353 2044 2223
2163 3142 2894
827 735 8072
1328 2594 8069
1658 2254 1176
2173 1770 5131
1614 3465 7839
1271 2642 6789
3735 3474 7748
2993 2983 442
3608 3763 822
1958 1065 5606
3219 1115 2808
488 2046 2407
1565 1168 2980
192 3973 2487
2784 3686 3913
3599 682 8231
1842 1826 8185
792 3014 9821
1156 88 8369
3825 3513 9815
3646 3562 7422
3837 1221 4979
1113 2127 3604
850 1964 4095
181 1911 8551
2790 2886 6890
1368 3727 8159
1628 2925 4120
604 3555 2401
930 3147 5760
1372 3075 766
991 3730 500
1022 3375 6038
3242 244 2245
558 2088 6937
751 2111 8117
2320 1043 9816
3175 564 1046
1334 861 8630
1708 350 9851
2250 266 6110
1362 1134 7442
600 1375 8069
726 1555 9858
3441 1457 4030
558 3378 8009
2968 6 8965
666 868 7775
1656 3418 2629
189 1670 2503
3158 1868 3210
503 2805 8831
3380 591 6556
976 734 4785
1122 1371 8072
1576 686 5539
1160 1193 2923
1005 1589 8821
2631 2870 1743
1857 433 1801
1527 3886 1707
856 641 8096
2313 410 7642
3334 2132 361
3459 1650 6386
1421 2362 7992
3436 1395 4261
3628 3172 9169
2926 1383 3247
729 2186 1610
2959 334 5279
1113 2648 4856
3964 2603 8090
3288 1063 9070
2742 1038 6335
1463 2681 9785
3892 187 4987
6 1432 8867
2555 3838 5619
3306 2780 4050
230 1391 831
2935 2456 4619
3304 2520 134
400 3076 7271
3588 399 5995
3163 2683 8060
1046 1644 3086
2754 2500 2393
1282 3375 9382
1507 1861 8124
684 3469 1371
3632 545 654
2690 1172 1117
1734 3311 7718
1338 2156 9291
792 1486 2728
1420 1676 5559
3850 530 2608
3325 1003 5050
2548 1473 1806
421 1785 6616
1073 2632 5599
2919 1117 8032
3048 2933 1849
2968 2823 5656
2353 2282 5845
345 92 3809
753 3305 9404
475 745 3651
1526 3003 4150
412 413 6116
733 3436 4122
3772 1456 3253
1672 2324 7909
3985 2753 5579
1319 135 5173
1534 1743 6881
1278 3406 3439
3569 3073 6776
2873 2524 5425
207 2015 7465
1154 2574 5860
797 2953 6893
1717 1948 9809
442 1961 7055
2932 3119 1848
3704 2399 1338
3423 2311 9873
2370 1650 3577
1484 1416 9153
3126 310 1659
1066 1026 5404
1344 3640 1937
2026 670 8473
2280 3604 7319
3444 701 4771
3364 1064 6954
1543 3493 3314
877 2916 3984
1327 3299 597
2019 3318 5891
2145 1370 4181
1320 3705 5170
1426 1040 7175
1781 1132 8510
372 752 6140
101 1294 4997
460 719 4556
917 668 7404
3590 1549 9704
2473 2757 344
158 3731 5062
3841 353 723
1342 602 3208
521 302 3773
143 301 8386
1133 421 436
636 1169 1970
3537 2563 4188
2443 3852 7512
2682 1799 2361
2471 991 6339
3204 3005 9177
3476 3268 6353
281 428 905
1123 2361 7286
1707 637 6724
742 263 6930
2735 3208 60
1993 143 9217
1208 696 1620
1041 263 763
3240 2784 846
3278 2647 481
317 3193 5901
2633 1079 1876
3783 2281 3544
2434 3401 1972
141 2055 2863
1142 1795 7545
3990 2835 3347
3404 1373 6442
571 2972 8987
2733 1823 3881
1825 1372 9883
315 2157 4398
2423 1695 8575
983 657 8683
2996 3626 844
3649 742 9990
1423 1860 2536
2329 1234 9217
2624 3450 9745
2571 3643 494
543 635 7849
2126 1899 9514
1248 3198 8793
2354 3438 4696
3963 1404 1556
2293 876 6536
732 1934 7228
1024 2899 1086
424 1539 4488
1715 1507 8841
3948 3650 9642
1850 546 7629
154 2568 4080
3116 3623 173
767 1486 374
2098 1272 6647
1640 332 2733
3749 3621 6873
230 3790 2388
3803 1433 7749
2361 1885 4111
627 449 1188
1697 3650 6576
490 1767 6818
2337 3022 2200
1292 286 8433
1071 1185 8121
3531 3903 7732
2721 2335 9076
3487 3269 4300
1485 190 7137
3429 367 8045
2600 1379 992
3223 743 6888
2743 65 321
391 2188 5227
2882 2718 9616
3502 2748 1792
2178 574 4626
1401 761 993
446 819 2921
2889 1418 2781
2998 2865 3929
1030 1705 8509
3052 1680 9445
2714 1301 5261
568 2340 9410
2457 3071 9820
3402 3027 1769
1577 900 7053
3669 2682 9033
1940 2152 9747
2301 3838 9235
2434 3587 7893
3518 3324 9074
2167 3069 9796
444 2302 7500
2105 2887 3980
2747 3465 5766
2192 1799 8845
3084 2557 9958
652 825 7696
3380 1231 212
2039 483 4854
1305 1706 9274
2956 1528 8217
2283 2067 3554
802 3304 3074
3212 1018 7856
1828 2869 682
3339 1885 9902
1936 676 2281
1509 1001 5348
295 28 7890
2047 2556 914
1149 601 2404
1340 2380 7669
2789 2715 4775
2239 3500 7454
201 2992 501
969 2651 9888
1069 508 1712
3859 3225 2353
2105 3635 1746
3809 2601 6692
931 2380 2918
656 1245 2435
2436 1176 1612
3877 374 193
3109 1041 1934
3440 3727 1187
3581 3114 925
677 381 6352
3827 1011 3606
3390 3632 1463
2091 473 5684
2141 2374 3779
2841 3516 8016
3190 382 5831
1843 3284 6924
3581 438 6133
911 3743 2478
858 3543 4743
144 2019 5454
2849 2866 487
1105 1093 8187
845 2593 6593
1063 3535 2479
3632 197 3676
1180 1461 9321
2922 1350 3845
900 2085 8355
667 1310 8365
1002 3659 1673
2621 321 2672
1567 1 330
2078 2629 4162
342 783 5849
653 3304 5863
660 1423 8655
3084 2119 9493
2193 3239 7547
1912 1796 8920
3529 2245 9181
3108 973 2798
1795 500 3532
1903 1839 9033
3758 3708 9851
1453 1997 3181
2838 3802 8039
2375 3414 4953
297 2063 2261
1143 3175 4922
2916 2026 7075
3988 3460 6673
3705 2568 5168
1831 1288 398
3416 1539 6439
1735 3902 1935
2137 3933 1460
1832 3980 8088
2396 931 4881
78 2440 4298
3945 2608 9709
1169 2657 4513
3754 2398 6366
2127 817 7265
577 1177 1109
1557 2593 9583
3068 3666 3258
820 3158 333
1668 1291 3822
2157 606 155
2111 1811 7325
92 2211 8913
3539 40 1799
2655 3921 849
202 2903 2431
2039 3043 3890
925 340 1256
129 961 3618
666 1034 996
2087 564 3146
1025 2610 8980
3664 1835 8798
2582 1338 2330
1175 954 7494
3643 3496 432
2543 704 350
3521 2700 5588
109 199 262
936 2438 1080
909 3680 2223
1184 2628 6823
429 2666 6082
1561 2673 5521
1718 3057 2376
811 600 1910
3636 1505 7510
3127 1070 3504
2796 2748 1398
2257 53 3051
1287 2491 8304
3313 209 1749
2120 3655 4259
3875 929 297
2377 76 5018
3226 2410 5386
2712 309 6345
3933 3200 5038
1385 3632 259
2675 2385 919
2386 1125 5347
1378 3996 141
765 2995 2714
3653 2427 9784
804 1579 9386
2277 1756 8607
1685 810 8536
1574 3659 3681
1070 1461 825
3463 2410 4227
1220 3351 9267
1208 3207 4200
243 2957 3697
2403 3122 3955
2510 3077 9758
2322 1117 2085
2819 3700 300
3609 2186 722
2178 1996 593
2102 2551 4993
560 771 4025
2589 32 7501
3939 520 2360
1437 698 1822
1510 38 3161
2840 1867 3992
3185 2815 500
447 2083 3697
3788 2190 333
2902 1768 1866
2591 2845 5047
2882 410 3766
48 3680 8976
3355 262 6067
3706 3991 2448
684 3573 3215
397 2793 332
1490 3342 7705
3950 1385 6024
3480 1376 9453
1879 385 9159
777 710 9111
157 2272 5257
3827 3161 6163
2509 3041 3335
1995 516 7398
3977 1147 7757
999 554 1815
3429 2170 9922
1189 852 5832
1520 1897 198
423 2825 1067
2149 2908 8540
3096 1882 9933
1662 1423 1708
2649 2571 4717
2653 2825 5063
488 3810 4265
2276 3559 6734
1084 3792 7696
3707 2891 5448
3894 3098 4983
460 1471 2016
284 2232 1524
2731 328 3190
3607 1024 9552
781 745 4126
756 3943 1432
1447 935 7204
2455 3578 8427
3530 1918 7576
860 699 5020
2481 3693 9785
1426 3422 218
1232 3917 1956
1160 1326 9962
3440 1383 3256
2362 1412 6162
1307 3274 7276
1454 3168 438
1281 2962 97
1937 157 8596
304 3674 9270
1135 617 4895
1430 83 848
1106 3072 9190
2699 2862 2658
2797 1607 4470
1925 3083 6554
2095 1529 8738
227 1974 6790
1639 3067 9311
2731 589 3411
2223 478 3427
2064 1147 2183
3103 1040 8573
1778 3045 9637
780 3540 9419
256 2236 1810
2735 1622 2348
730 2692 6166
1853 3459 3649
3557 741 7702
1764 382 472
3883 715 1674
251 274 9977
71 684 4588
3564 3041 7292
1947 1674 39
2883 3481 5453
1051 1984 1940
2517 1453 8254
511 3878 8083
2071 755 759
2177 552 1471
2409 1288 1207
3426 2030 8644
2269 2210 9058
398 2284 342
261 2236 3037
276 3806 8142
1075 542 4926
113 954 4272
2253 48 8859
3156 3929 4773
3466 1945 6917
379 2803 8563
2497 2054 206
1760 2167 327
3813 274 3723
1185 295 6354
3029 1382 7890
190 1328 3851
87 2762 8472
3329 3592 5143
3223 2553 6558
1398 3617 4362
3764 2749 8856
2291 2954 484
364 3878 4014
2937 647 5524
1914 1005 2306
2477 2020 298
783 3489 6126
2620 2841 6927
1543 3034 9276
3426 1974 3312
83 3909 8396
1695 606 7215
760 3151 3998
1495 2044 1244
1041 2093 98
2060 3563 4824
2124 231 1283
1007 2908 5517
1090 3377 4356
2164 1273 8160
295 3908 9051
144 1552 6547
1444 3974 656
602 1832 5840
2115 1106 947
3429 798 1396
3338 3644 4871
585 3734 389
1177 2408 5623
1044 3051 3994
1564 2296 37
1720 2605 7238
2912 309 6979
645 652 6342
2654 3554 2285
1013 3822 8062
1646 3011 4207
1415 1839 2218
1399 3635 4444
3991 242 3441
3421 3350 7811
1306 3144 1455
2825 1197 2010
3619 1030 3178
2358 2483 1822
3142 2941 9387
2590 3485 6172
101 2496 4126
3655 2698 6362
3416 1585 1219
1581 2000 9231
562 652 1245
1899 3255 3873
1126 1150 1288
2224 424 6685
1651 2458 7186
1466 648 684
1962 958 5259
2295 3243 6749
89 81 7035
3209 1524 8723
535 3395 3541
1554 3702 2841
1465 2254 7425
1462 2061 3626
1159 2747 8353
1606 1166 9572
2957 214 1898
840 721 9565
3268 1370 5200
208 1904 2785
1601 3560 553
644 2752 3557
3484 1272 4850
458 1512 5604
3376 1472 7270
3380 2885 3634
3372 1984 6375
821 1423 5623
532 3704 7486
2352 1523 5776
3809 2214 2656
2306 282 7257
1218 3747 5371
1893 2044 6329
1286 2290 5766
2462 889 6385
3114 2565 7109
2194 392 5942
3196 2145 8892
463 132 9951
1400 1722 8067
119 2885 2021
680 677 2729
1844 3157 5694
541 3581 9371
1774 1443 5409
2736 2735 4058
2660 3181 1761
13 3529 7131
3208 3986 9491
1248 637 9624
293 3854 2534
437 3021 4725
1606 1280 4001
745 1881 2793
278 2502 2713
623 795 6719
2084 768 7754
1478 1419 6712
347 3250 5261
862 447 2606
2331 722 1998
2932 425 6999
476 1925 8957
2601 2713 9040
99 2588 8600
2960 2012 5319
832 1056 5283
2857 315 4310
3067 1988 142
2647 893 3981
3820 2118 5874
2959 613 2697
665 2981 1974
321 1964 8319
278 1832 6149
2764 3907 6170
364 2497 6555
3988 2072 9425
3800 3566 8911
1691 409 1650
1118 2491 8500
230 2184 7610
3012 2070 5126
3447 1805 5989
72 2548 6337
2829 1119 5961
912 3753 5203
1835 1460 4739
1518 2310 3088
292 2175 5657
1629 124 4875
3182 2010 641
1480 3401 7848
3059 3664 8657
2698 1832 9595
3515 716 6877
1143 2067 4969
2318 2923 9469
3135 3320 8197
2175 3182 4148
45 703 1927
1749 2485 5146
2608 1845 7849
1827 1246 8813
1234 317 9578
1191 3163 4923
1707 361 7825
2218 563 7710
453 2496 5325
183 3964 7053
3325 2920 9459
2099 208 9602
3881 2917 9451
164 2526 1926
2173 3320 5403
3149 2182 1654
92 1578 9031
3016 3187 1209
2083 1224 6150
3364 1945 3560
2754 1233 3317
3994 202 3321
1099 1964 5603
1549 3076 1786
2369 759 3782
2759 1624 8194
1949 1096 3254
425 114 8000
3211 2957 6016
1223 3325 3096
645 2768 8709
1102 1706 2278
1338 745 5115
311 1444 4131
1613 127 712
2080 3384 8892
450 3900 1193
2997 1524 4221
293 1429 5701
3115 1208 8209
2488 975 9521
2871 3626 1832
1735 3456 1931
76 2238 2668
2492 841 4756
1391 1161 7091
2135 1944 1455
2500 1266 9030
1638 1608 3134
2244 2206 4321
863 3475 2651
1203 2014 5923
1754 826 9850
655 106 5539
1159 2872 4460
2788 3928 1624
869 483 6227
2361 3612 2818
1504 841 4022
3586 2295 582
1245 1199 2259
3054 2383 526
3505 1064 3531
1345 2073 8715
1758 2349 256
3181 1757 8400
554 2733 8563
3766 2499 5574
3464 3064 8533
3213 1949 6700
3503 3884 4913
2601 2214 870
510 3721 6462
690 2688 8926
2871 982 9787
641 1188 8859
2345 3598 783
206 1189 743
2778 261 9664
796 462 6897
1449 2120 4909
2703 2870 3913
1136 3853 9030
699 242 3613
2161 2855 9567
97 3803 5250
101 1337 9477
3021 3831 5823
2579 2812 2040
2372 3801 8183
2194 606 3198
2506 2290 1313
2160 2583 4533
3241 2933 4162
3215 2475 1679
2799 1919 9278
1835 2721 6324
1333 2165 2283
3055 2271 3917
531 1765 5919
3198 3088 6934
3508 2752 2960
3343 1397 2351
2542 18 5849
1122 1608 6864
3432 3190 8314
1675 3797 8381
2859 3713 1399
2902 172 9734
917 2455 4047
2441 3579 5120
1383 1115 4013
3039 2622 2350
2354 1950 1192
2721 1110 9884
2388 2111 8730
3720 2515 5466
3675 468 9061
678 2302 6123
705 1309 2261
2083 2831 4690
2868 2119 3543
910 2965 5277
3957 3691 4002
3393 535 5788
670 646 3502
3936 1887 9626
2316 1394 1341
513 2053 4624
2923 1887 1836
739 1174 3411
663 1190 1627
2314 3625 5736
1336 2581 6320
1055 3056 6
345 1854 7400
3550 2953 3699
2838 1073 9106
1504 3204 7380
3606 553 912
227 2240 7123
935 1927 8984
3876 1410 7709
2746 3417 5212
2387 2429 7265
341 3672 635
2867 2711 2624
3185 2016 6823
384 3848 4517
2771 102 2848
277 134 7116
1448 107 8671
3696 3059 2751
715 623 698
2889 1366 9211
401 2892 2891
689 1168 5967
2644 3143 7233
1557 1462 8307
3733 1585 4539
2496 1650 2982
3103 1375 8772
2363 1940 4874
791 2911 3008
390 2723 6036
2434 1146 3769
911 190 9934
2628 1559 8673
1877 1930 2584
3507 485 9492
830 696 3019
2227 3978 4064
556 3960 7298
3887 3521 4572
3829 172 3790
2811 965 8951
2113 984 8404
1282 1451 8800
3476 1113 7744
2156 2753 8660
1721 3516 6880
1338 2372 8634
3031 1523 2099
3631 3815 9225
1897 537 6061
3725 411 688
3917 1530 9655
210 3789 7514
3613 3518 1126
977 1312 9335
1532 2096 8821
2025 3206 2609
1526 1475 8800
3442 3423 6401
1124 2876 2859
3760 2974 9551
1421 3251 2505
816 770 8207
2039 2985 5298
464 2874 8155
2210 2671 3588
3235 984 6434
767 2596 2530
2263 2058 4546
1704 3654 6686
1389 2039 1984
2520 616 8515
2094 1549 2406
3943 1181 4315
280 2002 7968
797 458 1037
127 3573 7600
2272 1933 3322
3531 621 5379
3280 2194 3231
1898 3931 4423
2364 1484 6853
901 2236 3132
2202 3006 1477
3981 497 1609
2142 2543 3935
1847 445 6430
1939 695 7239
3974 235 2336
2820 2897 9227
849 521 5387
311 2683 7165
1296 272 6902
247 995 6525
3530 3251 6715
1537 930 2968
354 3979 5052
1506 1261 9249
1828 1118 6142
3429 697 7055
867 886 4166
1387 1876 4821
2647 425 1241
3208 1200 2031
1418 212 6441
225 2799 6028
1381 2537 4119
3788 1683 9102
2811 3106 8588
1609 3426 9537
1468 1652 2678
3068 2126 3394
747 783 780
1112 3456 1346
2822 206 7283
828 110 9653
2251 2143 1618
3418 3942 5852
1923 3574 7548
1343 2070 6462
1817 153 6572
2141 2572 4221
2423 3204 3742
3334 2209 1672
222 999 4914
1160 90 8390
3284 1421 3393
1076 3029 9537
3940 717 3739
484 3107 4746
2420 2500 7630
298 2677 7705
3165 1944 4961
514 1925 892
1876 2362 9114
1336 1381 4602
1544 2122 2605
851 1562 6121
1009 1053 3991
1873 3710 4256
2348 187 50
3211 2501 2367
3797 3033 4791
1075 504 7113
2983 3704 1632
2280 3568 1638
571 1994 5827
55 2937 4319
3551 3295 2956
3222 1183 9207
1060 656 7167
272 1468 2244
1361 3198 5761
3148 1461 3539
2162 3218 1118
1191 951 379
466 1952 8035
3604 658 6219
2251 2645 5392
3363 1446 3565
1496 2452 9107
903 3722 8167
956 1708 5486
163 3126 1901
2733 1819 9338
3256 116 7283
1977 573 2700
2697 167 4051
2120 2442 9871
3298 2606 3100
1665 3338 3801
1108 2568 273
3729 247 3629
1457 1076 8872
3751 1435 3183
1694 2841 369
3688 3730 3296
1863 698 9132
2270 3531 4549
24 2750 8750
2454 2239 8320
813 1296 7004
2935 2180 3599
3548 3401 5608
2958 1196 3967
2753 733 3616
3933 1757 9547
3615 123 5186
1663 2589 7533
817 1113 7449
3717 3321 3543
701 1407 9328
3473 2329 4094
3562 2613 8961
505 1913 9725
3541 3353 9544
1903 1361 3150
1878 1836 265
150 3582 1647
3155 3311 4941
3639 2572 6085
997 218 2314
3079 3365 7192
2638 2709 464
1423 2779 8291
760 1471 7222
667 742 3061
2555 1929 3068
3384 3697 7449
3102 1692 4333
884 3606 4431
1484 2087 29
437 2325 6413
1543 1394 3409
2937 2225 3489
2401 1777 5565
2351 815 113
1231 385 1618
2096 1858 3300
3882 3869 3343
2771 298 4927
2261 3851 3241
2348 3818 6977
1420 418 1808
1732 3299 6099
1420 1690 8306
3658 3990 6086
1181 2968 6487
60 3195 1678
3835 174 1382
2478 2146 2557
2634 3853 1446
2956 3385 1205
3434 1809 6218
3925 889 2905
3824 853 264
1822 517 849
3498 3447 446
3694 2868 3980
470 3036 8571
1687 2147 4131
1756 2846 1538
1641 521 4938
337 3852 6415
2628 2218 1681
2679 2801 8032
2461 657 3676
1234 1258 2374
2782 3453 3263
2904 3790 7012
2875 2103 9677
3094 1416 352
3383 2796 841
306 2000 2884
43 2327 4328
2464 2568 7063
123 2014 4145
674 22 1964
3727 2623 1896
895 1287 9682
3368 3491 6550
1184 2592 4339
1434 86 4226
3014 1075 2285
3813 1256 8467
1024 3355 1349
589 3487 235
964 932 1776
3694 2254 1530
1305 3428 1625
3435 2632 1274
3587 2929 6963
370 638 9347
430 2235 3373
2349 2698 2828
1224 263 2911
326 2243 8021
343 938 2293
1807 2939 2622
353 2299 8416
555 3674 4649
2969 800 5823
3747 44 7369
2705 2961 3931
2233 3286 7440
3224 3619 4415
772 2580 882
63 2049 888
3573 3299 9776
2570 3154 38
3109 1129 9616
3993 781 2810
2256 52 937
3992 3989 8257
324 2792 3179
1634 652 3660
3456 61 4740
584 2546 4028
1383 727 6186
3765 3827 1216
3028 2977 5256
2311 430 5869
134 3350 5604
2647 1888 8901
3151 3403 78
59 3287 7150
3392 3753 2100
1035 2090 1052
1959 2424 5118
2978 1350 2160
2939 2504 9398
81 2151 6634
1677 2013 9448
1562 1706 1044
833 714 9000
2671 846 1583
2036 861 3291
1430 1868 5158
3506 727 8472
2193 3377 3677
2560 616 8706
2215 3603 3007
1127 1688 7436
885 314 6468
3989 2390 9173
3772 837 2780
2208 3278 6391
297 1470 6577
2574 293 8964
3576 2952 5478
1505 2576 5765
1628 557 7061
1732 2182 6310
3839 3657 2271
790 2404 8503
1113 1271 3882
2852 1296 2177
2469 2273 8411
2355 1246 885
1608 2870 4710
234 3713 4107
2176 2935 7749
1765 1647 6616
1407 3391 3126
754 2688 8295
1665 3679 8642
841 2102 960
1173 3345 407
1589 1071 6460
1157 574 2011
3058 2106 1528
23 2491 1554
999 2536 5385
2495 80 4995
3656 2668 6138
421 2659 1820
1207 3209 9948
453 1015 6441
3049 326 808
1952 3397 8920
1187 1730 9115
1982 1088 6928
3 829 5087
3261 2454 6578
3710 1921 8039
3921 1099 7440
2776 291 4453
1790 834 7866
2613 2431 4662
1296 2339 5375
2198 2970 3728
3636 793 900
3577 3232 3527
2446 2991 1067
871 3964 2031
3626 2887 646
813 3355 4190
3152 689 5062
2058 1168 7908
775 1673 9740
3982 1760 7824
3723 3498 7043
3511 554 5933
2977 1088 7829
2515 2987 6295
2645 1163 2058
2747 2057 4479
196 1426 3387
2021 976 8793
2605 643 9701
3431 3166 1029
684 3435 4059
2079 2661 2132
800 1360 9736
1182 2481 5783
758 1964 7589
425 772 8535
1146 2774 779
3495 1430 6442
2961 3625 2917
1012 2135 9910
2998 3412 1244
2237 3105 6175
2422 2351 3868
1175 226 2749
221 2546 358
1949 3778 2077
3442 3776 5198
3961 1824 975
1966 2489 1576
3126 1684 9579
3186 2671 1089
1663 302 9411
2406 563 547
2824 874 7198
246 20 9710
1291 3877 397
1127 2774 3712
2437 2063 3800
1758 734 1858
3069 1848 6953
1710 928 2663
2022 3462 3907
227 992 3899
986 987 9383
718 1764 5515
2863 3032 3228
1670 27 9276
1633 1202 6965
743 2810 7138
3829 2826 7749
282 591 7562
337 2851 8488
3939 3602 8552
3000 3105 7052
656 2193 576
3180 341 6843
3411 3140 1789
2186 875 9272
981 559 9298
3307 1338 2086
2213 2691 3986
2532 3042 1568
1956 810 7343
2308 3649 5846
693 1743 2121
2769 2035 1253
2636 96 5755
2842 535 6028
3071 996 7776
2719 3761 7823
912 2878 6348
292 3246 4764
84 3197 8865
1069 2912 6372
2647 436 5994
1298 1599 4453
380 2858 6126
3484 3254 7603
3335 2389 4447
3930 3245 2758
1542 23 4311
2371 688 8085
3944 1738 2733
333 2674 1786
2411 2948 6491
295 618 4996
2003 2054 5626
2895 823 6754
511 149 9605
1164 1748 3987
3108 2589 6052
2892 1866 1200
976 1202 6037
3450 2526 4752
137 584 4346
3485 3134 6157
3553 1259 3684
602 2279 1122
1451 1345 6254
163 2583 2401
283 2907 5981
63 1848 1196
970 2049 5000
3168 1816 8431
1443 2680 1708
3188 3220 6295
2659 2779 7325
3086 1527 349
1699 3369 7671
1284 2955 6307
2144 1907 5675
2539 3972 6645
2106 1284 692
1127 3852 7360
1337 2217 8564
3282 3624 9568
1406 2076 9360
2563 2960 6460
1737 1212 8642
3646 138 906
1153 479 5032
1864 1550 3166
3921 164 5683
1543 986 3853
21 1202 9771
755 1267 7073
3959 761 6313
3842 2813 9754
1338 2409 8930
3208 1204 6546
3376 827 3949
1728 45 1710
1093 1429 2980
655 910 6565
504 3013 3187
664 3950 2605
175 1202 8940
3779 407 1081
3168 732 2860
701 1943 1011
795 1926 6963
3957 77 8675
3230 706 4607
2724 1890 7884
1598 1957 6386
2834 2514 1289
468 2949 3472
2592 2282 705
1240 3700 8433
2688 2620 2212
2794 299 6705
123 712 6730
2673 900 7817
2516 3168 9466
2098 2845 5783
3914 623 3455
2682 3773 7775
1308 1590 9975
2933 3923 461
3887 32 4584
3500 2530 5036
3827 3787 8167
403 3653 24
1330 1599 6222
1939 2870 1725
1739 3508 6910
3177 3875 9263
2142 520 9122
2643 970 6885
2275 1325 8272
3748 139 5323
1070 1655 485
2214 1787 7978
999 1964 8168
3705 2285 3391
85 2747 8280
3148 3951 6053
3472 3499 2876
3837 3798 352
3708 3489 1692
1371 2904 2723
3009 1899 6146
1033 1343 9640
1622 1446 3452
3292 3584 9593
3144 1229 1251
1487 2020 4693
3220 3822 6729
3149 3945 6958
3007 3875 2248
3233 3638 8997
59 2067 8675
465 2164 8281
2884 2601 2486
2312 3336 4818
958 61 7342
2935 2623 5751
3147 3095 5340
54 1363 6036
2005 3734 2564
3520 84 4590
1116 3252 1888
2394 182 6639
435 2985 316
3698 3497 6487
3226 1181 9017
2610 2376 21
3489 2420 5575
444 3093 5430
3632 2262 9360
2959 1560 55
3856 2846 9003
1796 1355 6943
726 1841 3490
2283 971 4552
410 3600 8393
1378 3508 8817
931 3969 5051
2453 2850 9556
2348 2225 3310
3938 2386 2116
3641 432 4678
2684 1581 4433
1080 373 1080
1976 3400 2731
3730 1243 9528
87 609 5589
3069 1588 8106
2736 3170 5302
2717 2432 7548
3134 627 5734
749 3547 2535
1379 2666 2779
85 3550 6697
1081 1760 6139
1248 474 9773
3903 52 9253
723 3454 9836
3013 1626 5378
3950 2963 3218
3066 1768 6598
2595 2220 6700
3295 3307 3139
148 1966 6804
1550 2750 43
3436 1789 8879
1394 1525 9493
2762 2673 719
2774 1744 8366
3245 3542 683
391 730 7146
2104 2872 6257
2407 1469 1928
1690 1870 1917
3331 1851 4409
2176 1573 2290
2464 519 9317
3859 2076 450
845 1982 3301
1002 2417 8829
1140 2983 8627
3774 3981 9292
2600 3099 157
1109 3650 9833
704 2953 7840
394 1761 8893
1988 3398 4844
496 3832 3661
1936 3467 9273
1083 1246 2599
1907 3918 5154
2859 3168 3220
1516 3844 5574
2283 585 2380
415 1033 5096
343 293 9135
1692 3032 3984
104 2911 8912
1046 933 570
966 3541 2707
1133 3856 8012
965 1085 4076
1601 1583 2983
198 3819 5768
120 2663 5453
2006 2796 8448
3302 1840 415
1438 1005 5388
1283 3412 9785
302 1452 8267
1344 113 4916
1738 1834 3065
1711 1061 9653
2753 1507 191
752 2620 2951
2989 436 5044
3158 24 6734
955 3300 4005
893 853 2841
2529 229 2811
1645 678 771
2929 425 2177
3814 3412 9226
3492 3702 6750
1675 2776 2307
2179 3786 6443
3850 3242 5797
3574 2737 1625
3514 3130 5134
1421 2479 6733
1970 649 8436
2035 702 8059
3762 833 612
1516 2773 3957
35 28 3046
1608 709 3680
3413 3079 300
2399 1000 4425
406 821 2059
3146 2496 3538
611 3108 8997
874 2827 6864
1386 519 9996
1479 1891 5170
2942 3918 6076
540 3833 7166
2845 1325 4247
2386 489 7007
3517 3664 8892
2831 2937 2643
1882 1905 8316
2727 2701 4714
2065 674 1812
3208 3927 3066
2859 3806 6018
621 2718 8750
1643 2607 6339
349 1422 409
3220 531 1366
1997 2257 6842
2053 565 3187
881 2292 5931
2991 2139 1200
495 2898 76
3618 2130 7793
241 1393 3917
2327 3939 976
290 1523 883
637 2815 2571
1541 1516 2765
1409 2524 1136
3524 349 3734
1815 3089 9341
1176 704 5492
716 2443 3274
1496 3166 8169
730 389 6767
2529 1651 3584
3664 1751 1731
3605 3414 4787
1700 517 8488
3165 2249 1859
1512 2880 1474
2195 2540 5060
1917 475 9632
223 1267 6949
2576 394 1731
1267 813 9851
2948 3871 832
236 3121 9952
2344 1557 4913
3982 1547 7560
1207 2842 915
399 1787 1561
2837 3229 9438
220 1663 2223
887 147 2497
1073 2675 6329
3628 690 7953
755 2508 4264
39 2264 4993
2434 2191 9730
2631 3077 9064
729 1185 8122
2080 2965 800
2875 685 8551
2263 1258 3515
1110 2310 2217
3614 793 6105
1284 3609 2732
1506 3903 8498
569 2131 8257
550 3436 7901
3624 687 9071
2978 2340 8709
3265 1960 8649
2667 1327 6961
3844 671 9425
1346 3902 9433
3412 2781 9794
3721 1324 7634
1365 2958 989
2546 2900 8686
1379 2598 8257
3338 2732 9725
269 1655 706
1891 3530 2683
3434 1828 9911
3921 389 9471
2274 3065 2013
781 1255 6491
395 3045 8038
1316 1144 1510
2957 2689 1735
1613 902 9728
3275 3264 4675
276 2189 4847
1041 3369 5979
2238 3823 5747
2913 2567 3093
1437 1934 2659
1441 1597 7937
1295 599 4587
1546 944 6246
3925 409 7391
784 3111 2988
3598 982 6753
373 2117 2998
3879 2611 1723
872 1338 281
3645 2912 3804
1310 1273 7350
3211 250 9928
2110 101 5292
3794 1014 3533
2805 2092 5075
815 2861 5409
467 3786 7202
1464 3376 9979
1574 3716 5459
3081 1834 316
1993 600 4312
1981 2306 5461
1782 2559 4387
3877 3579 479
3935 2175 8110
3238 1434 8417
1464 809 2817
542 2234 6108
3357 3498 6298
1947 2244 1244
594 3269 5849
1130 3577 7309
3117 2259 7850
1624 3903 8280
1464 2194 376
651 544 612
3775 1244 1482
1713 3024 888
2217 544 5077
3301 968 9748
3891 715 1509
439 698 3138
3310 2939 2145
3849 3810 4180
3518 3443 3143
2245 82 7786
797 3324 2025
805 3625 3908
3479 1474 2179
1122 2006 4116
3626 1455 6871
3374 491 9708
3905 921 1430
2722 136 6438
2663 1386 2464
2699 1845 5252
2605 3037 5584
1067 2125 6265
3827 705 7868
225 2074 1503
2219 3333 6148
278 607 290
605 3364 6654
2210 2831 6019
3070 2327 6812
2209 261 9572
1573 2517 5933
2681 569 793
3287 2016 1756
2432 284 1570
1480 3022 6941
3678 191 6988
295 530 361
197 1696 1767
3034 2700 7
1858 1140 7482
35 3848 9425
1973 1305 6892
3934 1086 5247
3810 2120 5063
2267 2100 2889
1707 2597 9490
2510 3780 6984
1821 2608 2752
837 1050 3256
1206 1427 785
2649 2566 7340
994 2865 5781
717 578 7186
1061 2115 2786
3057 1366 5161
3086 2912 8109
1194 386 3000
547 580 7171
657 3646 3939
1893 2069 7755
3780 1517 3307
1798 1527 8909
1886 2476 34
351 1546 1645
495 981 6505
3232 1767 32
21 490 477
2964 466 7634
33 2339 4628
3024 1722 1300
3073 711 8911
163 1709 6916
3689 2919 6504
1418 2624 3730
562 1620 4128
2281 186 7404
3637 895 4323
1323 1361 6608
3793 3423 5220
1603 2892 6941
2356 717 8792
3219 1440 3037
338 2095 5156
3209 522 3684
3267 1313 3557
458 1424 5554
202 1068 1588
1390 2719 8093
444 1036 5553
625 2015 7807
1988 670 9498
3979 1681 824
1106 2460 35
448 3837 5647
3168 3046 5038
3001 810 4159
2771 2419 636
1998 243 7016
1746 3887 5026
1209 123 3100
3634 2250 7266
253 1638 1477
1611 1225 7952
2336 1160 4420
458 1413 2698
3800 510 5117
3561 1521 9647
3948 2135 1895
1885 2649 7446
1915 748 8881
1619 2259 6504
2125 1967 8060
2784 2280 2696
783 3994 4568
1381 3733 3026
934 468 6305
2828 1704 4952
3507 3066 4048
2106 239 2375
689 251 5115
1816 1897 2690
629 1509 8249
3088 1106 7695
2154 2785 8692
3092 1464 1482
2889 2279 2824
3897 3997 4281
2587 2718 2386
391 123 2612
3009 669 2037
3295 22 6053
2946 2769 4072
3614 3888 9821
3145 2733 9905
2873 3846 8860
2153 1723 624
1927 3544 9529
2030 2846 8367
970 2615 4265
51 1561 7084
3999 1909 6572
1740 720 8322
2916 3230 4218
664 2880 9119
1477 3737 9813
162 3804 2856
2265 886 6694
1985 2756 7953
1946 611 541
3297 2920 348
2567 3829 7217
3850 3924 9952
1044 3837 8965
1631 430 4619
406 1537 160
94 342 6426
1651 1533 6098
3774 3047 8601
2022 1817 6984
60 278 7035
2509 2619 5046
3023 3392 5752
685 978 4410
3471 3297 1395
3142 3492 2211
3151 1307 704
3542 1976 8795
2643 1816 8619
234 3704 3363
2145 1826 4260
3905 2826 9398
1623 2435 5709
3682 2496 9079
1670 3586 6501
678 702 6274
2813 2766 2360
3569 675 7405
2904 2329 6293
1441 3974 6762
3890 2590 2511
3387 3612 6829
3110 1001 5726
230 1504 7970
257 3766 3311
2554 3588 7208
832 1893 7663
1266 1790 6607
3482 3644 849
374 1758 5067
3656 2157 1600
2031 2773 1632
3347 492 9915
164 3499 6298
1046 522 600
3443 2475 2210
1470 559 2568
1406 2756 848
1100 936 826
1759 3651 4787
2987 3599 7208
3196 959 1163
603 1063 7671
3445 3847 9718
1577 1156 9435
3863 2702 9853
1760 2304 7664
493 883 2653
2363 2661 9124
3787 1964 4257
353 2873 3783
3938 1422 7115
2652 1719 1086
1898 295 7309
2767 2159 2760
1122 3718 6461
814 1670 4919
2489 3813 5459
3042 2457 287
2349 1497 1010
1441 3467 5464
3318 3392 1775
3062 3752 3782
2519 1775 5822
3817 169 7528
2928 1047 6082
720 1616 6197
1029 2091 4756
3219 867 3441
3101 1477 9753
2006 498 7629
2512 1059 4395
2769 1506 1595
2915 3473 6749
3319 2250 9365
2205 746 1367
3258 1296 2231
2530 2634 7570
2708 2609 7257
3022 3420 953
1763 3063 4738
1149 1300 388
953 2036 1446
1335 249 6428
1182 1231 758
3180 3104 3201
2826 106 2439
2211 3840 3709
3723 1949 7296
3679 3846 2478
1739 1224 4212
201 3991 4094
1592 239 9310
2773 2578 5746
1280 3768 9040
2796 1988 3918
3129 704 4427
2975 1576 7029
185 1482 9810
3573 2506 6972
778 563 91
1650 1553 8736
3983 3924 6001
143 3603 6467
719 430 1410
445 2933 4750
1724 2273 9189
3734 32 1250
2629 3323 1978
832 1783 9165
238 1054 8595
3488 2637 7405
1264 2131 9405
3981 2622 8231
535 574 956
656 465 2075
2196 409 5111
1321 3783 9763
3363 2683 8145
1413 3528 8147
905 53 928
200 1441 4259
3198 3579 7125
3163 2583 9990
2976 2465 3568
2316 2988 4979
591 3006 4120
58 728 2727
3828 2769 6913
114 3384 8439
3774 3647 7006
1471 2484 2714
3519 132 9904
2422 3512 2702
1916 3802 7270
2155 840 321
753 66 7347
1500 1070 9577
1031 1438 9134
952 3278 6337
3707 1600 7962
1980 3845 102
3602 729 3444
1205 2675 3817
497 2386 9078
156 3112 8956
3545 313 3242
3150 3817 5051
621 1829 2531
950 183 8288
2344 1320 6358
1518 607 5554
2361 3296 3411
646 3579 6717
2171 2063 7384
2153 1744 3660
1298 240 6276
2142 3459 1317
2711 374 1940
229 3648 8342
3864 3980 5117
3174 2409 5730
2532 1723 5253
3083 3941 8047
2689 1233 649
1785 3876 8745
1198 142 9170
1435 2261 8555
1010 678 2258
3751 605 8850
706 445 6453
1827 3336 5911
2660 3392 6606
80 3767 8160
1303 2095 8638
1239 2026 5942
1639 2092 3483
3535 2993 7517
88 3848 9195
2447 3666 2459
406 2315 9572
1755 3 3120
3539 1900 8357
2422 3222 2583
2085 1710 9425
2370 3986 6961
1748 3411 9944
1171 2079 491
768 655 6311
3420 1901 4289
3852 3417 4826
1724 783 9166
2673 3795 2630
1696 1003 62
3381 3599 594
2518 781 3983
2700 1575 4728
51 1456 5307
1220 2504 95
2906 3981 228
3285 2165 5660
3150 1085 8114
3772 2879 4250
2768 1720 7606
1824 929 3189
3126 3462 3417
2943 3803 8884
2962 3347 2954
2337 3751 5844
2100 1881 85
3890 3269 1559
564 315 79
964 1767 2046
1193 2617 7243
3321 1965 9223
12 1818 9789
267 1323 9463
1897 2245 3138
2869 11 3191
959 1973 6030
3359 1899 598
1854 193 3459
2350 2409 7573
2777 3762 3327
1096 620 232
823 89 844
415 557 4296
3594 1281 3067
1448 1135 5330
1248 3285 7756
1398 2170 4658
3127 2003 1648
448 2734 3783
1232 3951 7132
1402 988 5001
712 3689 2330
1163 3608 5560
640 2802 4541
2755 579 4809
2600 2764 6984
3321 2418 6067
571 394 5537
3237 2315 9104
2585 3315 4908
3602 1661 3999
2754 2846 5544
437 900 6156
2078 2179 5683
3165 1794 5125
511 946 2464
3151 730 2510
2044 401 4287
311 1067 5316
2911 3307 6995
2842 3826 5872
1977 3985 359
3443 2078 9287
2388 1836 9813
2382 3607 458
990 534 7033
1263 3494 1617
3251 1038 7893
845 3530 8537
3643 1695 3173
1521 2204 7306
1882 3142 8221
1451 2261 5717
3715 3041 6465
3633 387 8111
611 2669 3753
2623 1042 6129
3657 3980 976
2782 977 6421
6 1111 9018
3027 2668 6097
3060 461 2050
3124 1343 6231
1656 1059 3745
889 2648 5642
3546 2397 7528
540 2111 4646
2543 3668 6298
1301 55 8903
350 3494 3429
867 1126 9804
3452 1788 2061
1042 2617 7219
1472 3107 620
2814 371 1147
462 3059 6658
2318 643 5544
25 2009 5688
2130 544 2863
3533 1817 8553
2246 1528 752
49 1810 1798
3144 3372 4019
601 3577 5474
321 1675 7050
632 2329 664
470 2453 3112
2176 3403 8117
1085 3045 971
2554 2059 1761
1470 2800 6727
1908 2356 4432
1009 3162 9961
669 1816 74
2685 792 7218
1643 3695 145
3392 2546 8342
3220 1806 5940
248 3641 5058
1043 1344 5423
3361 2120 8771
3806 3292 8591
3645 3358 9134
702 3676 2137
2526 1593 189
2306 591 7565
1473 3215 8423
2591 2272 2279
3478 1917 7948
1292 282 4495
990 3856 8029
2947 1157 3640
2133 2934 7840
2148 262 2678
1294 1070 260
168 3598 9059
3684 3884 9433
2561 3485 6066
3730 1402 8380
1970 3086 9594
287 2770 3753
353 426 8482
2420 1500 8918
1051 3873 9428
2578 3082 8942
3012 606 2541
2330 3984 1160
2836 17 6563
1605 877 8176
1362 2409 5822
1158 529 6059
988 2025 7682
1838 3357 4293
1171 410 9189
3770 3226 8757
2856 3236 4675
213 386 7163
165 620 7809
755 3593 4656
2335 737 4725
2713 2205 3495
1179 765 9478
2745 3830 938
2757 3962 4862
482 164 6961
3255 2207 5782
2830 22 6409
2118 3812 5980
2940 3811 9004
2716 1435 7978
1721 2130 4619
2489 1620 4481
3223 3278 4230
565 2204 2421
902 2970 9270
2506 3857 8879
3324 1104 7
2246 3341 7830
2455 3624 5696
396 2140 798
260 1981 8445
858 202 8571
1880 922 5482
181 3959 9785
2410 73 7356
3790 551 8203
206 495 4043
3872 2827 8886
40 1710 8348
3183 1018 9785
2237 494 135
916 193 2855
2578 3691 6949
412 373 6761
3582 3156 5092
3074 1132 6929
2066 2741 2041
633 969 6574
3032 3819 2855
1528 55 7995
860 1090 7607
2825 3567 9087
200 1294 9606
141 1517 8469
2495 2205 7810
596 2683 2547
604 2560 5232
570 3964 9559
3392 3546 7288
1501 1466 744
1162 2007 4480
1831 2229 6457
199 2631 1944
1515 3239 3641
1908 720 6156
1474 3535 5663
2577 1079 1181
2761 2464 803
3439 1333 9237
225 3723 4537
3656 2477 6017
3495 1171 76
2353 1716 5122
3782 481 2963
805 3435 9443
3063 2568 6803
1637 58 8391
3916 933 9126
324 3284 9724
3956 458 505
3913 3348 9169
1304 2460 8250
1570 10 5699
3831 1979 3578
3535 2882 4999
1649 2137 5092
680 2182 316
3742 1017 9552
1495 2559 5464
2493 1705 4625
1842 893 1556
1344 1647 1830
468 3193 6056
3235 463 9849
320 3538 3167
1180 4000 2024
2838 1965 5584
2916 3645 3376
611 283 9324
1310 400 8909
1807 1475 4180
3056 3755 3801
3757 2540 4972
288 1717 2972
550 970 6533
2166 694 3937
1687 3194 2163
3481 268 5977
2751 3883 8593
2190 1721 1831
600 2814 2594
3611 2132 9895
2116 189 1910
2175 2062 2112
3301 2130 6593
216 1435 7981
3088 3858 8393
841 2428 4520
3336 2790 9399
3361 3153 4587
1861 1018 4956
2225 3735 8628
2394 894 7027
1463 3573 4426
2962 893 9931
3474 879 5820
227 1417 9996
3976 3270 4421
1836 2201 8092
2964 2202 4260
1299 1945 3513
3698 2638 9229
1105 2360 4071
2858 3756 6828
1088 2671 6665
3098 1918 7871
868 2314 6299
2281 475 2524
3926 586 2753
2572 2746 5995
1324 779 1442
668 3208 7167
2158 2852 9847
881 1712 1844
521 3983 5657
704 2735 3902
3966 2996 3425
2946 3843 1505
3939 155 8471
625 2773 3859
2257 3513 3452
3279 2058 23
1144 2423 4732
464 1433 772
2168 972 5176
1527 1097 5676
867 1935 4224
1984 667 4274
831 209 2037
1016 2600 4358
828 2748 4073
3120 227 5038
3088 2068 2647
3118 868 7612
3978 1318 4063
2430 923 8397
782 3821 1703
2522 1041 9391
3266 2556 968
2659 199 4768
2649 2910 2159
2894 612 3769
2957 2655 4691
2764 2182 3137
3429 2012 9655
2863 961 8464
3877 3915 9968
1874 245 5912
3688 241 3591
1097 212 4701
1730 1809 868
2513 2913 247
2004 183 8704
4 909 4941
1686 742 1987
3435 1553 5046
922 2541 1809
1656 2650 3743
1681 3986 5404
1438 1076 1326
940 1640 9554
2034 245 131
656 1026 4617
3901 3200 8101
2126 2112 1896
861 1188 8050
3733 1347 1007
1972 3594 6802
3471 1162 4393
2023 3558 8431
1116 2755 7437
733 2290 3058
250 2202 207
2178 3754 9085
2353 3663 2344
837 2514 885
2505 2092 4887
2174 1117 2383
246 891 6775
567 3589 1313
3974 3664 8663
1402 3982 2645
3872 639 6703
3468 2113 6820
611 316 1929
625 2634 7938
2384 2730 2150
3152 3310 9211
3854 3829 2362
2146 1510 904
1319 1436 1116
3674 2822 1929
2835 60 5757
2507 709 8430
2674 1931 5418
3534 1269 3869
2716 20 9611
1970 1165 4870
2932 448 4836
1731 3398 649
3148 1518 2888
2992 3743 6007
3828 2460 501
2354 2887 5238
1613 261 3408
1479 546 7557
2246 2675 747
1045 3318 4790
1202 482 8554
2720 2731 5238
3811 765 3667
3467 3174 1786
2317 3510 6285
2952 753 1444
508 1524 5933
943 1700 3328
2531 3879 7055
524 3232 888
1435 3686 7208
158 3480 4392
288 3888 7105
1461 1542 1769
665 461 8645
819 323 9751
3838 620 6788
2511 1676 3724
721 2669 4117
2488 721 5270
2634 3989 9198
1093 2156 3974
1030 626 3065
1169 882 7085
1617 1712 3268
1419 1801 6346
441 2791 4813
2306 1687 2126
3609 2038 5178
2534 1630 2488
1600 3893 7658
3540 1663 269
1869 1964 2729
3121 3843 3833
13 3263 9712
1387 695 8059
2395 669 9607
2102 3630 2009
1494 1435 1693
479 1711 9175
898 1009 6167
2605 3658 702
3625 1176 3199
1846 760 1325
610 2655 6767
846 165 5931
1944 2540 603
1904 1873 5678
1036 3460 2162
2094 3646 1346
795 2081 649
1118 929 8677
2896 885 1905
1938 1479 8641
1214 2373 6012
1168 2843 8038
3210 2766 733
1058 590 8034
1211 3129 1133
1323 1901 6042
1857 2257 8492
3373 698 5240
410 1699 9482
3168 271 6445
1647 2531 7836
497 869 3088
3098 2801 7415
3148 3459 6412
3000 1877 1777
2942 2668 1154
312 3286 4862
2619 1824 5227
2159 2492 6615
1158 1768 2069
272 1288 3729
3693 628 221
1708 2779 9625
1027 1092 477
3464 840 407
2984 1813 5897
269 2734 1655
2904 3158 81
2088 1291 8712
3364 3274 6880
2319 3454 6730
3493 954 9603
259 2204 8823
2657 3944 6374
3098 3361 8157
2723 3735 5740
2085 248 3735
1486 2290 394
1022 1228 1270
493 2588 9602
2115 1745 8802
469 1098 933
3557 3731 2923
1606 3072 9435
1195 2172 4052
1252 3035 9739
942 1587 8076
828 3390 4724
2594 326 4297
72 3868 4924
3775 2210 6907
3922 2495 7812
3024 1718 5849
2579 64 8918
2527 1546 1299
2613 733 1167
2680 1094 5135
361 2788 2148
472 3215 3043
3667 1695 3187
2162 2566 9573
2051 3827 6657
1065 672 6827
2843 3657 1515
243 3810 8645
1505 1649 9536
2794 720 4105
2437 2458 9579
2226 2302 58
2739 2245 6428
1918 1710 6722
2386 1842 8568
1360 3640 7536
3052 2705 9207
701 1613 5883
1897 3127 288
3875 2282 4592
1705 3104 3955
2928 114 2624
2791 1839 4406
1492 3547 7064
725 2554 4250
2024 2676 8128
620 245 293
209 3284 4990
1400 1579 7012
2812 3578 751
2090 2996 6572
719 1475 9997
3109 2214 4252
3112 3343 7426
3106 2857 7694
3917 796 2564
2193 934 8022
1592 2981 3833
1586 2418 7665
3793 2230 118
3203 1468 6166
2207 1348 3635
3094 688 38
2217 1319 2491
1834 1671 3890
1641 1256 184
3111 3554 2952
1117 216 1447
1696 121 3340
2463 449 893
2689 3447 6336
1740 1186 7299
2493 2360 1758
179 2417 668
3596 1 4739
2373 223 7068
471 3718 1295
3571 423 6974
726 1602 7994
3832 3190 4864
1268 1744 8449
2142 38 2237
3629 2709 6987
1275 3042 144
1587 2562 290
3239 3783 2340
657 997 922
2205 2472 9945
3079 1690 2396
966 3938 2830
3302 433 7770
1552 464 7461
2890 435 7490
2689 2557 2315
2864 3358 1776
2308 2402 2819
3759 1439 3728
2136 2608 536
868 3893 1555
1654 2688 2751
1396 3847 8503
3900 1509 5816
132 1911 7435
637 3229 1946
3028 176 3493
2831 2833 207
3056 2031 2987
2310 3242 1794
2099 2460 8940
709 2953 3292
2546 2725 3514
2730 2949 139
1709 1886 7795
3386 3294 9215
1513 2944 9802
742 1996 7037
3585 1707 5738
2125 2768 3445
3248 1924 1755
759 3500 9092
920 2289 8066
539 2113 9802
1120 1953 5781
2263 3376 5150
914 3379 9150
3186 808 8289
1077 3133 1114
3911 735 2123
2819 3782 6907
658 2999 5492
2943 935 8095
3151 3266 3398
1359 1265 713
3206 28 4799
2318 671 7564
2391 3277 2096
3648 2438 5503
2009 3711 1725
1539 469 7521
2543 2816 9009
435 1291 2114
372 1580 719
446 3776 8351
2626 380 5891
3288 1081 418
2197 1860 1896
590 3841 3963
3261 781 5982
2190 2963 2875
2703 2498 7174
866 2678 2358
1077 396 7575
3935 3828 289
1753 3183 1685
2156 3947 1583
671 1335 509
3311 3726 558
2312 1501 3783
309 2610 7512
3392 3096 1680
643 1703 6548
2404 810 1892
2512 2356 4745
264 1049 5411
3060 2487 2857
2276 2505 2867
3109 2578 3324
1176 2259 4023
1373 503 7973
1118 3835 8082
2861 2005 1939
946 2516 7312
3267 40 115
727 2773 7539
1722 3561 3301
1127 1519 3677
2640 2771 4677
734 698 5246
1372 1713 5791
1641 2222 939
172 296 2484
2455 2915 585
681 646 4202
58 3180 6183
1908 3127 804
1930 412 1273
2746 3973 9383
667 1841 7215
344 3655 2476
3841 3386 6115
2624 1722 4264
2772 1204 4649
2400 1793 9808
2264 3550 4269
2343 3308 3554
3689 2000 4084
275 3624 9030
1811 2468 9080
1661 3197 5246
1420 2556 4362
3167 2750 9841
292 184 6954
665 1933 3109
833 842 5571
3844 804 8787
1450 3432 8777
144 1718 8669
2764 3221 2752
1118 2217 3845
2003 3939 8725
2837 1976 2243
2528 1098 2953
1140 1082 9495
34 1575 9973
3798 764 8990
1501 2573 1776
251 315 4667
3425 3798 8498
463 730 4661
2603 50 1450
2584 950 3495
1585 405 2627
2741 3372 7915
481 1818 41
3029 1160 1264
2522 2262 6867
3650 3824 3065
1956 1877 5990
1970 2727 2499
3695 1581 710
3478 2005 6345
826 1666 5042
3243 3203 8981
3053 3659 7765
3785 3919 9944
2704 3102 9959
520 716 170
3219 1465 4544
1852 1184 3652
906 1750 858
129 281 4478
691 1822 8941
2952 2531 2033
486 1174 8813
1241 3801 6445
3175 710 1642
1920 2653 2008
2638 3226 8190
3849 1709 2148
2257 2092 467
902 2510 9744
2623 2481 8099
1907 3525 8857
354 2713 9358
51 2375 3674
2042 2298 8953
3224 1465 6209
3618 809 4157
1717 225 8245
2088 2509 797
3409 2742 2396
2514 2846 1403
3920 3958 8809
1897 2769 7242
2008 1527 3083
3623 3368 8944
1017 519 2648
1539 3452 8545
182 841 831
498 740 4237
2660 2624 1396
3361 3855 9729
3530 881 5282
811 906 69
2482 1437 5019
1741 2335 3276
283 3765 2412
2273 1715 3788
2609 3094 3226
1190 182 2887
3947 1957 2607
1293 3571 5677
892 1725 7085
1709 1085 624
2275 2308 3555
642 3075 2695
2628 2301 9684
1547 2204 5634
2925 386 6861
3051 2979 1163
1350 3927 475
2567 831 6318
1817 3536 6829
3992 1988 5009
3725 996 1783
3689 49 5856
3583 1088 546
2567 35 3543
426 3447 8637
2314 2274 1473
2012 1170 3127
432 1079 7745
1382 765 397
3715 490 4885
429 3495 90
96 2227 9714
31 2853 6817
3897 2081 9031
2809 2355 8224
1055 2164 7782
822 3399 6015
3299 1194 4046
2797 62 8436
1713 3857 7501
3499 1256 8432
2968 735 5974
3141 2461 9091
979 577 231
760 1571 7243
3096 2837 3696
1263 3040 7148
2557 1878 9133
3315 2573 5831
3718 3631 7436
436 1969 2831
3963 2890 1777
3194 3114 838
3727 3728 8779
1007 311 5764
3717 3639 8783
2766 1498 3556
2533 2987 1110
1227 3887 4045
2274 3829 7323
1426 2880 7423
3198 1047 3302
1015 3999 1901
1994 420 2943
2199 2743 3466
3442 3110 1646
895 1518 6670
3628 1789 2364
852 3558 3628
3586 2115 5118
2003 2270 7714
1307 3048 307
3751 2180 2442
2463 3077 8117
711 1958 5796
3567 1714 2101
3413 1682 9791
766 1854 6359
3481 515 6439
215 3591 8346
830 179 3141
3455 3837 3309
1521 1695 2303
3823 1934 5176
480 1364 361
1209 3468 8293
3513 3434 415
770 3826 6215
627 3238 6993
611 3744 9917
1487 1166 8511
1121 46 4498
682 1529 6070
2392 1059 3477
614 3811 3997
1933 2516 6607
3239 3089 4729
3141 302 9131
1180 823 2418
3489 2448 7894
1931 3949 82
1652 2441 2023
932 1330 6635
3531 3606 2270
2030 1598 1623
567 2305 4575
2673 383 5814
1851 139 119
2639 3195 2709
803 2189 9012
1725 3422 227
2571 2228 7784
2933 864 685
388 3616 520
463 3261 9330
18 3233 344
763 2644 133
3535 843 7614
3984 2978 7968
2927 2771 8129
1480 2453 8439
1799 1508 8139
3289 916 6317
2593 3140 1354
631 3891 3303
794 674 4747
808 1102 1525
1609 367 4763
2127 2504 4093
1916 1443 8434
10 230 4579
2014 1420 6099
330 956 599
872 2171 2586
3404 1924 5813
3205 3109 8935
2229 2303 2952
428 655 9013
2577 2069 9193
770 2839 7712
614 102 4438
411 1898 638
2685 1041 5681
48 2531 3756
576 3193 8951
392 1256 3580
2077 3652 2062
2244 1041 4375
3008 1793 3341
3726 3288 9929
274 2249 9237
287 1786 1189
2769 3549 883
2977 3232 7925
1493 1704 8907
2311 96 8150
1948 1966 6500
2912 3506 5315
2804 2069 7906
3500 312 4161
1629 1222 1757
3399 831 4597
1866 2537 3951
2460 3270 5946
362 1905 2376
3232 1515 7217
572 1691 784
383 1566 67
260 1287 2909
1291 926 7390
3992 524 7818
1849 3218 9186
2609 2631 8398
2521 2042 1871
3860 3689 9361
1882 1806 1830
2095 801 5009
3008 2109 6829
616 3105 6210
630 2877 9437
937 3220 9475
407 2506 8404
3479 1369 9082
2791 23 4241
2135 3237 7235
1407 3189 7200
3439 330 9877
3540 111 1557
819 2220 9599
3963 2849 767
2718 3741 3992
3354 1158 9054
1644 2378 465
100 2472 5680
747 1548 904
206 2470 2906
2971 3773 7909
38 605 3584
2057 170 7093
3609 998 7656
349 814 3696
1165 1288 9087
359 3274 7557
1332 606 6845
2465 689 9935
2435 2033 8475
3378 2697 5431
2777 259 2581
1577 2558 3267
3962 654 2147
1873 165 298
1679 3045 9566
811 3820 876
976 40 9560
1792 1516 3016
411 2044 8201
3193 1564 1719
2759 1261 2669
124 3038 1740
1414 925 5996
1355 3270 3484
2741 2563 3722
2647 1601 472
3123 2233 4298
2879 2269 3217
3331 1813 3127
1934 847 8633
3713 1734 7218
2406 1618 5346
2749 3193 4950
1953 1935 686
3181 173 9014
1969 3024 5469
1054 3778 7456
3355 2400 3149
183 3926 4081
598 2377 3718
3319 2752 3067
3756 1572 737
1708 425 3733
3923 2193 2030
1649 2396 6003
2452 3820 3588
473 533 6331
96 3110 4131
1918 2695 8382
2079 491 7287
452 17 2193
3408 130 6244
3529 608 4009
2301 2152 2510
1877 2494 3117
375 1534 6652
984 1836 1626
1526 2450 5213
594 483 2907
3713 2143 7765
2164 596 7225
137 1179 5510
65 3599 403
3319 2823 9178
3367 3348 3021
3310 1691 1948
3028 595 4918
3449 1765 2164
585 1808 4352
371 414 921
1422 1355 3284
1362 1701 5227
3566 2989 6969
2983 3866 1023
2391 3959 4251
1690 251 891
67 3177 4950
3818 2924 6919
3765 3971 9324
2657 876 4988
2406 2040 2953
570 1247 4408
2290 2569 9526
1973 51 1247
2255 2876 1052
1177 2039 9370
2626 2622 8066
2648 1512 1624
2578 1579 9028
2779 154 8297
3976 2327 7408
3933 1457 7793
921 2593 7639
2048 2564 727
2709 2610 3743
3416 1818 937
766 3752 7683
1493 2308 9990
566 3624 9679
1930 1254 8051
2350 3362 1306
3468 3509 368
1689 1449 8908
1867 2750 6825
1456 670 661
3269 2248 8269
1926 3238 9425
226 54 4061
1639 2401 81
3090 1671 6743
1693 2394 4752
1883 2262 3116
1870 3438 2252
2041 2209 9702
129 81 6592
1955 2409 6787
325 1147 4332
2551 895 2209
1047 1106 5505
1144 1929 3526
178 1095 1655
2115 2739 1525
583 594 3826
2054 136 1926
1999 2938 4858
2609 2721 5140
1921 3819 3379
2216 1720 7425
3304 1476 8603
3436 2828 8221
2112 3248 2702
168 1256 3334
3954 3537 3131
2034 1677 2972
921 9 4062
3145 1521 3613
2876 3288 6909
2086 1916 254
3293 2672 4788
518 476 5224
3850 2956 6088
693 2198 6585
1569 654 5234
3523 2088 9485
3385 293 5150
3301 27 9891
686 1037 9887
3424 320 8431
2506 1309 3127
2616 1440 8375
2539 996 893
1921 1199 4642
1759 1487 5649
804 1076 6429
288 3079 71
768 2788 8213
223 994 2283
1421 3201 7554
2432 970 4239
1869 1207 4305
592 601 7025
2283 1235 6491
698 1305 2748
1320 1546 514
953 2542 1229
1384 2000 8283
1293 3919 443
2247 2928 2805
2682 2874 4953
159 1457 5475
3992 3945 4008
89 1954 1333
529 788 4114
2741 736 7060
1130 2010 632
718 1550 2008
1973 816 777
2941 2709 6489
3764 2450 7882
1080 1418 5849
3800 320 6278
1433 1814 6831
498 3437 5337
1881 1393 7204
2956 603 6663
1571 2377 7181
1818 2659 4047
1528 1279 3298
139 2502 163
1813 377 8918
1777 2079 8308
3468 3087 5682
2914 2812 817
2531 1595 1901
2747 736 3099
3380 809 3570
3238 456 7241
1346 2126 1151
953 1412 8289
3048 2363 7399
1590 697 9682
3139 1055 2697
3602 214 8006
1047 1810 1534
1750 728 470
3378 3217 683
961 3253 128
2243 2215 2929
2503 2618 4667
3942 1510 4960
1976 324 5002
1978 1808 8436
203 2691 8111
3996 2422 3914
1206 575 1468
78 499 8256
1235 1219 5275
2500 615 2881
3521 325 8769
845 2829 3007
2913 2988 3195
1018 1397 8241
2681 3967 5500
2615 3743 8843
3004 1207 1729
1825 189 4737
1258 3774 4897
201 743 3515
526 337 1115
2330 2841 4028
882 2951 1499
3517 2530 5128
1543 3400 4396
1701 1258 1780
3738 91 4976
1433 3218 2672
2301 2224 2119
2639 938 6646
295 3284 3044
3699 2035 7893
268 322 560
3839 541 6042
2007 846 5584
1050 2312 7622
2696 1052 363
3757 3596 5219
507 1531 8891
3625 391 9174
3236 1954 7357
884 186 6898
302 1144 9158
3918 2577 8540
2329 3898 6786
1173 1943 9264
132 2844 7281
1535 2131 8491
1864 2864 2227
1363 1840 4585
2943 2930 3730
156 3742 6864
3028 1586 4258
1444 529 6223
863 2749 6479
476 3008 2913
1795 2142 7519
2300 739 4508
1459 857 4320
3872 2126 4597
734 3880 7222
3542 1995 9141
3426 2899 4752
2076 552 6783
2229 169 3315
132 3486 940
3682 3206 9807
2898 3860 9454
3399 165 8396
954 3747 4371
3925 2 3127
750 3711 4847
2083 3232 8982
2507 3243 993
3169 2731 1191
3886 2998 3309
437 3450 8009
3311 3207 5041
1553 2622 9129
2811 1323 8284
1985 1997 6381
2467 409 8991
3600 1238 522
794 1900 997
1203 1499 500
3816 2449 8864
3375 677 7718
378 2419 4615
3459 1138 668
2402 2861 3891
3594 1607 3570
879 2968 5340
108 1232 3121
2550 173 6979
1967 1424 2188
2270 815 3715
1343 1407 435
1771 562 2344
2083 1456 9088
3190 2283 3321
1946 747 8707
3544 1761 570
2071 1455 3799
445 2796 2411
1732 2756 6639
684 3638 9973
1456 1688 7296
3422 1999 3207
3097 1088 1171
3698 1853 7570
1328 1859 800
3323 3231 1284
2612 2866 1463
2959 3817 3883
3785 2192 3104
1443 2949 513
524 2354 999
1280 1706 5362
2518 38 1124
772 258 9778
3724 3543 4456
2868 1029 4931
2558 1605 4206
2328 1098 3675
2380 1125 979
642 3552 7987
3052 3682 5003
1276 1125 9711
36 2722 1176
703 2418 3107
765 2498 7492
281 1590 9336
1449 3332 6586
1476 2117 8297
3913 1822 2040
3805 1562 5294
412 437 4991
71 3852 6715
3346 3734 2470
2175 1731 7771
1994 3604 8124
2526 1254 262
2469 1928 5197
897 3019 4266
1247 1596 7634
2406 386 1178
1182 1267 2785
1453 3147 3615
226 2590 1514
2010 497 1269
1650 2923 2965
1987 2363 5092
2187 1931 2318
2830 3279 268
3312 3806 1315
3332 3506 9110
1426 3917 2494
1276 2644 8349
193 1423 1623
3811 1807 921
2152 1246 7991
1960 620 3754
3989 731 2905
3488 455 3293
3872 734 8685
3421 440 5424
859 3812 6472
431 3057 9414
2324 3647 1103
1292 3369 2779
2309 10 4037
1812 1011 1868
3651 308 2268
3562 183 3171
1832 3558 2865
1253 1613 3344
1531 1983 6359
2741 3013 8372
1180 744 9477
599 3636 5318
1545 312 5219
3406 1630 9736
3122 563 1840
3317 3446 3214
3570 3302 7326
2712 2167 2967
38 570 7455
2594 3417 2014
1345 852 2225
3894 696 8715
1214 2347 501
2905 3404 8794
2894 673 4839
2325 794 8375
664 1850 7529
2734 2405 3114
1843 776 4723
949 2318 2690
3338 3520 5333
2585 1447 6787
2593 3161 5188
678 431 7613
1904 1002 2797
1622 1921 971
1266 1361 3937
0 1248
0 1489
0 1374
0 1434
0 388
0 1592
0 872
0 1008
0 1060
0 1320
0 1345
0 578
0 383
1 158 2526 271 814
1 2660 3239 2988 532
0 641
1 3342 306 3717 929
0 514
0 795
0 1065
0 136
0 880
0 417
0 874
0 1298
0 1130
1 470 1931 1717 962
0 1476
0 6
0 1028
0 1076
0 285
0 585
0 1457
0 748
0 281
0 756
1 641 709 4625 548
0 1380
0 892
0 476
0 732
0 1510
0 1252
1 2589 664 3338 431
0 1058
1 3198 2091 1530 1270
0 1249
0 170
0 1053
0 289
0 1013
0 1221
0 1585
0 1583
0 821
1 1243 1816 6356 1331
0 591
0 1118
0 836
1 124 3496 1084 1106
0 1450
0 1440
0 1381
0 484
0 1403
0 364
0 914
0 333
1 2333 1093 1985 1581
0 943
0 1000
0 745
0 1334
0 581
0 1132
0 589
0 996
0 513
0 1184
0 876
0 959
0 683
0 852
0 1466
0 802
1 2088 2128 7470 502
0 1070
1 3570 3478 9086 44
1 2399 473 8826 768
0 1339
0 430
1 2055 681 8496 912
0 1297
1 3119 2167 7118 700
1 1625 877 4630 503
1 1656 3609 4443 1286
0 457
0 1084
1 252 3016 6820 1464
0 595
0 1521
0 1423
0 174
1 3967 3493 2458 499
0 1584
0 986
0 1091
1 1446 308 6500 835
0 443
1 3110 1482 9099 923
0 610
0 946
1 3813 30 9502 622
0 1567
1 2305 1914 5699 1382
1 2324 501 7073 1029
0 1577
0 287
1 2188 3630 1954 1243
0 1275
0 1475
1 1839 86 3566 40
1 1801 943 1252 922
0 454
0 433
0 424
1 1301 2107 2629 1206
0 1090
1 2142 1636 4180 215
0 778
1 2821 157 6101 1104
0 963
0 204
0 550
0 554
0 1097
1 1506 1668 2105 680
0 1480
1 1674 1529 1707 1235
0 634
0 1149
0 50
0 1269
0 1372
0 1260
0 855
0 228
0 183
0 1181
0 1051
0 1572
0 1555
1 1140 3548 3822 625
0 343
0 1096
0 273
0 317
0 1071
1 52 2660 2560 630
0 1050
0 1045
1 3054 2600 8317 17
0 799
0 282
1 3808 2120 1387 1541
0 483
0 674
0 72
1 1549 3820 6319 11
0 775
1 2079 573 1248 869
0 1522
1 3695 1735 7615 495
1 2350 602 585 14
0 1218
0 994
1 1358 1453 4137 934
0 463
0 808
0 141
0 1394
0 1414
0 1443
0 1064
0 139
0 528
1 8 859 5141 80
1 922 2323 5781 555
1 225 1709 7396 321
0 214
0 18
0 526
0 15
0 134
1 3702 3933 2773 627
0 127
0 177
0 607
0 1210
1 191 1158 7932 1499
1 1278 1575 9745 1062
0 427
1 531 3523 7598 626
0 1483
1 2484 2118 8501 1196
0 784
0 1525
0 531
1 266 138 7234 1575
0 642
0 85
0 335
0 1314
1 1392 822 7804 1024
1 3578 1648 3077 677
1 1171 1549 8916 1187
1 3856 543 7949 104
0 727
1 1980 2793 8512 1016
1 3705 2472 4048 1288
1 1132 3924 9755 266
0 1360
0 1054
1 1686 857 4587 63
1 3363 1577 6444 706
0 1244
1 2648 2040 4654 395
0 517
1 2764 183 8055 696
0 1223
0 481
1 275 3757 7095 56
1 1275 2677 3086 1265
0 729
0 1531
1 288 2448 694 79
1 3284 2917 5339 516
1 491 2556 3302 399
0 202
1 3629 1156 1459 1227
1 657 3719 1645 1523
0 295
1 1399 3726 3041 1393
1 895 3018 844 175
1 1607 61 5929 644
1 1219 2987 7197 1239
0 1449
0 1338
0 360
0 1343
0 269
0 659
1 2033 2466 1230 221
0 728
0 341
0 1301
1 3851 3020 8672 109
1 87 3187 2604 1425
0 1586
1 1404 789 7023 1226
0 240
0 1300
0 1074
0 265
0 66
0 57
0 678
0 1491
0 438
0 908
1 3122 3374 169 1192
0 734
1 509 3311 6926 250
0 752
0 248
1 739 710 8158 462
0 1014
0 662
0 442
0 1172
1 268 1133 2696 1224
0 982
0 359
0 288
0 19
0 1026
0 746
0 573
0 1417
1 2996 2207 2406 1329
0 60
1 2961 2520 1139 380
0 1082
1 3591 1157 8626 1234
0 1178
0 439
0 838
0 3
0 51
0 474
0 1282
0 652
1 3025 912 5074 423
1 696 3349 3250 209
1 289 3435 1092 789
0 1186
0 1246
1 2333 1208 6787 449
0 827
0 88
0 153
0 1245
0 1278
1 506 2576 6206 1220
1 2350 2523 5281 1557
0 159
0 1404
0 796
0 372
0 1437
1 2838 3941 8629 386
0 1165
0 1402
0 407
0 1471
0 1271
0 1093
0 1291
0 1105
0 730
0 867
0 755
1 1459 110 3805 118
1 298 2431 5743 259
0 1296
0 715
1 1006 959 2171 902
0 155
1 3979 1469 6843 412
0 1312
0 663
0 505
0 105
0 1160
0 1021
0 223
0 608
1 2441 1853 1119 149
0 328
0 935
0 676
0 890
0 1134
0 1015
0 694
0 702
1 1642 2542 5776 779
0 851
1 3871 259 2454 875
0 1322
0 1591
1 784 1557 8830 161
1 737 1061 7101 1101
0 1508
1 379 2591 4487 307
0 509
1 2449 1028 5052 1047
0 997
0 1593
1 774 145 5076 398
0 1201
1 1929 2659 7826 468
0 1213
0 1514
0 1498
0 731
1 3130 1880 2186 303
0 973
0 1441
0 275
0 977
1 991 1984 9114 405
0 165
1 928 3040 5206 965
0 1262
0 1110
1 848 1890 1333 238
0 1477
0 96
0 846
1 2574 2024 5458 10
1 1345 203 3238 472
0 1034
1 3993 2943 1402 102
0 1578
0 1254
0 612
0 157
0 691
1 2819 3213 3315 760
0 1594
0 258
0 1023
0 103
0 1108
1 3782 2927 443 1140
0 24
0 575
0 1355
0 1077
1 379 928 4867 701
0 87
1 2814 3360 5929 682
1 3720 3460 4485 1366
0 1142
0 1151
0 133
0 1389
1 2910 950 8189 1479
0 726
0 356
0 1570
1 2109 3001 5921 1445
0 1263
0 75
0 921
0 638
0 274
0 47
0 30
1 3456 1722 286 849
1 774 291 6121 416
0 145
1 2430 3455 9194 758
1 3696 2755 1680 114
0 322
0 189
0 944
0 504
0 268
0 1049
0 621
1 2520 380 4297 619
0 1
1 2718 2613 9761 1323
0 1512
0 1276
0 930
1 1170 3337 8414 1209
1 3706 1156 2783 91
0 1473
0 408
0 9
1 3600 3111 3972 899
0 1017
0 1490
0 198
0 1284
1 56 1698 5221 818
1 716 2405 251 129
0 1143
0 374
0 834
0 420
0 794
0 1072
0 1548
1 263 519 4169 316
0 371
1 3466 2744 3451 1258
1 2043 115 5703 547
0 1156
1 2347 2730 1833 911
0 243
0 763
1 306 1701 7136 1528
1 2099 991 7665 278
0 271
0 498
0 286
1 523 1788 8263 1247
1 290 944 845 207
0 666
0 1189
0 403
0 154
0 69
0 1392
0 1133
1 600 3401 3157 1148
0 327
0 941
0 1308
0 751
1 2852 2862 5941 414
1 2099 1087 3319 473
0 1383
0 1067
0 1207
0 22
0 111
1 2789 3602 6880 958
1 777 1731 999 515
1 1393 1838 5611 342
0 604
0 992
1 82 3054 1791 597
1 1294 952 1518 1204
0 1452
1 2866 330 3289 1534
0 710
0 656
0 415
0 361
0 865
1 2843 369 9463 379
0 212
0 26
0 42
0 1159
0 241
0 1302
0 989
0 76
0 144
1 3821 3341 4259 1439
0 543
0 1347
0 1081
0 314
1 1789 2553 5660 187
0 1340
0 909
1 2539 3240 8846 73
0 972
1 2504 1155 5558 650
0 1272
0 780
0 740
0 1497
0 781
1 3211 3901 4096 969
0 624
0 653
1 3796 314 7254 8
0 878
0 1180
0 108
0 574
0 232
1 1282 397 3691 820
0 234
0 62
0 1405
0 856
0 233
0 33
0 107
1 359 3929 2094 277
0 1126
0 486
0 1448
1 3643 2556 2484 334
1 1206 1402 3007 1161
0 1057
1 729 512 9661 1364
1 1236 3250 2380 1540
0 1274
0 1412
0 1376
0 112
1 45 93 8590 67
1 893 2064 8992 945
0 392
1 3803 1689 5515 357
0 793
0 348
0 693
0 1379
1 3689 374 7625 609
0 362
0 891
0 545
1 320 3020 3210 409
0 1468
0 480
0 1362
0 110
1 2136 853 4785 842
1 1300 2642 5990 330
1 1167 3144 1007 1250
0 1520
0 1137
0 565
1 2475 2020 9502 494
0 501
1 1604 333 9211 583
1 277 2474 290 1309
1 11 2285 4319 459
1 589 2297 5583 363
1 1568 3993 2370 201
1 1511 10 1037 52
1 310 1235 9681 1197
0 524
0 1530
0 767
0 1420
1 2128 3834 7048 1410
0 927
0 1546
0 825
0 863
1 3253 2458 3857 404
1 2664 139 3447 1190
0 489
0 637
0 1153
0 419
0 1311
0 1179
0 150
1 2805 2593 8517 805
1 1811 1351 7429 460
0 897
0 45
0 1538
0 1571
0 81
0 53
0 1397
0 31
0 1043
1 3562 2245 1049 1202
0 1576
1 1500 823 6233 394
1 1856 1406 8458 86
0 569
0 974
1 1456 1639 5455 556
0 137
1 323 2597 7213 800
0 664
1 2375 3106 8059 859
0 216
1 2301 259 6193 1188
0 358
0 315
0 947
0 777
0 1006
0 450
0 690
1 1485 3981 3633 1154
1 789 1541 7542 298
0 130
1 1293 2983 3701 910
0 593
0 272
1 2513 95 8289 237
0 881
0 422
0 32
0 308
0 539
1 2619 685 1566 82
0 35
0 511
1 2093 2387 3998 1123
0 1056
0 829
0 188
0 979
0 801
0 580
0 1061
0 1519
1 1063 3283 7571 401
0 1092
0 648
0 967
0 925
1 116 149 8687 606
1 2162 949 4034 1191
0 122
1 3962 3724 9871 1287
0 1573
1 2484 2997 5377 592
0 646
0 432
1 1443 568 1293 219
1 1870 3560 5222 599
1 554 3718 1796 1170
0 711
0 1046
0 1395
1 3492 3115 4987 1446
0 1478
0 351
0 985
1 1510 1041 3694 1255
0 552
1 420 35 6440 1157
0 845
0 506
0 440
0 1294
0 518
1 377 3990 8770 1361
0 152
0 861
1 3805 257 3573 255
0 326
0 717
1 1588 2234 6651 1513
0 815
0 1363
0 448
1 497 1016 9943 844
1 638 162 5973 1129
1 1424 1308 4319 345
0 961
1 798 3288 270 396
0 590
0 1279
0 957
0 1430
0 485
0 331
1 3691 3120 920 1465
0 1549
1 2631 3557 6413 13
0 1044
1 995 3599 1825 7
1 360 2506 5662 1059
0 557
0 493
0 290
0 564
0 1001
0 1529
0 749
1 1563 2163 4916 347
0 337
1 3700 3014 9830 437
0 251
0 603
1 159 2301 817 305
1 330 2024 6808 146
0 816
0 310
0 522
0 1146
1 3716 2624 6934 492
1 976 3698 747 703
0 540
0 1144
1 3061 614 8743 425
1 724 2087 3882 798
0 931
0 1580
0 74
0 866
0 49
0 765
1 843 3874 5829 970
0 889
0 94
1 875 2362 7823 558
0 572
0 370
0 1400
0 1488
1 610 2631 5241 857
0 1335
0 510
0 1231
0 570
0 1503
1 771 3750 127 1103
0 304
0 1085
0 465
0 681
1 2041 3300 4161 2
0 242
0 1433
0 1166
1 3757 2051 983 905
1 3815 3657 8811 896
0 400
0 623
0 1451
0 41
0 390
0 831
0 719
0 382
0 658
0 247
1 2088 10 4654 804
0 826
0 279
1 3576 2565 7128 975
0 1107
0 774
1 465 318 5139 1203
0 171
1 2909 2038 2139 1502
0 169
0 1507
0 1409
1 2530 3707 213 1264
0 346
0 679
0 1511
0 611
1 823 1181 3023 1378
1 902 3766 3378 949
1 1415 155 7981 173
0 736
1 3828 3447 900 132
1 1422 1186 451 1324
0 1377
1 2152 2453 4968 920
0 1009
0 549
1 1967 3313 7192 1205
0 1587
0 1350
0 20
0 46
1 955 1130 4509 97
0 1413
0 629
0 1198
1 737 3380 4499 313
0 1228
0 312
0 1463
0 534
0 1544
1 3155 2354 104 1182
0 413
0 1492
0 61
1 3269 3388 705 160
0 854
0 1087
1 1876 3141 319 68
0 1115
1 1138 212 6584 1543
1 644 3022 1125 860
0 697
0 1158
1 3659 2272 3600 1375
0 743
0 1010
0 369
0 1011
1 3814 540 7192 1200
1 1649 968 628 229
0 376
0 34
1 3728 1230 6308 686
0 1386
0 36
0 533
1 3209 2128 6874 833
0 1396
0 822
1 3478 3469 9479 1419
1 3936 524 8493 537
0 263
0 840
0 373
0 1273
1 3163 3482 5631 759
0 938
0 1230
1 2232 944 1280 1094
0 1332
0 1564
0 843
0 222
0 864
0 1079
0 739
0 231
0 1259
0 1556
1 2052 1237 548 1509
0 1365
0 1481
0 466
0 953
0 123
1 1102 3260 757 1307
0 1229
1 3961 1785 4840 143
1 1779 1724 4616 1561
0 1384
1 757 1881 7115 1119
1 876 230 7806 365
0 1117
1 82 2800 2367 1574
0 873
0 1553
0 1114
0 352
0 1318
0 444
0 332
0 1099
0 971
1 3902 1836 9876 1426
0 478
0 1354
1 559 2058 7241 628
0 1428
0 377
0 1100
0 1241
0 1025
0 770
0 960
1 11 1251 920 523
0 1461
1 435 1190 9377 115
0 1031
1 774 1820 5469 43
0 1496
0 381
0 978
0 812
0 1018
0 1237
0 1422
0 199
1 3876 2218 9711 1562
0 1495
0 1299
1 529 795 9883 933
1 246 709 2402 1147
0 453
0 1429
0 1442
1 2703 3639 344 391
0 167
0 48
0 605
0 1175
0 942
0 654
0 92
1 3607 2152 7746 182
0 1373
1 707 2595 9810 1152
0 520
0 119
0 995
0 191
0 1424
0 877
0 672
0 918
1 704 3959 5563 37
0 280
1 2277 1615 6070 1289
0 252
1 1122 410 720 340
0 55
0 124
0 1527
0 919
0 720
1 3530 1408 8951 58
1 1958 3645 3720 25
0 193
0 1295
0 1033
0 588
0 227
1 3899 3471 920 1418
1 957 2424 2069 901
1 1981 1046 4667 1185
1 189 952 9158 1589
0 106
0 824
1 3756 1089 95 787
1 2318 3951 539 1208
0 667
0 1215
1 430 2045 8177 665
0 1388
0 521
1 3719 883 1597 951
0 671
1 2323 1244 1071 84
1 3799 75 9571 406
0 225
1 2146 2471 1775 1533
0 353
0 1391
1 3978 1594 8609 178
0 803
1 70 2012 8058 613
1 2523 1600 9152 582
0 471
0 742
0 806
1 3706 2694 5770 1095
1 2398 2125 5923 121
1 1432 2112 6951 306
1 3529 3495 7148 350
1 1707 1160 7798 1285
0 1131
0 1120
1 3933 1991 8322 500
1 3368 2579 4641 939
0 952
0 1222
0 1344
0 1111
1 1238 1400 2912 786
1 838 755 9595 926
1 1401 3730 9199 185
1 2422 2286 4939 1459
0 77
0 436
0 620
0 723
0 1467
0 292
0 385
0 1089
0 932
0 1472
1 3059 426 5174 1240
1 2962 956 3824 469
1 2090 595 236 894
1 3803 3409 2496 309
0 1435
0 29
0 1177
0 1141
1 1054 1760 2489 338
0 262
0 319
0 1559
0 1012
0 1112
0 1351
0 917
0 1232
0 1500
0 90
1 390 1884 3937 1369
0 1582
1 1036 1682 8834 907
0 283
1 1383 3532 8240 566
0 559
0 602
0 1368
0 100
1 750 542 1977 1083
0 218
0 635
0 1073
0 893
0 116
0 260
1 2509 2635 6510 976
0 1174
0 245
1 2503 3239 4801 95
0 1454
0 487
0 1125
0 687
0 164
0 1317
0 1052
1 320 797 8771 302
0 1283
0 688
0 668
0 649
0 1066
0 131
0 1036
1 45 3238 4534 267
0 1121
0 284
0 1486
0 1565
0 553
1 2742 2417 6285 1139
0 1003
0 203
0 93
0 1292
1 3251 1215 4127 270
1 3482 651 5403 1128
1 1791 1303 4789 482
1 458 11 2890 762
1 3748 54 914 1415
0 987
0 1357
0 888
0 954
0 301
1 1137 3641 1421 257
0 125
1 232 1435 3924 1290
1 3550 3779 8433 940
0 853
0 1444
0 1552
0 616
0 1348
0 615
0 458
0 1069
0 195
0 766
0 761
1 2337 1097 5284 1482
0 966
0 699
0 1098
0 1558
1 3563 406 885 1352
1 1957 3088 4336 475
0 830
1 1438 878 2357 98
0 790
0 916
1 1427 2910 9852 323
0 1346
0 230
0 387
1 3326 3561 7309 562
0 135
0 1474
0 147
0 525
0 1211
0 354
1 1160 384 3300 181
0 797
0 776
0 138
0 1431
0 1554
0 491
0 117
1 877 3547 1279 1566
0 1341
0 1536
0 1406
0 530
0 1306
0 461
0 1590
1 3409 1441 6244 1055
1 1191 1332 4821 1330
0 246
1 1811 1613 1277 447
0 1560
0 1407
1 304 2579 916 1487
1 65 1474 4438 367
0 956
1 1963 207 8754 1359
0 1494
1 1481 3143 1562 689
0 1022
0 1537
0 1313
0 54
0 980
1 1329 3763 3496 904
1 3842 3422 9892 239
1 453 3274 2569 1315
0 1550
0 393
0 999
0 71
0 1484
1 2424 766 8938 320
0 276
0 455
1 2027 3391 101 200
0 1305
1 177 805 8655 28
0 1427
0 325
1 2903 843 4384 1075
0 614
1 575 172 6975 783
0 1138
0 120
0 1517
1 1938 3285 6855 764
0 718
0 294
0 1042
0 488
1 3909 1767 4935 156
0 1127
0 39
0 1432
1 3326 2474 3442 1505
0 1516
1 404 3183 4404 101
1 2434 283 4841 692
0 1019
0 1266
1 2284 2454 5308 1398
1 1684 1684 893 176
0 1304
1 3647 3080 6310 410
0 318
0 754
0 1268
0 1455
0 535
1 2594 2155 9792 684
1 2665 1768 9876 1493
0 1358
0 452
0 817
0 1277
0 657
0 496
1 3166 2271 6699 813
1 546 3381 6908 568
1 3164 357 577 1155
0 660
0 1539
0 714
0 65
0 673
1 3568 3573 8043 828
1 647 1095 4992 196
0 224
0 375
0 1002
1 2175 779 9440 299
0 1037
0 1526
0 1080
0 1253
0 541
0 879
0 1113
0 197
0 497
1 584 3043 4917 709
0 479
1 190 1346 1751 1225
0 1195
0 429
0 948
0 536
0 772
1 3833 1224 3425 508
0 1524
1 1520 2302 4520 1436
0 1163
0 1504
0 389
1 1223 2625 4519 456
1 592 1966 9016 1408
1 881 230 426 601
0 998
1 3475 3715 5330 1485
0 721
1 1167 1668 6084 1004
0 538
0 1281
0 884
0 915
0 527
0 1122
0 988
1 2949 3177 6772 898
0 753
0 848
0 384
0 1367
0 1416
1 1693 544 7455 594
0 705
0 1316
0 293
0 598
1 1054 763 4253 788
1 1449 2180 4896 577
1 946 18 9798 850
1 2494 3124 4819 336
0 823
0 1242
0 99
0 244
1 1721 383 5792 470
0 669
0 725
0 837
0 1453
0 631
0 490
0 1563
0 1588
0 291
0 633
0 1458
0 640
0 636
1 515 1796 2825 368
0 1390
0 704
0 617
1 2923 3228 8785 639
0 1150
1 2470 1992 1116 1214
1 3912 1019 7342 1167
0 542
1 2169 575 6412 1261
0 208
0 38
0 928
1 271 2320 7928 655
1 3148 3363 1803 1032
0 632
0 810
0 913
0 968
0 839
0 546
0 675
0 870
0 773
0 1568
0 1551
0 16
0 1542
0 1078
1 1283 278 7420 1328
0 210
0 1217
0 1421
0 579
0 411
0 647
0 421
1 1975 2243 9862 190
0 378
0 249
1 3500 2169 4636 584
0 643
0 1007
0 695
0 735
1 3822 2255 7036 445
0 1257
0 168
1 408 777 8548 464
0 446
1 2773 597 5031 1371
1 307 2757 7318 1171
1 2278 277 7279 1219
0 519
1 215 3584 1773 563
1 1723 2141 1280 1337
1 879 1501 2644 1325
1 2537 1792 6668 809
1 512 3914 1753 477
1 2380 3256 5526 1460
0 59
1 2108 2679 6822 561
1 3788 1542 1942 1238
0 832
0 78
0 264
0 1068
1 2594 981 9044 206
1 3022 3545 4025 1233
0 1086
0 402
0 254
1 2024 2634 180 339
0 113
0 600
0 1145
0 924
0 984
0 1020
1 105 1292 7594 1333
0 1116
0 713
1 3875 1451 6165 964
1 2064 2800 2913 811
1 2579 2185 8761 261
0 1267
0 847
0 1035
0 716
1 1425 2631 2971 1135
1 2692 2720 893 1216
0 1506
0 1327
0 587
0 435
0 1176
1 2524 1316 7995 882
0 670
0 651
1 3129 839 3546 741
1 1165 3449 7946 883
1 813 568 6435 148
1 2657 2242 1548 1168
0 981
1 1079 1299 8945 226
0 900
0 1336
0 1041
0 236
0 297
0 12
0 467
0 596
0 1532
0 895
0 126
0 771
1 2879 3445 9837 707
0 1401
0 769
0 1469
0 906
0 807
0 1183
1 2565 2972 1238 750
0 329
0 983
0 791
1 2030 3721 1490 1370
0 128
0 871
0 868
0 1515
0 744
0 661
0 192
0 1326
0 1462
0 21
1 3626 3174 4636 1039
1 1971 1903 2299 397
1 2916 2337 3022 4
0 1124
1 1298 2969 7985 1088
0 1164
1 1184 3199 6685 618
0 163
0 426
1 604 3455 819 428
1 394 1221 5966 560
1 3785 1144 7926 5
1 219 2318 2832 1193
0 217
0 1027
1 848 3575 2628 140
0 858
1 2181 1143 7954 1342
1 3789 3411 1736 1387
1 467 1160 4384 1030
0 645
0 311
0 1038
0 1063
1 752 2647 2934 886
0 862
0 256
0 1102
0 162
0 180
0 1212
1 2425 823 9293 1280
0 151
0 993
0 220
0 885
0 158
0 1447
0 551
0 1310
0 64
1 223 3899 6541 507
0 1256
1 2164 1295 1356 1162
0 142
0 698
0 955
0 722
0 782
1 1801 347 7817 1236
0 355
1 1478 2769 2944 1303
0 937
0 179
0 950
1 1514 1012 8833 990
0 1293
0 991
0 296
0 1518
1 219 889 839 685
0 1470
1 969 2597 1880 544
1 1978 371 6835 186
0 1319
0 70
0 1411
1 2033 3935 2218 300
0 1579
0 757
0 785
1 1557 1910 230 1199
0 83
1 2265 1705 629 792
0 1535
1 3543 2547 7030 253
0 1545
0 1321
0 184
0 194
1 221 558 7227 1048
0 712
0 936
0 235
0 211
0 23
0 567
0 841
0 571
0 903
0 27
1 1822 765 2430 1356
0 1109
0 434
1 1760 2910 255 512
0 172
0 1547
0 166
0 344
0 819
1 3765 3891 8460 89
0 1399
0 1194
0 349
0 1136
1 3212 3554 240 1353
0 576
0 529
0 1251
0 1173
0 1169
0 205
1 906 3552 8491 1501
0 738
0 586
1 3693 1400 8710 1005
0 1456
1 233 1989 3149 366
0 441
0 1349
1 3283 929 741 324
0 418
0 213
0 1569
0 737
1 126 980 9450 724
1 3551 716 5275 887
0 1438
0 1385
0 451
1 1389 3341 1633 1040
0 733
1 2923 2857 9083 708
0 747
