2400 2399 1214
1306 2100 4547
1173 1732 564
1793 882 8433
367 730 8003
653 899 8511
2367 431 9862
316 1118 7930
166 2114 4720
1302 406 7106
376 965 3669
238 2068 8475
1694 142 2635
508 1867 3167
652 2075 5281
1631 1837 334
549 1771 9979
775 547 6664
1128 466 143
2027 1923 5039
1812 2103 4
1306 1635 8897
509 466 2935
2308 601 846
1476 1440 5955
2305 838 5704
379 1169 1487
2288 376 6969
1133 687 6067
2019 478 4037
1669 1397 5916
1522 1409 5742
915 1793 400
2375 1997 4851
723 748 3858
903 158 3427
1685 1012 7298
1247 519 388
744 1386 9366
1811 782 196
677 2286 4907
1647 65 1600
1020 1079 9285
881 438 4448
699 1737 3312
2242 133 6666
1846 1611 1835
1624 718 1767
2048 1684 9501
1502 1825 9220
603 1215 5283
2008 321 5412
2278 242 9411
2169 1940 3792
435 195 1408
338 255 4755
229 969 9068
2095 471 3097
1019 336 7364
1586 86 3307
1301 2025 1976
382 1068 3344
722 369 9095
2056 1447 4987
1004 1343 6128
29 519 1723
1651 1690 4182
1437 2075 9823
979 1026 7265
2130 1403 4940
1699 1288 5399
498 1450 3048
2062 1798 2143
2312 1423 4009
1142 409 8794
1763 496 5500
774 2358 8600
1011 1952 9028
1457 333 138
485 589 1545
263 1317 8679
130 1237 5932
819 2254 4898
1629 2349 386
2166 1777 4047
1992 2014 9275
1628 1355 961
91 1671 1007
218 2060 2374
890 1022 5099
225 1925 8355
669 762 3200
454 1739 3428
818 1226 3759
2127 2143 9550
1911 704 8657
57 715 687
1736 2164 6606
2115 929 3548
774 2118 5333
183 993 5222
1287 580 9503
1813 186 2846
382 351 3279
1982 2276 9403
2333 1770 3223
1692 1143 4863
2112 559 507
963 1079 492
492 788 1613
1739 1373 6772
1307 2337 8461
2308 721 2991
877 1507 3055
871 107 9164
2171 1418 8210
1195 522 1027
1609 2047 3559
158 1410 9557
2173 2161 9412
1948 1891 8787
338 632 6591
444 2065 3380
1770 1593 5270
2285 535 5939
2234 151 5954
477 2334 9179
769 2059 599
2199 276 8759
247 1799 5265
2030 1960 4817
82 1656 1153
2133 625 7746
613 141 7691
1655 1710 8690
625 1499 6675
975 2060 663
264 1398 3454
1631 1829 6939
1325 1895 8500
2328 2033 8780
1277 1029 41
423 101 5688
2339 573 4696
1393 1755 2676
1111 882 3172
124 1112 4392
2074 1858 504
654 2036 8113
1906 136 645
2184 91 634
257 573 114
1238 2030 218
2269 1023 7537
102 1713 459
2050 1375 8103
41 726 5413
1417 795 972
2359 1020 6577
1914 342 594
94 368 9763
570 198 333
2046 1513 6751
1119 1107 4101
361 568 3540
1814 1405 152
290 50 8290
2369 1011 7710
381 929 3647
2018 81 879
447 2278 5751
1225 551 3950
1616 148 517
1814 940 7321
1515 1138 3715
1219 1445 9567
340 1575 3206
517 546 1835
378 1451 6944
2118 489 6262
987 1392 4238
24 1093 7394
802 1547 1797
2176 810 3382
653 2398 8983
378 1012 4506
1992 1676 1821
710 1456 6202
1690 1489 5053
266 140 8350
445 736 6123
2278 1674 1543
220 673 9640
1513 1966 2750
2357 2076 4049
691 1182 342
1384 2120 1200
1416 2124 4701
481 257 2398
857 334 8895
2310 280 6236
2305 2149 4572
74 2332 3903
55 2268 6557
437 886 392
1931 1036 870
260 317 9740
1465 661 947
127 2201 3891
1995 890 539
387 101 683
1572 2204 9775
1344 883 4564
1592 2265 6261
12 858 2299
960 1960 7415
2388 1918 2435
1615 2330 6884
653 876 2805
2327 1100 8361
233 647 9964
2257 198 2629
1212 1027 2875
1528 405 887
404 1359 8285
2002 1248 4644
1884 1847 9043
180 1521 8773
1558 1177 7618
82 2146 2433
2382 817 8968
1164 902 7421
1693 2076 6670
1028 1532 4668
743 587 49
1710 603 9533
779 813 9343
1092 1713 7448
1699 2016 9514
2341 1659 8540
1578 1933 9180
1679 201 8108
54 2096 6528
1385 2398 4726
1600 781 56
415 2320 9618
307 1406 6415
2354 1363 5961
2284 1962 2810
2184 1592 5985
565 2364 9121
82 1431 356
2134 1959 6178
722 1858 9750
1239 1618 984
332 756 9873
2290 1057 256
609 1077 1783
1399 711 9876
2389 1368 6097
1900 2024 8209
375 2059 3832
197 2396 2977
2303 854 5573
851 2181 661
1927 115 2234
856 357 4055
889 760 2843
1109 2223 9967
1787 1231 8089
963 616 1014
109 1650 9695
1915 1666 3412
1053 116 6168
2341 1372 7104
1191 1970 4208
30 1285 5318
911 648 4195
2172 1940 8390
1956 2367 5360
1976 898 8613
2111 2224 8574
1356 19 6370
1645 497 5334
1588 728 2938
1986 2370 9627
98 1533 5018
916 978 2246
442 1648 7905
1507 2041 788
287 1935 5810
2144 360 6703
1449 670 8665
181 1249 8455
764 1075 4915
644 1035 5676
322 328 3315
1308 751 6141
993 1542 9932
18 756 6590
38 10 9898
864 1441 8319
468 900 2028
1306 432 3323
1242 397 2490
1711 806 8969
2176 877 3376
1918 2189 1532
863 192 5593
849 388 2730
1755 936 5932
440 1080 9526
1311 1219 8089
2306 720 8675
1740 1479 4631
1816 1477 389
1780 923 3264
716 1236 680
236 1403 5131
1751 2127 3076
916 2099 7843
2209 1347 7612
1763 2400 1955
2339 2319 2138
2174 1424 6319
1277 1954 4513
316 238 8873
592 312 3041
185 1810 3372
27 1815 2762
454 967 5555
395 1928 8298
2395 1499 6808
1831 1796 8906
161 177 4811
1654 1756 2219
1418 68 211
751 2308 1236
1022 905 2514
265 274 9961
96 12 6093
86 2179 4012
362 861 7279
2075 2000 7436
1843 1077 2838
227 209 3232
885 2162 9002
912 2284 2991
1398 1829 274
959 655 2669
1809 2265 5565
118 2381 9674
1555 210 5482
336 208 2225
644 610 7071
1906 1767 2579
1040 2390 195
2051 1641 8440
1187 1095 3813
1057 1692 9279
2222 1146 8518
1244 237 2304
2297 1028 2821
1999 124 4704
195 310 2226
252 1592 7366
976 753 6830
298 1421 379
1976 167 5841
171 582 5571
268 439 612
19 40 7258
2254 1143 7270
82 1065 7104
1061 2343 2200
1062 1274 6221
549 707 4481
1081 1050 6071
2287 75 2355
1267 1814 6917
719 549 6948
2308 2331 6884
921 762 3081
371 1989 2198
67 1765 2896
950 71 5381
970 1649 6113
1660 1125 5002
448 2106 495
2278 892 8648
1671 360 6958
620 1293 4678
1848 621 2313
2315 1934 8039
831 657 2112
2248 815 6642
2170 1749 9596
176 1663 1549
610 1651 7385
693 713 651
552 413 7207
1226 1966 9978
1773 2019 6605
1536 2342 7952
1818 1012 5896
22 322 8780
798 1589 5680
1524 1111 1082
5 580 7834
1355 1593 6596
2184 1314 3011
98 2141 7648
544 627 1099
688 2079 1050
711 2292 6328
989 1696 731
1342 767 2793
2391 1612 4465
2336 1139 7602
2210 46 9268
2227 153 8970
1126 1780 854
378 188 9678
335 938 5688
2210 113 1964
1023 1874 3874
109 28 6294
276 1445 6916
1108 1213 4040
1484 171 6718
1722 688 2963
467 781 5747
1031 945 2106
828 168 6060
1690 1207 8291
570 1988 7454
537 1502 3196
1180 2254 726
1093 494 1959
1411 1394 5888
753 309 6289
666 2018 133
1235 18 2809
1996 717 4872
813 696 945
2036 1058 1341
1610 1723 5045
1755 937 3164
1332 1045 5572
71 2239 1564
1849 626 4422
1627 1105 5939
310 331 3142
309 183 2127
2363 1842 5613
836 2185 7958
1126 1353 485
251 1004 4207
1901 1590 7002
1372 1784 8991
653 1898 2026
233 1949 1954
87 2384 2161
201 1529 1887
769 797 6099
2356 1886 1728
1368 971 4488
1012 660 1330
1246 1960 2205
955 1746 5420
1340 1288 3994
302 2178 8052
1411 861 4041
2282 299 5592
2059 2063 3241
1979 893 1274
893 1766 6293
867 1251 149
1482 80 6518
640 1767 7755
2081 913 4585
370 79 9936
515 2372 3192
1203 1823 4852
765 116 9864
920 1759 4013
818 659 2325
968 2384 1514
1456 1480 6643
1058 560 8816
578 671 1284
46 378 6874
1176 2289 888
2003 2099 5829
993 2327 3352
1900 1206 2575
1256 654 8376
1718 2059 521
1171 1293 6117
1313 159 1718
491 2164 102
1669 1188 1717
1802 1750 9610
2155 1398 9276
41 751 6385
2259 1595 7040
1390 2028 8729
1964 232 7125
2328 875 9670
930 512 7149
472 824 6933
272 1215 8122
2133 70 6313
1876 777 9746
752 1270 245
882 930 2533
833 645 3299
524 2144 1134
1405 2247 7957
1487 984 7124
605 1479 2445
420 1409 1398
1636 393 4005
1364 173 2036
401 1188 3141
892 2183 9340
1556 2287 7449
2113 546 7857
1317 1806 9980
929 1314 2468
2282 1972 3244
1978 1600 1894
2170 364 8371
1118 1155 9151
952 708 3532
1583 980 3682
434 75 844
983 1058 2168
1397 384 4367
371 838 9249
2390 1097 4840
360 1710 3497
2375 409 6352
796 1399 3013
625 1223 8982
2257 954 3838
1087 891 8728
1043 374 7427
1131 1461 439
1694 1295 5302
10 431 3965
374 2081 3990
804 1645 4193
1906 765 6218
365 1441 9784
227 872 7438
923 1938 5642
2385 2186 6325
264 883 9313
1339 2088 1164
30 561 9403
1575 660 1818
173 1859 6174
1796 1319 8522
1675 754 3381
160 741 611
1854 1090 704
423 254 2432
2224 397 670
1421 1025 8249
356 1173 6968
2208 663 796
1288 1099 5723
1580 1677 5907
2165 1144 1450
267 1896 6984
2118 1835 3563
1584 378 5163
1766 43 4036
209 68 8567
902 468 8184
1869 1947 5224
509 1663 5069
2213 2173 3175
1043 1075 869
2031 1016 7508
1007 2173 3243
1338 1662 1548
2117 1932 8088
1624 913 7186
844 237 9851
1362 1522 2448
882 448 7607
419 2246 3342
1279 1243 9896
341 1047 21
1761 1484 3866
2358 1169 734
1736 863 6059
2284 147 7544
1735 2362 3533
1640 1378 421
525 1664 2290
1158 2276 136
654 470 4165
882 2041 6648
1809 802 8831
2235 2 5514
2300 682 5921
1366 306 2345
1519 1760 1677
372 746 7735
1160 1735 1175
1082 900 6277
2238 395 978
189 2185 5804
403 1426 5429
1139 585 1616
1258 1578 2940
1041 2206 2705
471 884 3835
1116 1452 1392
2350 2339 7755
1712 1316 8958
380 1803 9805
1266 913 4920
1299 1684 2817
1580 129 2960
1489 504 9159
669 1506 9842
1251 1665 8976
1509 1748 8560
1507 1984 6905
2248 720 7397
365 866 3729
357 1714 2541
1243 1635 6353
1680 310 7861
2115 107 8147
394 1430 8938
1594 1716 5506
2295 1779 6070
1620 2037 3567
897 2135 3903
602 1369 3890
769 651 7293
1952 864 5996
110 679 6749
1552 261 5172
1564 1376 6673
77 1724 303
1248 1074 31
1947 462 5385
1157 85 7470
2304 150 1334
257 1581 7690
636 2138 5916
1964 1079 347
489 598 7317
388 1292 3039
1480 1611 3987
1472 460 7885
1868 669 6818
1426 1167 4644
1129 2348 9711
1207 1927 590
1248 1391 7060
863 592 1905
1727 743 102
1487 1305 4433
2032 1263 9469
1039 1994 8522
375 1852 3851
795 205 2773
1606 2307 2519
2039 618 5184
957 1983 2343
987 504 7671
194 1647 9961
1887 2056 8010
220 141 7495
1595 327 5269
1881 1988 4716
641 1805 1079
2378 1018 5910
1920 51 9574
56 1527 9068
525 1917 5663
384 108 6400
1508 233 3813
1261 1075 5790
2039 211 1021
2006 1186 5410
2337 1178 3218
2229 1300 1377
1644 660 5356
660 2181 6459
1492 65 6851
46 38 1358
399 1931 1829
502 1291 7416
863 2168 9500
1416 344 7487
1194 1940 96
357 47 8184
1977 1603 9551
1521 1088 3123
986 232 2612
1003 2193 8214
257 290 7641
1553 1701 594
270 1087 2554
2380 1211 8114
727 376 6865
583 1337 7551
1854 1201 7728
1656 1601 7086
2220 2025 5410
1253 2209 60
1765 192 3467
445 1743 1237
1702 544 1385
1637 208 5804
1780 102 8809
1615 897 5418
1315 505 9075
500 1451 8221
2169 1863 3124
1722 1943 4425
1454 1151 246
926 1192 4640
351 932 6811
675 1801 4247
1456 1632 4061
566 225 4615
1662 1272 8494
2136 1289 4982
1387 2246 5395
297 2337 6395
1134 550 2110
1385 1582 7331
357 1848 1045
1624 644 545
1174 172 6707
993 1166 2153
146 267 6052
1641 435 9557
1852 997 1513
2338 1652 8545
917 902 9605
1707 528 9373
776 1330 3799
208 1295 2946
1447 399 6521
1544 272 6322
790 40 4199
1469 1420 7888
734 1796 9835
161 775 8393
1908 297 8973
600 1057 7424
1914 592 4374
2158 2178 2317
52 283 9823
2038 1795 7510
523 1407 5949
2374 1632 9956
1828 2203 2560
1145 2335 682
2340 1357 5516
971 30 6584
60 19 4286
1209 2370 7194
2114 529 5985
90 216 5288
94 2308 2152
1818 1302 7490
585 960 1510
88 1447 3745
1121 633 522
2040 706 4460
87 77 8679
504 180 2055
2240 2252 1481
1254 2332 930
1057 1873 2765
7 2275 3480
1827 1815 9689
669 525 8917
603 1188 3369
918 1098 5162
2352 188 1175
1884 1391 403
1378 933 7340
593 1871 1970
1556 2367 6555
1209 689 6806
76 378 1880
415 208 3268
1135 372 7903
924 638 420
1163 1670 8194
813 303 789
1597 576 5421
952 375 3341
1748 2106 2798
415 792 8048
817 1270 1554
332 1083 8298
2056 287 8045
1883 352 3757
857 135 8604
1879 1571 8359
1928 614 3229
2246 241 8760
1862 1324 5269
1660 1276 9997
1079 1982 6333
906 2062 4198
1645 868 1496
1433 1078 6816
1224 1498 4639
808 1479 81
1847 2058 9468
2056 1284 1262
1326 140 9715
1734 1016 7405
40 625 4179
2306 1209 7150
1845 867 5781
2361 49 5581
1009 1661 6124
1938 1455 4571
1008 1149 2560
1290 37 923
1650 1043 1054
908 1633 6830
1831 527 5008
1689 1192 3387
276 1828 6793
1889 303 1452
2282 1304 527
1407 1045 8517
1071 36 6513
2116 209 7326
734 2354 9255
444 1118 8649
1989 838 9801
2284 252 5862
382 1778 5775
2134 535 1584
126 1197 5924
1905 1053 5457
1638 2151 92
1391 1646 2748
117 691 5185
2136 1940 5030
378 707 3664
426 1814 2581
969 1535 7401
2309 2052 8795
673 960 8879
2375 1349 657
794 1799 3261
89 2262 1800
1146 826 7248
69 1054 7742
61 743 427
1948 1342 6881
643 430 6322
1153 1816 5968
1706 568 4585
139 1707 4269
1196 1700 2255
963 2087 3549
83 1726 5379
833 1952 6276
1735 1453 8485
2017 460 4148
1542 1556 6740
407 843 4879
657 1564 8141
2378 1493 6879
1902 1666 2849
1094 745 9509
1453 1729 9830
1747 902 3702
2 1021 8305
1700 1080 3420
1256 925 3588
331 1971 2214
1705 270 367
1425 1298 2304
812 510 8934
1779 52 9318
1310 2172 1216
1123 832 4008
83 1061 5709
2077 2269 437
1997 52 1267
1294 1198 7946
1293 254 4176
309 1757 1469
911 1377 2943
800 392 9098
669 26 9929
1572 1877 3760
108 1597 9270
1783 2041 2556
2184 1081 849
2221 1080 7356
1384 1108 2880
639 2304 8235
2315 933 6902
952 2149 7488
96 1992 6737
1117 2254 8650
1159 1658 3473
960 2115 4598
1542 2045 5090
2002 1331 6692
1476 1429 4901
1502 1893 5761
105 2030 6872
1073 2088 927
571 1398 4551
1922 351 3541
643 944 5395
1818 2228 9312
228 1371 9807
2142 1523 1835
939 1829 7488
1378 201 1515
1263 60 8205
370 2041 8023
507 722 1094
1622 1340 9431
1455 134 2679
1238 1881 9168
2368 53 263
657 1580 548
150 2040 2757
901 781 8498
196 20 8768
1191 1884 1301
1693 1900 989
868 2149 8594
763 2168 2309
952 243 8746
1425 1108 8370
1921 1373 1103
476 1080 9661
624 2074 6788
65 1876 1247
1872 663 8297
2 2320 4117
1772 2196 2859
1641 227 6389
2262 1596 4045
1486 986 8492
491 1271 6581
418 73 7481
1803 863 3617
694 2185 5428
184 2050 5430
1811 1803 4455
956 1273 532
1894 1057 3029
2328 182 4945
428 961 9865
611 1133 600
2330 921 86
288 1172 7376
193 257 9180
1883 1353 9275
848 2236 3025
1139 2108 3499
2385 331 8444
1231 1196 2337
1682 1825 1484
392 1235 137
2379 2279 2470
1627 1531 3187
832 2161 4191
1213 1110 293
75 763 130
166 1258 3937
934 100 2484
2055 1846 9680
1882 2080 59
142 176 8808
1305 1542 120
2000 46 9003
1514 2326 4602
1408 1398 2128
1995 545 1503
1673 495 4330
1006 776 5625
1058 2019 4380
692 649 7596
1875 499 2585
557 2287 4975
1326 2322 6335
1574 727 5720
1849 844 3546
1383 88 7135
1237 1153 4620
2034 689 5375
1276 2134 8357
1781 1388 429
447 2363 7815
1788 1790 4097
1325 800 8270
1899 2242 1822
2023 16 7842
1519 237 85
1490 2294 6081
1038 1382 3672
528 1798 4054
209 2261 9397
1561 149 9125
282 508 9395
878 2258 5038
1900 233 9216
861 1049 5805
691 1602 57
630 536 3758
48 1159 7401
200 966 4956
213 1946 138
602 1146 851
1541 1234 5517
1513 387 7339
2232 476 9744
1532 1368 8143
476 919 9309
2231 602 9654
2107 1166 2290
28 1800 1479
731 1904 4647
1699 368 8535
1001 678 137
194 526 1919
2054 2293 2021
1937 1799 4059
293 810 6441
667 1187 7407
1106 185 7150
43 1305 5860
650 2089 6973
945 736 5549
376 1129 3869
150 2374 3925
600 1669 4398
1966 1364 439
1976 1984 2467
1955 1665 8479
609 412 2485
1512 2291 4444
2278 719 3140
1328 1456 5660
2226 1653 6834
2220 2164 8427
736 1141 5864
2363 593 8842
2252 2174 5527
288 1993 939
2038 1560 3458
1048 1638 4717
430 613 8356
261 541 3485
1182 1536 3407
2116 2103 1414
1932 2280 4894
2121 2299 7522
2314 1836 5899
261 367 2574
1225 1828 4819
1846 1393 8563
1306 2044 6326
1072 128 7703
1383 657 9117
2182 1562 2400
1500 858 9892
1098 2222 6855
1695 276 5672
2135 323 8701
2121 319 630
1244 1769 7271
1366 1111 4547
1053 2022 1663
754 1535 6952
1986 1612 2097
14 1050 3965
407 805 2677
1101 476 7759
1897 1642 8559
1241 1344 4851
938 1595 7069
2180 2397 6926
533 602 3632
461 1907 866
2106 2350 7767
1226 508 5141
1755 2073 6653
1887 1965 1697
1203 2306 179
1489 263 482
1096 925 3099
282 2230 7551
709 202 1161
108 1373 3798
756 1073 3616
1160 869 7815
2328 1527 2878
1288 1973 8778
2249 50 6574
2163 1196 3360
917 845 3562
923 161 8657
533 2346 458
884 928 3092
1831 1928 6547
481 15 7675
162 650 7293
1333 2033 8096
1685 2364 3463
1879 953 5260
1018 290 9577
1477 1965 8267
1555 328 8471
838 1417 8670
208 63 3269
1011 8 6729
301 553 6008
1728 1762 9740
390 2208 980
1329 243 8804
1330 564 1799
1709 1192 4903
1380 2106 9998
2278 1978 5143
615 543 9019
964 1180 1574
851 2214 1111
1081 715 6340
627 2198 5669
336 564 6550
1194 2041 2647
891 176 31
760 2047 3868
2035 430 3658
2097 1196 6547
849 369 8492
1484 1647 9974
1738 605 3781
483 357 6171
381 1625 9144
772 334 3456
1096 575 1756
809 2006 2845
2006 95 4781
1908 834 3460
2310 643 8474
1536 1799 6440
1753 1436 3355
1310 1399 1855
142 1981 5206
838 1788 4618
1703 1105 5370
380 2396 7237
84 2005 3949
2322 1404 2267
1963 1782 2515
558 95 2755
539 1785 4990
541 621 6085
1615 987 879
1379 2133 8794
1086 493 9410
1247 2038 5367
2263 2015 2987
246 651 2426
1095 894 3523
879 1992 215
1461 1476 8147
374 220 1604
75 1942 7781
451 31 4718
429 957 5854
1706 844 5825
776 1959 8682
2038 457 5949
2087 1512 7331
1754 1965 7377
1944 796 3676
97 1330 659
1633 1178 322
108 1357 6033
546 2268 291
1515 336 5337
36 1998 2322
2265 622 2665
1146 1303 3687
1619 81 4849
2376 1638 5897
597 951 6782
86 1933 8916
209 316 8609
239 306 9443
1518 1913 6772
1169 471 1618
966 1750 9803
541 920 1987
2340 359 5175
1698 893 2475
968 1945 7377
538 1485 6790
2274 1706 3938
1233 206 6715
258 683 8416
1645 732 4263
1910 938 2291
1803 1802 1429
2150 317 6078
1077 953 2587
1918 845 871
122 256 5192
2159 393 6298
1829 50 6945
2360 1303 2402
2216 1170 561
70 489 3687
2209 358 3096
2318 691 5239
1839 678 7758
1596 862 6574
1148 1481 3980
2333 898 6181
1148 2103 4194
835 731 6840
1689 467 3941
309 177 7715
2371 730 1697
551 2181 760
1482 597 9881
1702 1893 9800
1797 602 7912
249 1361 5230
683 1932 8087
592 874 2958
83 836 9785
2272 1990 8642
2001 658 5977
897 1376 3289
821 1484 8059
2385 599 832
2158 1796 987
1299 1950 6424
453 1720 2638
2280 2377 4209
763 888 3710
572 588 3183
116 175 6690
363 513 152
1726 625 5263
1997 2209 7090
435 1358 8124
622 966 2225
2083 1849 2821
1629 2321 7961
2197 788 3961
1888 688 4178
10 1500 7160
288 1583 6167
1320 1545 1618
1482 1854 3577
1984 96 5767
979 534 879
982 2343 4521
1903 1011 2725
872 1434 6096
426 1961 9221
1049 621 356
1197 850 571
1071 188 1411
1687 1501 3098
1333 2113 3947
528 953 8001
12 1850 3615
1954 88 1594
2275 2196 8507
1582 1130 3015
1331 410 1193
2338 13 8062
201 1666 6883
2219 2118 178
2175 1350 7143
1661 2250 2090
827 958 3022
1808 798 4473
1721 707 4024
1861 1679 6033
1969 621 7122
1914 2179 7353
1469 2214 5400
1048 1186 3213
84 1680 9944
2302 782 6242
1796 1286 871
1541 699 8791
1658 865 7500
2177 1909 1044
131 1324 8515
1020 1297 1499
691 2329 7949
1725 1762 2084
1128 1886 2509
938 1422 2118
15 685 8417
2137 1437 9556
2368 308 3612
296 2062 1211
2243 1444 9370
91 1379 7102
1833 688 8918
871 966 680
1310 1846 8239
926 281 4545
229 133 2736
1665 1743 7266
508 1049 2473
488 1293 2544
744 1941 2153
575 848 3471
762 1196 8653
729 978 2231
990 1635 9710
395 2112 4234
2020 590 840
372 50 580
2041 320 7579
1379 1211 2048
622 136 23
1886 2296 2896
424 355 7474
2353 829 9040
553 109 2929
978 1056 8985
1287 2329 3841
1028 395 1990
879 459 1372
159 600 9601
2281 597 1675
2133 1307 8971
1796 1356 1034
1579 560 2697
168 255 2088
2106 1872 727
216 2077 3383
1358 2316 9030
1661 1935 9564
641 288 1741
1397 2204 251
788 2270 8882
112 967 2031
18 1702 455
660 687 9881
393 1294 1424
249 881 7458
1721 1221 6686
1592 1654 152
1932 992 4420
980 988 2560
1764 1686 6052
2079 1662 8031
892 1723 2349
59 2187 1196
194 981 7156
1443 1596 6153
345 810 3986
1855 1584 2002
1843 2046 9905
558 981 8361
1772 653 3671
1379 1126 531
1841 1219 5587
1884 557 9296
955 206 6193
689 1309 9047
2017 1674 8660
1128 1193 2709
607 116 9696
1719 1727 1561
840 1498 69
493 509 2305
532 1999 8658
1237 2111 7306
1902 2342 8452
1529 326 1807
208 2237 2285
1464 374 3880
1473 301 1155
1670 1644 135
229 1910 9549
754 2375 6700
1914 189 4728
2082 1867 9740
1535 20 2497
1201 1014 9493
13 870 4455
1679 1299 6400
1823 160 7254
750 1917 4661
1871 1824 8440
2276 169 6522
1955 1718 2720
580 759 7733
188 95 1036
2166 1084 9724
1629 2299 6011
2286 1467 8785
1130 2012 4036
2249 1137 7953
1840 1339 733
609 783 1269
627 2012 2755
662 1508 2140
2257 506 2031
2213 208 5116
1229 2244 4283
895 2354 5023
2238 1685 964
1810 2254 6085
254 1217 8426
1102 299 4990
2321 559 9208
1597 4 3909
1457 1959 1136
1493 867 4156
1618 1769 6788
591 2124 1839
357 993 1874
1667 2375 655
887 509 4827
1975 76 2735
1945 909 3014
1400 1358 3234
2228 508 7224
2400 2292 4447
1714 343 7775
756 1372 3348
2266 2220 5430
2193 523 4631
105 604 4648
2025 1336 4484
1342 1055 5652
292 1267 5552
18 1511 3068
783 1061 2002
1431 163 1799
1334 636 2336
1223 595 7252
1085 1088 8706
1540 1952 4608
1900 791 8112
1283 1926 9262
998 854 839
1458 204 9996
317 1206 7913
1463 793 8128
1653 1923 788
121 933 558
789 1780 9918
1418 1339 5516
593 448 7569
560 35 7951
1064 1606 9099
2233 1107 3913
2074 838 7414
1309 411 3344
441 2057 7246
913 1854 1131
696 804 6378
2098 746 5489
946 628 2443
1255 1923 8245
310 1699 1251
1528 832 2257
1045 310 6889
320 219 485
539 1351 6282
1428 208 5617
1326 1621 2337
1022 1124 1121
1039 963 3500
1933 2387 4542
2390 503 8178
1259 641 4727
1459 557 2778
2192 687 3647
2158 544 4596
201 1493 2119
1814 132 8866
646 380 3915
735 1497 9340
592 1 1616
1972 1042 55
1733 1908 8193
990 1601 2456
12 1755 5535
2378 1649 5157
312 1080 8018
645 1512 2630
451 1506 9489
1886 1749 4163
261 2339 9570
1973 1924 547
2376 1881 2427
1646 940 7506
1214 1400 9554
1054 2046 9305
1628 331 5992
2370 2162 5573
151 1051 942
690 1152 1554
958 2245 6061
1465 1241 7254
1246 1361 9877
1277 60 3685
1593 1534 8342
331 449 2020
343 1571 5789
1775 2025 9544
1066 43 4986
352 1204 6694
1867 1084 5397
1535 2308 8098
13 1177 9191
1265 1785 1210
1840 179 8405
862 973 6585
1905 1466 8742
1744 541 341
1563 320 857
100 819 5139
1422 1793 6725
2017 495 36
1809 675 4119
1314 698 1979
2377 1432 9730
1305 1924 6679
2033 1054 10000
273 1043 7026
2312 1376 6036
2305 2226 1264
1985 1348 9554
2229 376 2015
1034 523 2018
2169 553 2023
367 310 6532
741 63 7753
685 1232 3630
948 1532 434
504 1633 9277
1868 588 5434
71 2276 381
2371 1224 2462
1455 2013 8604
179 2168 3149
936 1362 5490
1353 201 5337
2379 2278 3894
650 65 9663
1395 2338 3420
486 2003 5364
2147 652 2369
1080 840 4580
27 1462 2758
838 513 5017
695 752 2157
2377 1491 2594
87 2312 1622
1492 926 1968
6 1640 8952
49 1829 2444
1886 1032 439
1345 802 7964
544 207 1099
522 1649 7862
1054 141 6183
1452 2294 4555
1276 1395 732
1043 627 6877
1337 21 4907
464 1721 8223
1757 106 7794
688 757 5835
777 824 3486
1514 2073 5412
1884 887 9004
1500 826 3552
349 1044 9952
751 1268 4291
1846 1627 7828
17 79 1361
1448 1620 3267
378 222 2739
1560 380 8511
1131 1474 1282
2373 1825 1686
2308 1797 3636
239 101 6856
2137 1652 9879
1740 965 3404
493 599 7250
550 2221 9309
2246 237 1486
572 383 7044
2184 1022 2339
2030 2197 1048
1573 178 46
2137 540 2706
1402 313 4814
577 261 2325
481 1292 7631
520 1673 5523
2326 1636 1027
1667 1922 6750
1560 2381 224
819 880 9187
2097 176 400
1855 535 3975
489 1365 2473
2232 2364 4203
1638 1407 5294
2200 1109 6027
506 1439 5024
2009 2380 3492
1573 1565 747
1117 1985 5810
2152 1227 6893
1311 1611 9812
678 97 2991
1849 1795 6091
2060 2385 5572
1209 2173 6018
1893 415 8407
2226 784 343
934 775 3291
2296 1060 6958
74 486 5994
118 676 264
2001 804 3064
1516 1274 8912
2320 1200 3233
877 1772 1263
1635 2284 3257
1634 331 2010
1972 1699 2046
876 133 9313
1485 615 3204
1298 730 5492
29 1498 153
1144 1762 6472
1392 1036 1089
489 1890 1844
733 58 7463
527 366 3881
2072 2328 1374
2184 2032 3096
1537 254 8816
1213 1499 8641
1301 1043 22
1611 489 4810
1649 2032 8059
302 617 3335
806 1303 681
1151 2073 6068
1972 1453 9490
1809 1386 4737
968 637 4397
1034 85 3281
1119 1593 822
733 840 6952
444 1722 6679
1435 1158 6140
2089 159 9742
936 804 8681
1012 1095 1732
655 697 5168
1029 652 3656
1879 1143 4509
1006 2259 8323
1529 997 1890
1668 2021 9309
2200 1028 3833
2056 1645 3518
739 1814 5691
1557 1632 4445
1176 785 3475
735 2231 7055
5 1118 2828
1554 1834 3543
454 1085 5699
396 1619 7899
1600 1851 4508
2284 147 8586
957 891 3746
2026 1210 8248
336 2059 6639
1183 1101 9355
1728 648 4480
1201 2188 1807
1741 202 3359
380 511 687
1868 1473 8359
768 1278 3490
90 70 5451
1167 588 4955
346 855 3418
902 427 2027
1407 2166 2064
152 2363 5337
465 1468 9475
828 2349 4033
1953 1607 7719
1095 1754 4767
1493 258 2159
1802 323 8703
366 2308 8959
2382 771 1964
1290 1812 4911
1291 1603 5296
1298 344 6327
1021 57 3237
2335 1558 9097
1580 2138 1876
339 1874 8986
1116 1241 8041
560 2354 8213
1730 902 1786
737 972 6735
1341 954 7390
2397 616 7039
1624 2062 7513
1423 1663 8340
975 1920 2525
657 1589 5036
2279 1933 7165
2053 1595 7898
1274 1420 7803
715 1350 9188
939 2360 1814
194 1181 8355
1337 1996 9271
391 2257 4683
586 2027 2444
1256 1839 3333
141 2380 2566
2185 157 1243
1689 1698 2078
1044 1324 2445
1012 652 6598
716 1554 4785
146 547 4341
2386 466 4148
1772 1676 5562
1703 2310 755
1023 1073 2658
77 1787 2787
1695 1580 7781
2227 345 2085
2085 383 2144
1251 583 963
2244 524 777
1485 566 87
1882 11 8744
2289 660 198
2365 340 3527
1433 2143 8726
1036 1907 2467
705 298 4381
1930 909 1262
734 930 6783
2033 26 6409
1323 350 1892
2313 1883 2681
1859 1635 153
1105 2336 4172
1620 1919 1814
923 1124 4838
1871 1891 4016
495 505 4090
1952 54 551
1653 468 3663
1193 2370 9671
1372 2354 8696
1746 2128 4341
2331 2192 9445
733 1231 5383
2260 504 8974
2033 2206 9443
1647 1501 2478
596 1461 101
792 441 9353
1701 285 6607
1677 1754 2294
413 1456 742
753 1918 9751
1037 1402 4236
411 1866 405
2358 782 7944
594 1944 9508
1476 692 3793
1169 2270 7040
1190 2156 3747
581 1344 8334
284 1293 1909
1611 1005 1475
982 2394 4317
1470 1950 6456
1421 2254 4272
1936 587 4769
1020 1009 9552
2237 1574 637
2121 2169 2709
1264 1096 9642
726 1311 5322
1053 2381 2949
1210 475 6627
1716 1201 9711
360 190 3514
230 1031 4105
890 1482 5186
708 1799 8780
2269 1483 1801
161 2112 4403
1023 1544 7036
1906 1075 715
1280 25 9975
138 1362 4559
433 1514 2850
874 43 5281
1647 1127 4076
2064 2162 7969
1335 1035 3859
577 2064 2611
1873 565 6887
433 2023 9225
1139 1509 5266
2108 1498 4357
144 206 855
48 762 2915
231 2268 4100
944 486 7670
1286 615 7756
1208 1076 2980
1077 2032 8517
530 1500 1955
893 1139 2479
2387 1346 8204
1731 1851 7877
2221 1902 1406
257 139 2934
377 741 2766
1842 2150 1496
601 921 6603
95 243 78
238 2362 2873
1322 1240 4759
2211 1603 3422
657 1296 5591
1827 1552 5391
728 1078 7167
1040 831 8508
342 2279 3359
1371 696 3130
2382 1889 4034
524 2354 1882
344 917 3264
1837 151 5210
710 2111 2132
1491 496 8973
1565 1578 5701
2025 2390 9190
1035 575 1769
1713 947 9485
1166 1438 3921
654 1339 5912
696 1357 5814
2129 1092 7097
436 1864 4829
1161 612 2678
535 442 151
194 2178 2729
1918 831 1900
1949 1405 8517
1607 1834 1120
2193 1986 4345
2152 2 292
2163 1794 9488
765 766 591
561 685 6808
2186 302 7809
1269 1853 5696
1739 928 4978
669 481 8940
114 640 8925
2105 2275 5925
1595 331 6421
1674 2026 1234
359 370 9188
174 1354 9170
1901 728 9812
2392 1013 243
1125 2169 3396
1687 2015 9603
1209 1882 3308
1404 2131 8155
2047 2307 5711
958 1931 1438
1309 269 3690
1183 1251 5845
1258 337 8236
576 1281 8696
962 1344 2398
464 104 691
2382 1526 758
629 1235 1600
11 1153 5873
80 1033 5708
1043 806 1039
1826 2252 3779
2255 1419 2858
926 2344 8805
2375 1962 4375
807 603 3303
2256 202 6160
625 2400 1352
622 825 4800
659 1249 9302
2092 519 2631
218 1808 7227
1030 1854 5949
1772 79 5235
2040 1835 5809
1072 1990 7485
1565 266 4486
266 381 5314
1725 793 942
800 1839 8589
1759 955 6902
96 1293 3713
729 1381 5490
445 284 7192
295 810 9152
989 65 5010
2198 1521 7174
117 1256 5874
2341 692 367
1189 357 4895
2115 861 4033
1549 1766 2969
1477 1839 1941
1582 342 4039
2021 256 1352
44 514 3046
1933 184 3411
1938 2278 2911
484 2065 4831
379 937 5962
619 1241 7318
2302 1385 6447
1261 250 7724
1624 811 4871
671 1262 3761
1885 1263 6635
1364 1929 8553
1858 1348 4742
894 1591 7436
1306 1243 9417
233 1874 5659
1568 134 5577
2094 160 6973
1632 563 8269
615 667 7804
1406 1685 1994
1877 2054 4560
2108 117 5309
1367 1641 7538
174 412 3117
2211 648 3830
1853 695 145
431 1238 571
737 1012 9777
2070 2092 9106
2283 609 6455
594 1341 6607
1701 1186 8368
1740 611 5049
1963 2289 1507
934 1900 9069
1472 404 1090
808 101 8050
96 198 1299
2205 1121 4126
1339 142 303
587 589 3292
1956 596 1736
1036 677 1785
1002 907 4128
2249 191 3988
1455 640 631
1069 1054 264
560 432 1815
1708 796 1101
2267 2288 2002
813 513 2273
1153 1553 7900
1491 1358 5240
1113 1387 7286
1373 28 1413
1499 1037 1533
2126 1497 9465
875 160 2806
215 69 7974
587 2241 6606
81 92 8208
809 1043 9736
1982 2260 8211
1111 1137 6497
1656 1878 9633
445 234 6405
1203 36 3869
1849 661 3386
1753 1948 1866
2069 391 6169
2382 394 5110
236 1561 4329
1803 61 1159
972 448 7384
348 822 2108
56 1664 6532
125 2085 2359
1099 166 5994
149 2280 789
570 1028 9963
2249 1568 4382
1077 2056 3318
957 1826 1326
989 292 6873
2312 1226 8630
1333 1453 7228
2260 1825 5240
1779 333 4392
2169 1980 8952
1655 805 837
948 1144 7314
1345 1102 9185
188 1861 2485
1367 603 7370
1128 1025 2773
521 2283 5264
149 1408 9170
705 1901 8308
880 1862 5011
902 736 2556
1350 2139 5924
2231 314 5199
537 2340 787
903 644 1454
585 1241 6307
171 1980 6663
1712 1922 3784
496 2011 8414
1659 243 4703
1283 703 6883
1661 375 3827
1241 2080 2732
831 2297 1047
2026 1609 580
1872 2067 6850
389 1004 1435
1055 1089 1961
213 1502 1110
1143 1886 6433
954 2182 6210
445 355 1200
1902 1882 5158
996 2167 8951
1518 1398 4835
603 2121 6964
227 986 5586
1784 569 8812
1040 768 2130
663 950 4458
1375 1357 3634
1198 1986 4289
1778 15 2330
856 1689 1155
1573 1062 6369
123 557 2117
182 1590 263
5 479 3484
557 1921 7230
725 307 4099
421 2230 7639
2139 451 8037
434 1833 6828
680 1304 1068
2252 1998 9202
1004 332 2917
2131 2325 3699
2050 832 6273
2375 1092 8002
29 1915 2653
2073 1026 9081
1753 2177 5682
92 47 3514
63 1015 6143
509 2264 8685
1 1102 1057
226 1457 4091
1535 882 1811
1766 1946 5431
727 449 1321
2230 1487 7404
2169 716 4683
122 1092 7933
1679 958 8561
294 2108 3591
2209 1230 35
828 2211 3346
195 2189 756
1459 761 3986
976 112 4969
1139 1554 4476
1326 587 8385
611 1188 6978
865 2363 1808
1618 1829 7051
1255 300 509
1048 1873 6947
212 2164 5610
1468 2213 4401
1288 1580 2835
1047 985 7809
1552 1612 4390
865 212 6794
312 63 4268
1905 2389 6686
2236 1248 1880
779 1016 2763
1715 2188 1434
528 479 9765
1735 295 1919
81 1548 6925
1041 57 4415
2053 1557 9562
586 1919 6796
1537 2183 7718
1707 1266 5909
1256 318 4292
1007 1299 145
1121 112 5969
633 943 953
2072 1195 4729
630 2399 2754
18 1656 5250
748 288 8017
1547 255 4648
31 1860 2107
651 877 5872
539 383 4497
2333 1925 1800
1506 1380 1916
757 1630 7339
1327 935 1226
2263 2041 3387
844 237 8241
2021 17 7152
891 1879 6779
174 1538 9879
168 15 2838
1242 2297 3010
472 2137 1272
59 1991 167
1521 993 9128
1758 1726 8398
1761 1767 1425
1778 1505 8789
1279 1805 7195
1509 1645 9493
2295 1354 3532
1466 1228 1583
621 1772 57
1349 670 8639
238 697 663
1604 31 6159
1518 57 551
715 2006 8910
474 410 6034
2107 2354 1932
167 1391 6556
136 2055 2430
2059 422 6810
2184 38 1925
1227 746 4649
1844 1872 1428
1903 1926 6332
1905 1761 3092
458 1082 9449
174 839 4685
420 755 5520
1963 1921 9330
544 270 7910
1704 2274 2260
1395 29 9568
1825 1865 5645
2010 2052 8093
958 1838 3948
582 1396 9169
1355 1224 7585
1975 507 7359
334 1066 2912
1816 960 4508
382 2339 7540
1126 690 9558
1356 1648 9279
645 1182 9479
334 1566 487
401 408 5966
517 1370 5
1648 1587 3224
2029 1185 3916
1057 726 2127
1645 1045 6897
133 716 166
1005 591 7270
334 411 1104
1326 1745 4726
839 6 9674
1633 2143 7383
723 1673 7746
856 1812 6842
1057 2091 9125
2132 1172 2204
788 9 6768
1038 736 9693
1656 1451 197
1154 2320 1012
1630 1733 4889
2006 623 1975
625 1508 88
1300 1708 6031
1383 2063 9881
1909 1957 53
2354 582 5747
1968 1589 2050
1143 1106 7062
1825 2355 2441
1798 2178 886
1629 211 6968
249 2342 4346
459 1652 8047
1081 887 7538
1701 1105 5365
70 909 4041
1707 1175 4014
948 2055 303
894 151 7105
1618 2361 6040
139 718 6547
775 908 827
1742 1020 4479
2018 2264 1746
873 942 4274
382 2304 140
18 372 5887
1560 558 3474
274 2388 9837
1892 2238 1964
2276 2231 7829
510 148 3042
427 1675 6056
1550 651 2642
2036 1708 3182
1753 975 1369
1905 1402 7323
1225 1298 5993
509 1935 4445
660 911 7444
73 263 3212
2041 1781 546
570 1036 663
499 1074 2702
1094 118 8575
2305 86 9613
1980 2012 7508
653 1071 433
782 1476 5223
1935 1622 4304
1070 1225 5559
51 984 8166
2345 195 7128
1787 1169 722
1926 546 2496
2181 353 2193
1035 211 5889
1095 1682 4035
759 1834 7843
2285 317 1445
98 1237 668
1015 1864 9518
1042 258 7175
357 650 1892
939 1066 7876
446 1803 8773
1301 1708 4743
1447 22 631
519 2223 8187
1506 2305 2255
1991 635 4318
1433 41 205
2130 1005 2288
131 1796 2645
1582 668 3756
988 643 2633
1189 953 5828
56 2331 4833
1355 2067 4939
595 1804 2844
1223 2396 6411
713 1246 713
694 199 4270
1754 1352 3461
2295 892 924
524 704 9770
2117 663 1267
319 2003 4151
949 67 5404
1106 1161 1270
2062 973 8672
1319 1904 3939
1358 553 1500
203 1875 2488
179 947 7212
1886 1371 9712
2003 962 4137
1459 1149 4241
2108 1990 7479
1493 603 8255
2357 2292 8961
1704 613 9813
1383 2304 1538
1817 746 8504
662 250 8640
2016 1369 640
2186 695 5851
1514 2302 920
1388 1885 2639
62 639 5207
356 566 7417
2036 2256 2959
647 1049 6962
1010 1203 5107
767 1882 8500
2156 1844 28
2256 1884 3991
711 472 6192
1762 1654 6262
674 238 1382
1460 1008 5180
590 280 2915
1997 486 7015
2166 2135 455
1093 2123 5312
2014 1535 1259
1356 2378 1446
2125 865 4485
619 203 7972
29 1643 9029
997 1789 8502
1196 1566 509
29 1128 8481
1959 2155 7329
1006 88 5618
833 2293 7371
1262 1976 6379
1739 766 8991
81 304 22
242 1742 1770
329 144 2938
1588 2290 6434
1738 1569 2605
1251 2197 9059
613 1893 7734
2174 408 1089
2268 1704 2176
1 727 1872 7537 516
1 766 1946 3444 137
1 1893 833 5661 569
0 556
0 846
0 820
0 226
0 124
1 1573 326 2524 184
0 791
0 438
1 892 2079 1480 694
0 179
1 2059 1911 3136 848
0 884
0 680
0 92
1 536 1776 8545 343
0 1054
0 416
1 55 1326 1202 297
1 1835 821 1227 979
0 1149
1 2381 2210 441 262
1 1565 1887 8795 161
0 477
0 950
0 1123
0 614
0 140
0 683
0 1176
1 1284 2165 8324 560
1 748 643 3973 255
0 1148
0 298
1 2213 1869 6952 1062
0 824
1 1916 284 202 167
0 1092
0 264
0 142
0 60
0 1208
0 828
0 67
0 478
0 1037
0 863
0 895
1 2258 1759 3245 90
0 991
0 1087
1 287 574 3100 612
0 526
0 794
0 326
0 215
0 695
0 559
1 837 2376 6960 738
0 443
1 1294 1227 1028 1173
0 1144
0 946
0 229
1 2150 496 6643 377
0 726
0 1066
0 573
1 1084 811 3016 715
1 1793 2274 2903 714
0 1212
0 375
1 2064 1895 9621 1090
0 655
0 817
0 914
0 1171
0 164
0 869
0 549
0 790
0 1
1 281 1820 3939 911
0 432
0 1153
0 596
0 495
0 97
1 533 1377 8546 315
0 967
0 768
0 632
1 1508 1436 7831 554
0 1140
0 221
0 1008
0 723
0 736
0 332
1 1907 976 2380 613
0 583
0 756
1 2279 1649 9721 361
0 473
0 579
1 673 2369 3105 745
0 955
1 759 2052 7608 1030
0 732
0 399
1 1322 2149 4293 1076
0 721
0 582
1 2064 1206 2686 83
0 263
0 832
0 1017
0 442
0 1124
0 1104
0 1156
0 151
0 47
0 143
1 769 647 4932 879
0 371
0 870
0 779
0 740
0 1169
0 949
0 311
0 1166
0 892
1 1698 1049 5794 574
1 2172 2043 9234 212
0 906
0 33
0 935
0 724
0 307
1 1845 742 7239 1038
1 1338 2093 11 733
0 689
1 1970 2150 5435 874
0 782
0 837
0 703
0 236
0 748
0 698
1 238 1761 3895 502
0 196
0 233
0 966
1 1814 2016 4026 512
0 202
0 1193
0 328
1 1685 1018 92 826
0 830
0 1061
0 543
0 363
0 648
0 310
0 254
0 1084
1 370 2108 2414 1089
0 536
0 208
1 1793 1942 1727 1041
1 1515 489 3074 784
0 1183
0 852
1 340 288 2677 43
0 712
1 1356 767 3327 474
0 419
0 89
0 155
0 957
0 80
0 123
0 40
1 985 407 7376 803
0 653
1 1994 2332 5852 1207
0 603
0 586
0 644
0 900
0 342
0 1202
0 734
0 491
0 802
0 431
1 1111 1174 2164 1109
1 1243 1446 4649 546
1 325 164 8963 983
0 730
1 1318 21 1071 337
0 588
0 1086
0 22
1 913 1962 9724 235
0 61
0 5
0 1120
0 381
0 995
0 1009
1 302 1649 7808 327
0 944
0 1200
0 356
0 460
0 942
0 844
0 170
0 881
1 1413 1600 9945 181
1 1600 2025 3099 45
1 1492 251 6582 811
1 374 2316 6584 222
0 690
0 171
0 969
1 724 547 3527 716
0 615
0 378
0 54
1 256 1275 3457 437
0 476
1 1111 220 9814 85
0 760
0 866
0 706
0 116
1 1062 746 4096 862
0 876
1 898 703 6504 851
0 504
0 645
0 398
0 538
1 2115 231 3084 975
0 4
0 990
1 2147 56 4405 405
0 434
1 987 294 1855 294
1 1311 1579 5863 710
1 1355 1131 200 1125
0 201
1 2295 1967 2808 1103
0 630
0 1135
1 156 1102 7796 597
0 32
0 35
0 194
0 974
0 777
0 1011
0 1073
0 575
0 823
0 741
0 696
0 146
0 809
0 339
0 1141
1 1082 1133 963 21
0 593
0 484
0 96
0 403
0 929
0 104
0 39
0 540
1 866 97 166 334
1 79 2213 3263 649
1 1665 1030 1644 1136
0 29
1 795 693 6072 1101
0 406
0 617
0 1150
1 1531 1201 381 627
1 1516 132 3197 743
0 485
0 548
0 643
1 914 1531 6633 505
1 962 1367 698 1042
0 918
1 66 2363 2291 541
1 915 2062 4395 267
0 1139
1 1291 330 8759 496
1 1379 2154 4706 720
0 26
0 312
0 183
1 552 86 9981 63
1 1859 1371 13 1003
0 162
1 2310 1968 5974 834
0 299
0 186
1 260 2007 5938 152
0 1074
0 317
0 958
1 1356 1951 7966 843
0 639
1 1856 1196 4971 393
0 271
0 992
0 871
0 390
0 825
1 1698 837 4250 1047
0 308
1 2320 1104 990 1114
0 783
0 517
0 1133
0 428
1 2086 861 8936 664
0 30
0 98
0 1085
0 805
0 585
0 454
0 462
0 93
0 86
1 1114 1073 7651 545
0 253
0 19
0 244
0 508
0 530
0 835
0 486
0 676
0 1057
1 1562 1097 3359 383
1 220 1293 5286 150
0 494
0 351
0 370
0 641
0 313
0 10
1 2055 53 7029 77
0 353
0 211
0 449
1 2136 852 1594 1145
0 365
1 1332 221 6261 265
0 1007
0 905
1 32 194 887 469
0 217
1 1798 509 7296 539
1 2206 86 2880 106
0 940
0 1025
0 220
1 525 80 3772 1033
1 1497 372 9490 252
1 1572 1391 7930 369
0 896
0 1020
1 1998 668 4812 336
0 616
0 396
1 626 1707 6480 572
0 624
1 2220 384 6748 429
0 341
0 666
1 1234 1330 1898 178
1 1248 2069 8256 1035
1 1961 806 5482 637
0 577
0 564
1 1112 2199 7211 987
0 860
1 1550 1360 319 70
0 520
0 1106
1 1020 1101 8506 88
0 188
0 129
0 404
1 240 215 6667 511
0 1185
0 1000
0 960
0 14
0 781
1 1057 942 1313 833
0 679
1 1827 1243 5967 591
0 44
1 720 133 3839 66
0 873
0 20
0 659
1 1829 966 4868 472
0 719
1 1049 1023 6596 134
0 594
0 773
0 359
1 592 22 2497 441
1 1104 302 9083 402
1 1525 205 2253 160
1 768 294 6539 1188
0 620
0 1158
0 831
0 246
1 1821 2289 8919 849
1 1864 2160 2741 608
0 565
0 497
0 139
0 52
1 529 1243 4079 1052
0 1068
1 1427 2038 624 205
0 1031
0 110
0 305
1 397 1266 503 1204
0 923
1 298 593 9557 197
0 927
1 1064 485 467 973
1 341 1612 9982 861
0 498
0 1080
1 1878 832 8273 1097
0 158
0 1132
1 2233 142 4068 1053
0 1168
0 1078
1 1991 2331 8807 891
0 125
0 980
0 417
0 430
0 227
1 1354 1986 1093 331
0 997
1 185 1891 7665 737
0 839
0 1001
1 1554 859 4783 173
1 1491 286 6225 237
0 1213
0 767
1 1567 1594 4688 203
0 439
1 755 1127 9407 273
0 223
0 521
0 293
1 1344 2228 4270 387
0 450
0 51
1 1636 2138 6931 592
0 657
0 1032
1 756 95 900 330
1 1616 1790 4488 424
0 175
0 853
1 286 605 8738 557
0 133
0 41
1 1476 10 3679 279
1 2264 2277 9869 350
0 660
0 913
0 50
1 1444 182 2348 1063
1 41 2247 8780 17
1 889 1974 440 822
1 2035 682 4038 111
1 2197 781 1605 433
0 711
0 701
0 266
0 699
0 687
0 788
0 948
0 731
0 793
0 195
0 1194
0 774
0 95
0 856
1 9 1372 16 413
0 286
0 87
1 31 1489 6345 318
1 1026 1182 8205 661
0 309
0 581
1 1207 779 3848 619
0 444
0 1072
0 665
1 2070 1229 1310 742
1 244 2029 6412 934
0 1005
0 207
0 568
0 524
0 753
0 316
1 1679 560 4370 1105
0 667
1 107 552 1967 492
1 669 105 2001 357
0 1015
0 11
1 1668 1249 1624 360
1 1910 297 6140 855
0 785
0 827
0 1083
1 1824 243 9944 810
1 1009 1684 3764 58
0 933
0 686
0 519
1 1161 1323 2083 976
1 1071 1541 9837 857
1 280 1680 4815 625
1 886 633 7773 1049
0 713
0 1210
0 464
0 1186
1 104 1314 3664 534
0 114
1 2154 2004 2389 813
1 2008 1934 1100 702
0 894
1 1751 2109 6317 1107
1 389 1896 7721 650
0 542
0 965
0 1050
0 878
0 282
0 816
0 1043
0 611
0 165
1 1534 756 987 490
0 797
0 258
0 382
0 25
0 1021
0 397
0 674
0 15
0 216
0 836
0 366
0 1058
0 423
0 1206
0 81
0 113
0 899
0 601
0 122
1 1106 1228 7894 908
0 395
0 658
0 931
1 768 1808 5816 1004
0 978
0 168
0 1146
0 956
0 589
0 489
1 221 921 7067 671
0 107
0 509
0 551
1 2327 608 3872 475
0 241
0 56
1 2240 1915 4690 346
0 986
0 531
0 880
0 1117
0 1209
0 528
0 135
0 887
0 1172
1 2225 1503 5985 629
0 936
0 391
0 499
1 1624 14 7111 189
0 242
0 1192
0 392
0 970
1 1086 2035 3454 882
0 651
1 737 1738 5389 1045
0 277
0 373
1 664 1666 1749 1113
0 1187
0 289
0 130
0 322
0 479
1 985 1851 8802 78
0 1071
0 570
0 445
1 402 520 7724 340
1 827 165 9885 1203
0 1029
0 954
0 751
1 489 1905 1504 1197
1 1628 1314 6286 901
1 2215 843 7358 561
0 1163
1 2385 2216 6724 1010
0 1126
0 471
0 770
0 198
0 897
0 656
0 1195
0 64
0 682
1 1475 759 7207 281
0 709
0 765
0 1181
0 693
1 2158 284 5127 364
0 527
0 647
0 1134
0 141
0 1093
0 1174
0 972
0 180
0 1155
0 677
0 684
0 75
1 1020 174 8031 952
0 232
0 422
0 626
0 628
0 347
0 379
0 691
0 633
0 759
0 280
0 621
0 250
0 1098
0 968
0 725
0 717
0 144
1 2127 773 1916 388
0 640
0 618
0 602
0 154
0 12
0 131
0 571
0 301
1 1039 585 5038 323
0 859
1 935 1640 9021 576
1 2255 1166 565 838
0 49
1 675 344 7809 225
1 1250 20 5217 662
1 1789 2167 4983 448
1 1917 756 3010 386
0 481
0 285
1 1051 1401 802 1081
0 789
0 7
1 523 854 3350 951
1 658 233 4666 1060
0 283
0 893
1 1793 1447 3595 963
0 758
0 1198
1 369 345 1287 1064
1 592 2137 9062 868
0 257
0 1122
1 847 496 6053 886
0 73
0 213
0 829
1 1549 1636 7368 174
1 1180 969 2420 292
0 458
0 510
1 370 548 5526 1014
0 771
0 500
1 1388 2061 610 920
0 376
0 1051
0 1143
0 1028
1 1446 2115 3060 1131
1 1263 2181 240 553
0 673
1 2082 500 8743 646
1 2383 1350 761 163
0 468
1 2215 1140 663 537
0 598
0 459
0 291
1 2120 1608 4241 1179
0 842
0 792
1 1389 296 3402 749
0 1170
0 769
0 885
0 746
0 1099
0 1027
0 675
0 610
1 1836 948 6554 607
0 206
1 1808 290 1471 642
0 993
1 1941 1952 3330 251
0 230
0 898
1 631 2373 7672 348
1 1449 2001 765 182
1 40 928 3704 718
0 466
0 243
0 922
0 48
0 772
1 807 1326 3369 514
0 1201
0 606
0 1190
0 153
0 580
1 294 1443 4991 775
1 1592 22 2706 482
1 1004 928 325 239
0 185
0 754
0 407
0 1182
0 1189
0 845
0 1161
0 1067
0 210
0 700
0 652
1 201 935 3513 821
0 600
0 290
1 2233 895 882 669
0 928
1 381 2128 2451 467
0 1175
0 71
1 650 1968 1267 555
0 345
0 1121
1 1526 1507 677 362
1 1853 1723 4771 329
0 994
1 695 44 4423 841
0 214
1 745 1857 3841 506
0 1016
0 964
1 2202 1837 7232 245
1 186 2171 86 204
0 109
0 590
1 605 923 2633 697
1 308 2064 4627 372
0 609
0 847
0 200
0 261
0 1082
1 17 1426 3933 804
1 952 2394 7092 1191
0 354
1 1158 400 7993 1079
1 977 2159 6003 284
0 875
0 457
0 981
0 704
0 750
0 778
0 82
0 1006
0 985
1 2296 1975 3359 156
0 989
0 1154
0 418
0 1096
0 191
1 908 886 1003 480
0 850
0 268
1 1627 1791 5381 34
0 786
0 314
0 218
0 1040
0 998
1 1794 1836 5735 249
0 224
0 558
0 37
1 213 759 2757 984
1 1558 1299 9318 147
0 544
0 238
0 1164
0 883
0 1012
0 132
0 685
0 663
0 550
0 128
1 2280 1038 9209 414
0 1069
0 1111
0 812
0 692
0 426
0 320
1 998 1229 6639 766
0 65
0 909
0 728
0 563
0 507
0 808
0 1184
1 713 2271 2459 187
0 53
0 1162
0 708
0 799
0 18
1 1096 1999 3481 1151
0 68
0 425
0 272
0 752
0 776
1 1331 1494 2067 867
1 824 337 7829 688
0 930
0 747
0 99
0 1094
0 121
0 1157
1 1904 2089 8768 961
0 436
0 306
1 633 1147 4510 924
0 276
0 635
1 2099 436 8240 755
1 1112 385 5154 411
0 764
1 443 2219 919 1214
1 2080 781 4382 488
1 1399 2270 8681 46
0 1112
0 120
0 938
0 1108
0 138
0 148
0 780
0 321
0 877
1 1000 1661 326 941
0 707
0 456
0 1138
1 370 304 4146 815
0 854
0 192
0 902
1 45 2341 6262 1165
1 826 1972 4369 1059
1 1052 722 6121 962
0 654
1 1030 1164 2541 288
1 477 776 7014 427
0 400
1 312 2302 5887 1024
0 535
1 1871 185 4885 915
1 1549 1953 6123 668
0 79
1 1571 1526 4958 566
0 547
0 325
0 62
0 1118
0 465
0 278
0 1055
0 999
0 1199
1 1065 1883 1034 1180
0 358
0 324
0 1026
1 1806 584 8416 959
0 296
0 274
1 2388 636 533 408
0 435
0 795
0 102
0 1002
1 1901 142 7357 1130
0 814
0 234
0 636
0 94
0 907
0 59
0 209
0 410
0 2
0 858
0 338
0 349
0 763
0 888
1 405 1274 8978 394
1 651 288 4446 248
1 2092 213 7579 24
0 260
0 367
0 562
1 1419 215 3458 455
0 525
1 944 419 6901 38
1 118 2178 2766 374
0 166
0 982
0 420
0 801
1 2299 1480 8578 889
1 825 1388 3821 761
1 1653 445 7312 69
0 864
0 16
1 909 1371 8618 1077
1 1866 105 2089 1075
0 622
0 798
1 226 1120 9259 126
1 1741 640 9926 917
0 57
0 487
1 2199 1546 7800 55
0 926
0 1048
0 302
0 493
1 2169 1192 4286 1152
0 228
1 2239 1107 5263 421
0 169
1 1481 521 8345 127
0 678
1 2314 737 5890 623
0 1205
0 240
0 515
0 988
0 1160
0 919
0 739
0 1036
0 412
0 1091
0 501
0 1119
0 1167
0 23
0 523
1 1424 2246 6845 118
1 1084 731 8530 939
0 806
0 503
1 1082 462 9929 735
1 103 2059 7128 136
0 1127
0 401
1 933 2194 5463 744
0 807
0 42
1 773 401 4040 319
0 787
0 304
0 1070
0 840
0 587
0 634
1 1876 983 3813 84
1 2332 1529 284 101
0 1137
0 925
0 921
0 1013
1 358 2095 4472 440
1 337 202 4738 1128
0 463
0 1023
0 532
0 287
1 633 2073 6449 522
1 2228 554 9917 1046
0 446
1 10 1710 9649 762
0 1019
0 219
0 389
1 1048 1250 3728 705
0 631
0 177
0 910
0 13
0 72
0 937
0 757
0 1039
1 2155 1350 6467 352
0 1211
0 819
0 295
0 172
1 338 857 724 912
0 300
0 971
1 2057 1337 4596 275
1 932 2275 673 932
0 409
1 217 146 9093 91
1 1001 1168 6407 176
0 259
0 945
1 278 286 8005 269
1 2119 1571 195 159
0 451
1 1271 714 5987 157
0 513
0 953
1 1316 1607 7964 385
1 983 2360 8995 105
0 1022
0 903
1 2265 1106 9340 415
1 206 1721 4882 74
1 1241 1876 4105 384
1 1504 2181 9087 9
0 1196
0 247
0 270
1 1202 1586 8657 76
0 670
0 1110
1 947 1624 7970 461
0 193
1 45 2070 5647 36
0 199
1 1651 34 8813 1177
0 996
0 452
0 1056
1 1323 798 1603 1102
0 977
1 199 1051 9106 470
1 1144 2206 1640 1129
0 190
0 483
0 595
0 584
1 258 69 4077 1116
1 1425 2182 211 31
1 486 1521 690 1115
0 604
1 1213 1033 4937 380
0 638
0 533
0 119
1 983 227 4907 335
1 1438 181 8663 518
0 100
0 1147
0 333
0 865
1 1002 1280 8913 567
0 1065
1 2279 595 2144 818
0 1018
0 729
1 646 101 814 117
1 933 407 7129 256
1 1204 2251 3053 578
1 75 383 9215 722
0 303
0 1178
1 996 1294 3970 3
0 727
0 1034
1 130 703 949 800
0 672
0 943
0 529
1 1226 1451 6907 112
0 103
0 796
0 28
0 1100
1 2169 968 8625 447
1 982 130 4466 605
1 2069 215 8639 1142
0 355
0 6
0 872
0 916
0 231
1 2194 617 2761 27
0 344
0 1159
1 2325 158 6027 947
1 1484 307 6601 149
0 552
1 1449 2006 5925 890
0 115
1 1320 1433 3130 8
0 599
0 1044
0 453
1 359 291 6873 681
0 904
0 108
0 145
0 1095
1 2036 2026 7551 368
0 1088
