2200 2199 1520
523 697 7006
332 1540 6981
1041 2003 395
802 874 8786
746 883 3429
1713 1982 1709
1460 668 4427
1018 597 5891
746 101 6356
2027 1647 8955
418 921 3063
1223 1365 605
1180 1089 4941
433 1437 5466
1562 1047 9374
320 918 7371
309 526 8606
1855 471 107
1377 1627 3831
419 282 7802
1184 1385 2999
1642 891 9579
1779 1411 7387
1826 967 1908
991 278 4484
1281 542 7165
1191 148 1402
2179 1706 7311
433 670 9842
1615 432 4668
2077 1051 3989
2105 1606 156
2113 415 3046
609 1260 5856
535 1007 2641
631 744 2734
299 1340 3087
177 1156 5490
855 334 8036
873 134 1743
1089 1443 3252
1219 1016 3272
641 1755 4600
1725 678 3044
991 1086 5283
1307 1800 129
231 1971 192
2053 2064 5652
2137 867 8597
1321 224 8819
603 831 6572
870 611 1748
391 1153 5059
767 993 9281
975 79 9106
186 358 5989
245 527 2576
314 2092 2842
1249 304 9247
1285 172 9717
2056 1298 5274
1090 53 1721
2184 1536 5564
414 387 6758
127 712 9463
918 1184 967
494 1785 4288
1785 888 1235
1487 713 8435
885 52 6899
1141 658 1265
2001 324 256
193 144 4026
415 1768 2420
1310 773 1382
1789 404 8602
585 48 106
608 2065 9385
669 1149 5455
1994 359 4250
36 1366 8651
1867 1068 8028
557 1392 3299
684 1512 7124
489 1921 9909
411 1606 579
381 609 4885
507 412 2597
595 218 3155
155 655 1608
1814 655 4396
1899 1718 7561
567 1795 7699
1740 1473 6950
1815 86 9840
562 1263 5940
2019 1820 2831
258 1 7286
1868 1972 1568
2187 657 4120
43 1557 5271
1863 1170 2088
326 1030 502
532 1331 9878
1636 386 2043
1461 1248 9494
1678 832 379
57 2002 7817
1323 2157 9687
1065 259 117
1825 65 1095
1345 413 792
748 203 430
1792 1366 9905
1399 54 5090
1097 1783 4065
299 1010 2010
974 21 91
1038 848 8186
2092 1770 4058
963 465 9225
816 2088 6449
60 2046 3611
1614 1572 9358
804 949 1128
1570 1396 8230
216 2008 9970
544 680 3785
683 1371 1177
1926 1025 6325
1070 89 951
708 637 3611
2052 646 2831
1867 1209 3184
1359 903 6753
1838 2199 7558
1222 988 4669
1093 1778 6251
1654 1854 4195
1261 1587 3114
1324 2072 9939
2124 725 4957
1884 531 992
730 1118 1503
2057 1737 8580
1734 158 4183
1888 899 3332
1623 791 1458
34 1978 9446
1159 1651 5896
116 690 4750
1159 1892 918
1130 2145 9647
2054 1377 9072
885 989 9372
1860 518 7790
1787 917 7354
936 1521 6791
1353 726 4295
1602 1891 3129
881 1519 4372
1647 651 6469
244 1493 1815
2049 1837 9520
1740 277 4210
152 360 8478
1874 663 4355
2031 762 1280
1332 2109 4113
934 1879 8697
324 2196 4731
1057 416 9930
1514 428 4825
1655 1599 8431
803 910 4921
516 925 2130
1687 2002 5395
28 1933 7626
1100 1960 6283
1913 1265 865
946 2102 1629
796 1199 4387
1005 1257 9485
2078 1416 7330
1051 1414 1253
1776 143 1682
348 706 4107
2114 952 3399
530 406 9303
590 1624 2287
1814 521 6905
1093 1621 9437
1386 381 2598
1249 1527 8264
685 585 9852
1529 421 3878
2144 194 5732
1767 56 9489
191 1954 106
432 839 2624
1961 517 3632
666 234 8180
1385 763 1733
1543 124 2
1529 1059 128
2115 820 4298
1307 508 5372
496 1741 8534
1774 1146 6582
1948 1867 2215
90 1050 2815
953 1928 9566
1519 161 7472
472 674 8713
1453 457 8932
1986 2003 1505
102 2168 5581
56 1638 350
1248 212 9243
1526 570 625
850 387 2476
1179 443 6558
956 1963 5456
1208 2113 6161
701 1178 8708
1206 734 7057
1106 530 7964
1321 221 8198
1847 2071 7461
1965 1377 9556
160 454 8574
1350 52 4787
11 1500 9844
466 1655 6816
1927 518 8020
1762 864 8805
1093 220 2804
625 458 5196
2116 740 4832
1597 1707 4995
1562 1330 6771
320 836 300
1342 29 5616
880 1197 2309
402 2164 9034
1983 1927 7200
1865 293 8905
1859 939 6516
302 1485 2442
530 2081 2498
1792 1916 8923
1358 863 4131
2019 1420 199
1643 528 4382
1711 1757 7504
692 913 6012
170 1038 2478
357 982 7798
1765 685 8006
1687 1514 3178
1171 1010 1984
2124 1987 1976
2014 835 4782
10 70 6628
1001 561 1632
56 1645 3349
172 232 4037
880 1893 2695
857 2172 5839
2051 1921 1232
1398 1994 1546
1116 88 5314
1436 343 3137
676 557 6013
1952 729 1650
162 771 8445
1766 1287 7348
960 817 4108
1690 1754 9998
1111 668 1580
957 1280 6859
1647 765 1012
471 296 9900
1863 1815 4225
2069 1310 4163
1774 120 1112
557 621 1608
2113 730 8302
166 681 5178
640 53 6927
2167 1429 2536
1456 449 4731
797 1366 3881
978 126 5046
440 831 8081
2024 1710 684
208 1455 3753
1618 986 7785
1737 2077 5721
2042 408 5207
1927 1834 9849
1294 142 3350
355 80 4876
1285 1424 1855
1051 379 8321
1737 1110 7993
1953 1824 9226
994 1192 4549
1135 51 409
1574 1131 4885
1161 726 5519
204 1738 2795
676 1330 9095
546 814 2856
1080 1001 6493
1163 1319 5986
1784 128 6793
949 1255 8643
647 1513 8595
1533 1037 5806
1187 1717 4676
1237 252 393
1165 1633 3106
1950 348 7051
1101 1810 8293
1058 1315 391
188 139 8947
106 2144 8164
2157 1205 8908
490 891 3104
1730 1905 2769
224 1841 8587
866 1394 3460
720 976 4943
988 116 8179
420 1498 8451
2124 1878 2241
1281 1607 5070
858 1563 5472
1852 602 2038
625 1027 3182
1102 568 1966
434 1121 2707
1064 1395 4662
2152 1104 9744
1413 2117 2252
589 962 5063
1487 271 6155
86 682 5118
584 117 371
1636 1256 5518
2200 1913 6467
1883 1436 7507
2072 1347 4733
1917 617 1691
1032 2098 6839
1952 993 9681
1153 1814 6848
590 1844 2578
1662 2060 6715
1281 362 7069
1306 1430 9587
1503 2053 1991
1819 212 1434
2064 1959 3240
1255 1807 8643
682 1120 3640
1946 45 9585
1249 470 8128
89 857 5528
1692 2094 8077
2132 1945 1906
48 1648 8963
514 553 3486
1692 1309 9083
43 601 8147
1472 2177 3562
778 401 3559
798 307 8519
52 1013 4443
1639 532 9936
566 1303 9617
2119 913 9038
2015 1582 5892
522 2127 3603
681 753 8082
2082 1099 9924
678 1309 5811
1218 1562 2293
645 107 6724
555 2094 6019
941 1023 1332
1272 727 3076
623 1552 9393
1568 788 1946
1419 2040 7661
218 1218 8352
2169 859 8755
80 1646 4482
1496 322 8479
410 1859 2614
783 1184 5144
357 224 7952
1939 471 8627
1263 693 2614
224 1935 7186
386 1508 9702
1842 2162 4408
1524 44 8306
1416 1527 6309
1286 2179 1403
1739 530 6104
450 1435 7557
1163 1624 972
398 997 9540
821 1997 4320
281 866 2547
1370 1616 5380
1932 421 8747
1238 2193 9126
1216 1591 6391
135 1358 8610
970 728 7831
1341 2149 8265
1271 141 6995
2038 1810 5659
1296 1358 5701
220 839 2799
1650 410 4356
2129 1884 7016
348 480 9389
654 29 6802
139 499 1550
891 363 3650
2009 895 6654
2180 819 894
83 1782 2348
795 1507 3050
725 368 8191
501 1357 9237
1449 718 8408
1025 1694 9080
1064 1316 2195
1856 62 9563
1909 2112 3200
1615 381 2309
469 96 1361
677 1404 251
126 581 4215
2138 956 9706
323 273 7616
388 1263 5661
820 1243 6265
1031 843 9563
1384 1770 6290
757 360 6019
1467 738 5687
119 466 5601
2180 1598 4721
13 1369 1602
1640 1189 4256
154 949 4418
963 2123 455
1366 173 6122
387 1023 6891
994 1570 4177
526 310 7504
667 339 3012
247 2029 6304
23 520 9787
1323 422 1426
1675 837 6005
853 375 7663
1527 1307 1231
288 583 9818
1733 971 5699
1642 465 881
2049 403 6379
688 77 3526
1717 1823 5464
360 1935 5856
1998 624 8540
122 1356 5532
980 1761 9639
680 67 9554
144 925 5523
979 244 2261
276 1730 4045
1559 1147 2107
1283 1308 5444
2148 20 4164
1268 1786 867
973 1842 8327
1756 2110 3856
1935 444 5538
635 1497 7173
576 1543 4983
236 1980 6441
427 2116 768
1037 161 8152
347 1711 4100
791 2178 8322
1593 807 706
1687 702 8494
1266 556 4632
1344 705 6228
1312 646 4895
1147 2164 5736
851 2193 19
195 2100 2726
1591 618 2724
852 321 1233
2160 1643 4683
1016 1359 3633
1566 1658 8769
1891 605 5181
1900 378 6020
1424 1895 9423
1995 1966 166
261 1105 171
1141 355 8118
1799 616 8581
448 840 8281
1870 2084 7871
1081 2029 7669
2025 1007 865
1361 1482 9869
1608 696 8528
1299 587 5664
432 150 3448
1822 1978 6942
1053 1567 5067
1745 1133 1741
528 1237 9519
522 491 5500
643 1241 6851
1480 1523 3344
819 1638 9471
1461 776 6273
1878 2126 1280
675 1597 9676
700 2070 9603
1726 862 6836
303 1521 7890
1780 1856 1392
716 469 5388
1751 2176 9180
565 1504 5494
1986 727 1576
786 1315 2693
936 1576 6282
1179 1582 2850
664 2062 6501
2130 2196 6088
685 1687 8960
1417 778 3456
1072 801 8126
2182 1327 9184
1611 713 4102
1999 1522 4117
994 780 660
198 15 4794
1063 1424 8373
1559 1499 9054
2058 410 9269
591 1322 1175
1645 1529 789
1588 566 2267
412 1802 6750
2094 417 4999
2198 209 9397
1449 640 5399
507 50 5093
1600 2194 1829
318 1970 4610
459 1248 8051
757 613 1024
447 1669 1449
559 1856 3707
1740 206 3596
935 984 1163
1442 1365 6885
608 1269 6273
70 583 1704
1347 1984 5089
98 1660 2917
2133 1471 8019
1446 1739 5550
2126 1864 5174
1592 1629 2093
1619 133 8895
1155 1631 4767
2021 1791 3257
425 1626 4404
559 1927 2841
581 71 5480
97 1498 717
642 1472 8407
368 429 8320
1002 2185 6003
1506 1403 4471
1976 782 4958
621 961 5547
285 1854 3607
1624 235 4487
1359 1198 5452
1577 185 7762
1718 591 4866
1232 73 3542
646 52 4938
1797 2151 4557
321 1413 6865
1490 836 2039
539 883 560
2109 807 4685
121 1950 6216
1089 1085 8105
1839 1873 5626
223 914 844
1052 307 9665
706 1195 9975
157 702 3197
1886 1262 9549
892 514 7575
2163 1594 4232
2012 1586 5572
1672 189 7487
1186 938 4982
1845 106 1031
1180 1705 6014
456 736 9026
2179 1409 7853
614 1018 5677
1478 1008 3567
2154 793 757
1850 1500 7163
242 1394 1216
652 1467 5941
1262 456 9202
1988 1505 5922
1948 2187 7678
2088 76 5410
1990 943 3232
1332 1836 9242
698 251 4503
1270 824 598
872 1988 813
1166 214 9989
1685 1167 5943
831 1083 8645
1633 1848 115
1805 1253 7018
688 64 1203
455 1439 6848
1010 1977 8433
819 1114 5161
1427 413 3388
915 111 3822
1669 1479 3663
1869 2194 5856
26 746 6005
1914 1902 9076
2046 1110 386
644 300 4652
299 1912 4990
1289 556 1130
1296 1084 959
2074 1673 8691
2083 1081 5003
377 235 1607
459 731 2554
946 838 8106
1700 564 7008
1674 196 8561
1149 2189 930
623 1455 8578
2127 160 2366
912 1533 4568
662 1086 4371
673 36 9604
1672 563 9453
219 295 5293
2030 2050 2886
1627 2114 4784
1790 1754 8606
153 255 3943
493 2181 3164
180 1476 5652
1859 930 5008
1053 326 3953
692 38 9351
54 1276 3149
1113 647 760
109 607 1949
872 850 9070
1244 560 8599
1077 761 7216
1690 1147 7023
123 1694 3633
1936 2104 9935
1580 1244 4750
260 1733 3180
2163 545 7485
446 2137 8205
281 113 5976
1349 2072 1515
613 67 4276
320 1298 7984
438 475 5892
1463 1842 3983
17 833 3541
1244 167 194
277 459 7336
2179 578 6927
1648 2166 5919
1718 468 7260
1039 127 2975
218 701 3554
2107 841 9328
468 1095 2402
740 127 290
1231 1692 2905
312 1981 1934
1066 655 4236
106 1194 1039
390 151 5299
533 1131 7377
460 735 9260
1865 891 1600
1454 741 8100
1156 789 3402
107 1611 7701
832 1711 4253
201 736 4875
810 1871 4732
849 1224 4213
2030 478 1049
1401 116 4652
66 2116 9705
715 397 1810
122 1328 45
1455 1349 7723
2092 1437 2810
817 1555 3930
2058 2169 1667
1860 338 5893
1373 2094 5899
1300 2041 4108
1271 562 754
1016 1031 3612
40 1194 1464
1291 969 4927
1728 498 5765
1449 185 9755
455 1522 9203
773 512 5373
1956 1403 9086
672 266 1672
835 1450 4686
2100 1859 9956
666 298 2635
2048 2196 9917
125 186 488
138 501 3013
920 533 3827
78 607 6801
735 1395 8144
797 1413 6127
1640 1555 9995
220 1729 6659
310 959 1319
407 1681 9706
321 1338 7781
145 1564 2211
218 1720 6690
1297 1322 1762
964 610 9856
696 751 9294
929 970 521
1569 1712 598
1212 1027 3339
800 681 222
801 1979 486
1864 2132 407
116 120 329
856 1707 6452
1038 193 9933
875 251 6964
1169 1857 239
188 958 630
1510 515 3
1949 1866 5308
1595 184 9117
219 1303 8168
570 2106 9945
916 1558 6498
1783 1389 3480
441 1246 7530
2114 166 5635
1898 1636 1135
257 1688 9290
129 832 4524
1639 1205 7793
285 394 4681
1329 1664 3292
640 377 920
323 74 141
2048 1676 1739
2060 477 1669
1973 1532 8641
1336 1342 8912
384 1455 1547
634 120 6842
1132 502 7922
326 1637 7810
1361 1324 7237
1255 1094 5336
176 2041 6378
705 1042 3743
180 1207 3019
1620 1242 3414
777 659 6207
25 300 7066
1987 270 9926
1299 51 9384
946 900 3377
79 1337 5446
603 814 9589
41 299 4329
854 533 6071
1921 1327 3224
1075 568 5273
1093 1035 97
574 1314 7524
2011 310 2983
939 771 687
1901 472 2219
303 1536 1320
16 1216 7615
1992 1647 5114
602 218 2855
288 1054 8359
926 742 3398
257 1899 1414
1329 2124 4100
1844 683 6077
1902 430 3616
532 1444 3822
2031 1633 9803
776 1189 5440
390 1164 3143
663 734 5450
1547 724 8613
611 1296 5348
361 1061 2660
1629 1219 4893
1982 487 8910
1003 1897 5646
2100 890 8479
1279 496 2379
2197 1704 8685
2129 245 6520
1523 1070 3930
2069 11 8422
1191 1047 4301
298 568 8856
1272 596 8203
36 120 7234
1702 112 6322
58 1179 4451
165 1578 1227
1360 1723 1772
439 497 2840
1080 1470 8975
897 912 854
352 564 158
1539 2034 8964
181 1901 6115
1318 1892 5848
1572 1704 1000
1909 1533 3079
2117 2027 428
312 1932 6242
2115 410 509
15 546 3515
1698 244 550
1412 776 6012
1051 1855 2785
1792 1842 2890
2040 1388 6271
1306 1620 2261
550 325 6297
1399 1358 713
1135 1681 7529
515 2119 9904
562 272 1977
162 1676 9430
2109 373 5241
50 469 4906
1905 870 6393
107 2063 6277
1101 964 7687
288 1428 5100
113 792 6854
658 808 8636
1139 1392 2281
467 1497 3939
50 913 3601
1309 1623 6571
252 1893 6327
1273 705 4469
1159 548 7278
781 849 1702
314 272 7960
1058 816 3318
892 1187 5437
483 100 8073
227 144 4225
778 600 1452
441 1926 58
229 624 885
1548 88 5667
325 1828 5734
260 1499 2246
528 1318 679
2167 1653 5412
1729 1261 2085
1751 912 3263
1013 966 5189
1658 180 3911
1691 1117 8801
2114 302 5681
1999 904 5721
1985 536 8949
903 1576 4194
1712 1626 5890
493 519 1271
2107 1207 2751
1494 760 517
875 867 5878
2020 1331 3601
1911 2172 949
1790 593 2401
81 1285 9335
1660 1525 1789
1626 1596 9277
420 791 9471
1049 249 3630
1603 28 3700
1468 2185 4898
1129 382 7245
804 1714 6969
1558 643 9049
766 98 8089
822 2199 7356
1474 529 3343
917 2126 2612
2019 990 6695
1962 106 3266
1307 963 4349
1587 230 1254
839 1334 3044
214 1675 6284
549 1305 1210
738 1144 6111
1794 1156 9859
749 435 1035
1088 1836 7210
625 1326 8184
878 1522 5727
1040 673 6096
1558 20 3371
436 757 810
1931 40 7081
220 1385 240
1332 2094 1731
1849 2135 262
2057 1857 3041
1120 746 5457
375 1942 980
1644 2150 3311
1507 1854 2834
32 1019 6188
1834 813 958
1625 703 6568
2148 240 8120
1895 1117 903
180 1114 5698
1328 392 4540
1608 1130 951
1794 1951 596
923 1318 6590
696 1256 8579
606 2190 2580
442 2045 4071
1121 1608 8325
988 188 9829
1999 1410 3763
1052 1509 2946
749 1945 2134
1524 839 3942
251 1749 9345
803 1878 6598
1671 291 6631
796 64 5247
1329 1267 5721
1505 152 2816
2053 213 2066
206 1574 4281
806 1318 4142
2150 406 8746
1228 1636 1676
1481 1586 7097
490 1319 3998
1056 1517 6350
1212 1071 3430
928 1117 5018
1523 639 2365
1501 1033 1848
65 204 6663
2078 625 9474
665 661 4587
28 852 2816
1679 12 9118
930 608 5679
996 1896 6796
538 1535 9697
264 1333 1532
1757 1232 5258
1362 1062 5502
1167 2198 2826
697 540 9808
338 96 5500
1064 1499 6857
509 1993 2253
1549 1848 6650
1330 689 4801
1396 650 4339
1775 1580 2240
1341 866 1245
1167 1710 9881
1416 385 4770
857 170 2239
261 124 5929
1914 1130 3187
504 259 5215
133 1895 5633
1165 519 7497
1828 33 8780
1174 1271 3227
1149 477 7930
2129 623 3971
807 1126 7167
2040 1432 7385
871 2010 4470
2001 856 5896
1041 754 7977
1310 1329 8644
2069 2195 4278
1194 744 7929
2199 35 2503
1650 2179 3633
914 1910 4154
628 1333 1136
129 554 7028
839 1324 6128
1170 736 1477
1044 1020 4997
2127 601 5789
81 1297 9333
1958 1389 8844
1314 1131 2454
1727 1476 1870
9 903 285
232 904 7619
991 2106 7025
708 250 4767
493 55 7482
1711 1920 1552
936 1993 2763
2066 513 5897
1762 2170 7729
1027 130 5445
62 209 1856
1152 578 205
1665 771 8025
1697 656 3201
502 1728 7743
322 967 8180
585 1493 2218
341 1151 5704
450 2071 2962
764 1260 2771
1840 538 2911
1453 27 9464
1570 1680 4737
1123 1609 7596
1566 1396 3083
1586 561 9612
1388 1525 8961
769 279 4506
1831 1094 3757
435 2077 8408
517 282 2131
1279 151 9562
762 1261 1144
917 782 8323
1972 138 450
352 1585 1360
1453 538 272
592 155 98
1627 1918 1284
615 1787 1673
1789 1917 6230
79 473 9878
1744 1798 1246
1906 400 3995
516 1592 6822
1280 767 3677
290 1629 6104
392 1705 7232
1139 1720 1759
10 1312 6293
906 580 4850
1553 1779 9296
252 1250 9684
32 340 7785
2167 101 836
829 1678 312
1402 935 9230
486 162 815
216 1705 3778
582 348 8460
1736 1987 9586
572 1993 1286
697 1806 9770
1572 241 3714
693 548 1626
260 1965 1998
145 1716 8097
1286 196 7353
281 1905 5568
988 623 9564
1574 677 1737
1261 1657 2210
2004 1457 198
127 277 7782
136 1858 361
2156 19 7151
434 2020 9090
1288 1737 8182
2108 1377 7514
1774 132 9978
1157 770 120
872 1215 5509
1457 101 8074
2037 119 2739
1688 516 3394
133 1716 4498
1417 1018 5419
37 1121 4344
1809 2191 9689
1294 1594 9457
604 534 4032
46 114 1981
1842 1413 1321
890 1504 3844
1027 665 5402
1833 1117 9314
1354 1088 289
2127 2188 2199
655 269 5105
2029 712 5239
420 328 4004
1656 429 349
490 2062 2919
1561 2064 1787
285 2143 2276
1641 1534 9974
1794 1239 2456
808 743 1576
148 1141 460
2117 1534 3382
66 338 7967
1440 1274 5589
1671 1339 5466
1069 1233 8821
122 541 4956
204 1978 8477
398 1540 1120
1435 994 7305
1987 1002 2244
531 1621 3536
1209 418 8724
1701 1652 391
1294 2170 9761
335 125 7558
1292 379 3235
801 1943 9710
274 2140 3956
499 368 9641
1990 2105 2645
1447 182 7310
48 1120 3478
452 1506 179
1437 865 7103
2064 2142 4457
1542 1594 9990
2094 682 485
1061 702 6724
1491 1507 9962
890 106 5091
1671 1058 3539
1569 1530 8567
121 1709 6518
1741 870 7273
935 2066 9919
1297 510 1257
1098 1999 4223
591 1018 9060
925 277 5813
1555 477 5793
486 1764 8891
401 357 8403
1472 913 319
1320 367 6882
920 1170 6686
1308 26 411
1317 1102 6286
887 1192 5452
262 104 9544
1101 282 937
1563 239 7023
820 917 95
2121 1151 4711
1279 1686 8759
60 1121 4212
1910 1263 2274
1807 875 4446
1501 233 9855
1732 290 4996
1779 1121 8179
1794 356 5368
1899 1198 7841
656 363 4507
2193 661 1074
719 1988 7046
79 1604 8876
347 1579 3651
831 1279 4507
1826 1124 5843
1580 340 6576
475 344 1690
789 73 2888
1857 2043 5893
471 1652 2795
590 227 5623
1500 2195 93
1136 2005 2194
580 132 183
733 1503 9737
718 2025 4529
553 1595 6071
1735 1349 3425
1625 876 7282
1803 20 6350
1749 2114 4258
2195 1666 5825
9 1031 162
26 1409 8147
2070 234 8145
126 618 6482
336 527 9469
257 698 6881
606 2084 7068
1227 486 5777
1854 1298 673
158 1987 3831
1025 1748 809
1148 292 4443
1552 1903 3664
2194 1503 6917
1156 575 1243
219 519 1337
229 997 8963
419 410 4751
1782 617 735
1577 286 304
1723 880 8203
19 1444 6292
90 1145 7171
1370 807 4554
1093 1441 9362
1141 1614 1718
1434 1248 8549
2116 2036 7343
863 2117 6381
1168 828 931
1904 569 9676
1572 1612 6248
2029 776 5001
954 1571 3350
144 169 8383
1921 1842 2731
2141 1710 1446
212 1905 6104
1929 965 2407
779 1373 8836
1269 1912 4989
29 80 3104
1308 1077 5889
2028 1685 9796
1209 1016 2914
863 1344 527
761 972 8235
535 755 2702
1499 707 2684
373 1708 2681
890 1138 6592
1621 146 9033
876 618 6619
840 850 1460
856 1875 4436
2081 1559 3258
129 837 37
1900 1054 3073
1105 355 4213
439 217 6190
592 2045 4559
1583 192 1440
76 661 2387
1213 1214 2219
1404 2153 3228
1240 1487 7979
281 1311 5436
902 71 3285
2173 208 2247
1157 1835 3368
2008 1489 2696
1980 1671 9386
1559 2162 3278
2106 1077 1760
2095 1437 6784
1917 1120 372
1107 1179 1178
607 241 6473
1159 924 6919
1190 803 542
738 661 9359
812 245 6931
2080 80 7643
1620 1438 330
853 1411 8415
387 354 4764
1232 2044 3311
2162 712 465
2133 255 8622
172 1515 5385
1536 339 2769
1609 543 5798
733 356 5792
423 2200 7742
215 1257 4465
377 1596 8881
1419 1613 5791
29 1733 9407
1430 2015 7472
1491 1316 8584
317 1614 1391
1556 990 570
2144 1709 8516
715 1548 29
499 676 6183
1684 1256 2182
44 42 7537
409 1985 9627
1743 1107 3780
852 1051 9692
2095 723 8647
1349 1713 9868
424 1241 98
1787 1598 8002
416 1533 4524
1126 1196 3541
1768 547 7572
993 218 7029
1533 1175 7842
393 1996 4553
1836 209 8806
1620 677 1782
1549 647 4438
71 1654 9473
1219 1191 293
795 265 5274
292 624 5164
2048 201 8320
384 687 9543
1239 1954 6079
264 158 3263
1525 398 3792
503 590 4952
209 707 1946
1966 1209 2609
482 1723 6376
574 1243 608
335 932 9475
656 1336 6221
918 1070 7688
2121 643 2371
1893 1714 5056
1623 1619 6873
1467 1967 2114
824 514 6773
645 1009 4889
393 679 4643
1013 1459 4125
1480 311 1554
1642 1412 4977
975 1568 8368
801 1022 7762
1149 1055 8793
936 1225 6003
1599 2070 2438
2131 513 5082
637 306 1965
1989 1467 1437
2149 407 7830
654 1966 9112
1037 1312 3375
1213 1643 4228
2029 1730 1065
1168 1442 3128
1393 80 7114
1685 531 7897
1557 2010 9137
429 1354 3466
10 1285 3457
2067 380 5166
1120 1913 2796
809 565 1062
1974 2143 852
1108 1211 1342
263 1735 1141
432 782 9245
1544 408 5012
562 798 7203
1909 1545 4890
1705 56 2379
153 1343 3200
1182 1149 2430
1761 1332 3570
2017 539 8125
1871 62 3562
374 1673 3733
1787 1027 94
908 1854 6607
1296 2173 3260
399 765 2760
1680 1195 3174
1592 528 923
870 522 1361
738 1184 6075
900 629 5696
1446 254 9473
581 509 4910
1633 1686 4809
260 1580 4263
1336 802 6644
1505 1191 6924
540 645 8908
510 1592 9195
1420 1800 6193
819 514 4939
1468 719 2484
1930 436 7922
997 1322 5133
1320 880 8789
340 840 4280
1459 727 2136
741 1460 5741
1076 1727 6163
72 456 8564
2198 798 14
905 2081 6249
1878 24 1550
1131 1275 5555
1235 650 1435
826 67 2559
377 1340 4624
1488 2130 4997
73 957 3395
875 234 7339
520 2120 557
2028 373 5436
258 1363 4936
813 650 3201
2095 805 1567
1033 538 4489
826 571 1263
1175 1406 197
1198 1586 1658
1696 1669 6300
310 1212 2278
549 543 6436
214 717 9739
743 2113 984
1829 682 4797
1613 341 6369
1047 162 5764
506 650 7829
812 1963 832
1010 769 7823
1615 54 578
198 1190 1621
1573 296 7435
420 2122 3229
756 1209 2812
1248 784 7261
1238 1059 303
1165 1826 5796
98 681 7421
846 1025 6966
2159 748 2977
342 1799 7602
2182 1700 1674
1766 1960 2463
707 1766 9402
2198 1083 3691
14 44 3322
1060 964 9768
1700 1023 9621
1793 1724 889
2179 328 5249
2047 502 341
360 587 8296
1147 603 2482
1481 1153 6381
2173 998 956
14 436 9140
1539 609 5685
1233 1492 5903
105 684 8444
1785 2184 8956
1974 2155 3363
1450 532 1773
1443 1702 483
1803 800 5639
1286 125 3369
350 1004 3103
1574 1320 6553
1856 2115 9489
512 256 2184
1590 1341 5972
1431 1952 2775
1863 382 9833
1809 739 5677
594 89 1765
2176 178 1735
1554 1408 2442
2074 377 795
1449 529 8954
444 1912 2027
1585 525 7178
1514 1219 7368
808 1207 9470
2145 1572 9593
621 1149 4517
2128 66 2246
1487 1968 6238
249 248 4487
750 1292 4110
803 1071 2949
1209 543 5192
665 374 1416
2071 1930 95
162 1499 9105
1865 1519 1506
25 186 9027
786 500 7453
572 258 2706
1185 1047 8875
193 1406 6186
337 466 1205
878 14 8606
1777 1746 1956
2010 2187 3176
803 1089 1253
1659 156 4128
1727 1723 5721
1390 1914 6514
1652 468 923
1362 1922 4241
1299 223 7619
1883 524 2697
318 470 8622
2162 1 8377
422 2132 4139
619 582 6124
1231 1105 9902
452 1671 7759
542 159 7795
453 1757 6295
515 628 9481
2036 1632 7385
646 1927 5518
206 711 4881
1913 2183 1974
1059 649 7294
765 2074 8822
17 757 6721
549 653 5936
518 840 2100
2120 1295 8479
616 1314 6795
1090 1362 7487
900 1478 5433
651 1137 1321
942 451 5411
522 1199 2757
496 1861 6032
350 269 51
1161 1305 7405
2159 903 6096
577 985 6431
437 1914 2122
315 2182 3779
1999 1514 8031
1668 1868 5304
336 1287 1544
184 1021 1652
713 1748 3926
1521 98 8099
365 71 8003
1705 1963 4436
1286 301 1173
139 705 3139
1543 1349 9588
1963 230 1985
364 1202 1352
423 2148 4567
1450 1517 914
1245 1607 3629
1202 973 4109
41 1734 4573
634 247 8341
431 520 4387
1126 1711 8815
1861 1551 3449
492 38 6416
479 1606 5318
1628 1541 7286
359 197 5433
1598 145 7164
782 1649 9981
1358 1592 170
230 128 508
686 1579 1095
2045 1628 2084
1949 836 7278
1334 903 5188
774 155 6049
376 896 7410
1003 1563 8186
247 497 9032
735 304 8527
1271 1100 3387
154 647 236
1910 517 6175
1052 1247 8948
2047 714 5752
1915 1370 8580
97 800 2790
973 1868 5888
1181 83 387
1817 139 7783
747 284 5129
204 1069 6045
1621 1573 240
301 1073 2946
1461 859 796
812 2127 9768
758 974 747
814 313 4560
358 1704 4693
862 1951 5605
1393 1834 556
1430 2013 1221
945 1213 90
1482 2139 7444
1962 761 1100
1274 1652 7065
49 1654 4347
1051 2008 2267
90 121 8577
2081 850 4374
261 676 2335
2001 482 7011
932 860 8063
794 435 6206
674 998 8221
893 232 9393
811 735 772
63 2120 9175
759 628 390
321 996 3693
1432 89 7498
1873 945 9500
171 459 9562
100 825 7427
1281 1167 1798
422 55 9510
1462 226 2714
663 406 3050
60 141 3563
1380 2144 783
829 626 117
697 855 855
1108 2161 5200
1080 935 9053
1626 1986 2294
1492 1327 1612
488 176 5715
1983 1006 7077
764 1941 7327
2085 2121 7163
1785 1571 3206
1561 1718 7824
213 340 6644
1629 875 735
1986 290 2544
795 1143 6010
1212 2096 2409
1427 58 7740
1081 1945 5401
139 641 2431
1804 383 5157
2182 529 4141
699 1421 3812
22 433 7070
1345 2155 7018
903 2092 5016
1183 1030 6552
378 847 994
709 1890 4836
549 831 853
1438 134 4421
386 1539 522
1526 1102 8188
1538 113 4758
1575 399 7161
501 1863 5326
1853 1433 1682
1375 1094 267
9 1362 9011
732 1136 238
612 7 3953
1796 679 7156
1200 2083 3934
703 342 1013
344 1793 4400
777 359 9340
2161 1821 4753
1095 814 7067
437 1454 4689
792 1248 7823
1554 1520 8995
246 1522 6906
1153 315 3064
566 1382 4741
721 635 2937
617 21 670
2142 697 3980
1106 689 5282
1953 591 3113
1651 830 2945
1895 645 1248
2129 669 1558
931 1453 8907
1911 461 4989
1732 228 1977
550 1884 8761
2029 827 1057
377 483 1910
1563 994 7526
1804 670 1296
1590 254 7736
1747 1526 2158
457 1897 2105
619 1157 2586
2091 1619 9621
597 2164 1910
1611 430 9694
913 1069 4104
604 1296 8357
690 1789 3996
1198 2024 9081
1315 468 4808
513 1465 3431
1816 1819 4322
1330 2177 1650
1687 2023 6122
1925 1153 2090
668 755 3723
2142 1077 9593
1084 576 4465
1265 1946 4119
189 472 524
1396 1589 7530
1941 1776 9117
862 1813 146
878 859 8755
1828 1853 78
1240 12 3896
1036 2066 3063
281 1203 9889
737 1764 9808
1253 1018 2818
1736 1350 3382
1955 1107 2368
1455 950 789
2180 65 8114
262 66 46
2077 1050 5897
293 1494 2996
499 1292 7040
164 1877 4384
625 560 4877
400 1226 6672
1086 299 9309
1995 1059 6965
114 79 7601
1681 1201 8632
2075 1132 3416
721 1677 8287
1779 1507 8566
363 1186 2478
2091 1816 8686
1203 1267 1103
1791 1210 663
747 236 4236
1281 1408 1777
1067 754 5301
1254 2081 3106
2176 1094 6393
401 1109 6560
1845 2060 6601
1594 265 3374
1105 329 1035
2066 985 6720
737 1402 3036
564 703 5468
1234 698 8351
643 24 9398
38 839 8856
1887 948 3028
21 1636 2316
1969 1798 6595
17 1830 1148
2177 82 6171
1492 192 1943
1861 203 1729
1258 2107 5163
1067 4 9792
2041 721 6260
776 1421 5766
1207 324 1329
2179 1963 208
2172 1708 3546
247 547 1057
1159 1638 9026
1293 899 3057
570 1320 9160
1091 452 5656
648 749 4798
1482 1087 3396
248 982 3470
831 1956 1106
837 1883 9985
1575 1654 6221
2171 938 1167
2197 2011 9288
335 398 1263
1181 1745 1473
745 1688 2137
1061 1097 244
1481 219 2771
1706 2019 521
837 22 6406
1804 1575 3907
1058 1571 8071
896 1246 269
1107 2005 2460
1576 977 8391
1737 1263 3512
1551 1000 6284
532 300 6025
1151 1431 1656
511 418 6325
647 1940 2481
150 3 3519
1559 405 539
788 919 2827
466 1108 4095
841 856 7910
793 1782 3642
2185 235 841
1353 1529 6756
1477 1191 3982
110 832 2554
1648 1866 8000
1944 1523 8420
493 2065 2895
1892 2199 8522
1980 948 4334
118 1458 1580
1629 207 8858
1624 700 8737
48 1356 8635
1098 1081 8410
1822 1221 2337
141 264 4997
549 148 1152
912 1209 5296
109 1994 1713
1920 1212 279
273 1387 4266
450 965 4986
2161 106 8337
671 146 7401
615 72 7280
1133 609 5889
692 351 5355
269 322 9562
1599 1876 1636
1392 765 725
1842 878 3280
543 1454 947
2128 455 1929
382 615 4939
438 235 738
1206 248 735
150 1038 2804
1637 28 3651
1618 293 5178
1352 594 6647
17 1785 8165
1078 514 4457
396 874 8531
774 1220 4183
356 76 3164
221 1541 8927
1922 361 7585
1884 349 102
962 10 6591
124 798 1835
586 1394 7821
175 1724 3663
1722 626 7106
491 76 9718
989 1845 3755
1303 1340 9497
902 844 5931
682 1669 5024
1244 734 7027
1957 913 3664
1330 1172 7378
1483 1940 4121
1079 2081 4707
1014 71 4118
594 323 5217
509 1898 4621
1328 225 2828
730 1144 7126
1771 2169 2961
1661 1005 8894
536 269 5577
1999 1407 9813
1571 135 637
1654 1876 3359
1657 1532 3477
1705 1872 1031
853 858 6286
412 945 3578
1055 703 880
324 1159 7452
1063 2174 7863
1 63 7022
1725 31 6699
2177 354 8003
2007 2116 7918
1863 382 1201
48 427 6569
2179 404 7529
29 1513 8803
1490 280 4257
859 454 153
2144 4 1637
1785 1079 5515
1992 788 597
1034 1435 8783
1831 1500 8002
1281 1965 1871
861 1611 6261
176 1141 9792
1492 861 872
745 893 7058
1110 1612 1313
1073 1987 2491
1729 1813 7930
1021 1748 3306
5 1913 2313
740 877 8422
1215 1457 3584
275 887 3204
2074 6 521
2053 736 4085
1176 1995 2637
1538 1167 6219
1946 289 2990
98 435 4141
1881 1746 8027
1207 126 8753
1423 1174 5859
2104 691 9016
1109 1405 3083
1011 2128 3666
1676 893 9338
613 718 9943
2198 48 6584
1916 568 5710
2008 1004 4361
1695 1422 7032
590 2192 6900
1241 946 7963
503 440 8109
1246 1438 9672
2060 1282 7175
328 1553 6404
635 1089 1376
643 291 3923
1166 900 2485
1837 760 6398
1057 891 32
1700 269 3316
246 1253 8120
1523 757 2370
1720 1362 4289
2074 2053 7385
1065 2050 5013
545 2006 7545
1166 164 5743
817 514 9480
1870 977 6984
1479 399 5956
814 1742 377
1440 348 934
2171 976 9013
1242 1539 4567
514 1997 1521
335 966 8361
1419 1896 4305
847 1323 9253
893 1470 8983
1665 115 4385
1828 2166 2793
485 1155 5098
68 1432 3819
999 326 4510
2098 27 6926
564 773 393
1726 1962 2378
504 2184 7456
2098 514 3154
725 134 7119
529 1065 72
583 1556 6814
2009 1922 7406
1089 1203 936
1144 1981 7199
375 44 5298
159 1587 4790
713 174 6140
1957 990 8792
1394 1129 7287
1346 725 7903
421 1398 8717
790 733 7475
898 331 7769
308 723 4626
1518 714 3683
911 1636 7249
485 1271 9447
672 127 9159
430 1602 5310
242 352 3654
739 993 8475
540 1355 2347
232 1037 6790
1686 1613 9277
570 2116 5385
2144 342 1695
529 71 67
814 237 3227
79 1074 1148
561 1482 8435
1000 1481 7837
1505 592 7157
43 1957 6280
1058 156 1504
844 1988 3828
1529 859 9224
91 953 4208
1555 1308 3265
1869 638 2476
1300 1412 4715
939 1758 3791
1965 1089 1190
1129 435 3084
239 9 7327
2077 1542 860
2049 345 2169
5 472 6177
118 1853 9861
2018 1522 1958
236 1399 2162
582 1819 3068
975 1916 1387
846 1285 4319
2170 255 6395
304 1379 9337
785 1614 5234
1660 1708 9950
964 292 2443
1375 589 3405
771 1102 4597
483 160 534
158 751 7976
711 311 4001
1285 302 7619
903 1694 2816
1442 1549 9879
580 1729 2081
382 17 7295
1426 815 1115
2181 42 3857
9 47 141
13 1085 7894
588 1232 7402
804 825 2938
2025 1278 7766
741 93 321
925 1080 4825
244 1984 8740
1870 1222 3801
333 1222 1066
1999 861 2110
928 65 7416
1920 867 2123
783 432 1060
1230 1570 393
1123 354 7282
2028 1482 8418
1141 640 3543
2158 1362 5663
167 1905 43
23 182 7596
336 284 7570
1800 2027 4538
496 161 1602
443 993 3061
510 538 107
268 1841 4733
987 1064 7812
1553 586 9191
1128 2022 5799
343 2073 4930
1790 48 6676
421 192 409
383 764 3056
1556 102 7953
352 2149 7164
1780 1648 1160
866 1995 5248
1584 1847 343
605 452 8378
810 1417 4734
95 1087 6615
619 1576 1919
1847 1715 826
1484 1907 6004
1544 1356 6165
1380 979 4615
977 820 2376
1076 89 4712
1265 882 1425
1890 292 1730
159 1724 3914
2149 926 5112
1356 1651 763
1 1126 1776 4301 576
0 651
0 1410
1 1552 1428 3938 200
0 93
0 1148
0 732
0 754
0 1224
1 1311 928 5993 787
1 558 1659 765 244
0 1516
1 1777 1022 5214 197
1 1157 1093 8658 1175
1 1864 1884 6124 350
0 191
0 756
0 1452
0 180
0 189
1 5 322 1904 883
0 954
0 1090
0 282
0 84
0 1388
0 258
1 1387 935 3140 737
1 1275 1141 2084 9
1 319 2197 6170 241
1 796 1429 5761 1241
0 491
1 1152 483 2736 1248
0 1359
0 1391
0 459
0 600
1 673 1500 6645 355
1 963 222 9233 373
0 930
0 131
0 557
0 1492
1 995 1585 8404 1377
1 1259 1062 9876 385
0 1431
0 1125
1 277 2002 9971 101
0 252
1 308 1459 3685 1417
0 1262
0 953
0 1095
1 1694 53 9894 596
0 680
0 880
0 972
0 967
1 1401 1573 7144 1402
0 176
1 696 658 6501 275
1 1422 870 651 1130
1 1149 1994 3569 1295
0 523
0 644
0 255
0 1253
1 1278 380 6044 924
0 349
0 1051
0 1131
0 835
0 354
0 157
0 332
0 1245
0 412
0 659
1 1198 843 6143 538
0 1233
0 1190
0 1392
0 1489
0 1514
0 482
0 775
0 1424
1 1310 783 1032 1362
0 416
0 562
1 548 1296 9432 262
0 363
0 1000
0 1381
1 468 1730 7864 498
0 777
0 1055
0 1119
1 805 2106 1959 1365
0 818
0 1117
0 1214
1 1432 1028 4754 1285
1 653 267 662 97
0 1101
0 708
0 69
1 1205 370 5275 676
0 383
1 1065 615 7497 640
0 1413
0 493
0 471
1 1919 791 8213 526
0 28
1 1104 915 9320 808
0 695
0 329
0 480
1 938 2039 150 179
0 1298
0 961
0 968
0 912
0 1010
0 585
1 1061 306 2994 1510
0 862
0 270
1 1474 1419 2396 621
1 1522 2023 6402 520
0 816
0 537
0 918
0 232
0 1008
0 654
1 2192 1826 2669 128
0 1328
0 127
0 1141
1 1729 784 1426 64
1 578 1205 8750 1439
0 1082
1 895 2131 325 1511
0 265
1 1555 79 5677 1074
0 1235
0 1453
0 861
1 1896 532 8756 1149
0 1373
0 105
0 1485
1 1091 745 5274 172
0 94
0 671
0 1515
0 976
0 592
0 1337
0 301
0 70
0 398
1 2058 841 3160 344
0 803
0 1400
0 1115
0 720
0 987
0 1309
0 1395
0 539
0 642
1 1512 1267 817 1416
0 365
0 75
1 59 93 1077 72
0 506
1 670 1037 7693 286
1 510 2020 8645 1121
0 185
0 55
0 456
0 299
0 1100
0 1299
0 1232
0 1300
0 685
1 1792 719 2417 1519
0 318
1 422 61 6196 661
0 1048
0 873
0 929
1 124 1385 5879 519
0 222
0 1260
0 246
0 1041
1 1361 323 546 44
1 1530 718 183 1134
0 281
0 1107
1 1225 2014 79 474
0 1187
0 1429
0 1078
0 1179
0 589
0 158
0 1069
1 2079 970 2324 1506
0 1333
0 433
0 1341
1 2151 2114 4323 582
0 1294
0 1004
1 925 953 1768 104
0 431
0 1290
1 2097 1318 5047 1056
0 1401
0 364
1 982 2067 9139 22
0 1455
0 119
0 1247
0 203
0 1184
0 1089
0 313
0 1234
1 1081 1372 2370 121
0 740
1 654 1692 2288 719
0 550
0 489
1 868 253 2497 174
1 1168 993 483 723
0 730
0 1406
0 1006
0 463
0 711
0 309
0 268
0 1186
0 846
0 821
0 790
0 542
1 1958 2035 2339 1278
0 440
0 864
1 2143 546 8177 509
0 828
0 597
0 956
0 746
0 404
0 1451
1 1369 648 6478 469
0 1138
0 773
0 588
0 1087
0 315
0 1112
0 500
0 368
0 917
1 1747 1944 1937 1176
0 485
0 1092
0 636
1 1339 2184 378 1227
0 188
1 1725 882 3721 1412
0 1306
0 409
0 886
1 2084 1884 6989 937
0 765
0 1421
0 133
1 2070 406 5146 996
1 657 1864 9099 408
1 429 902 3658 1357
1 1134 2020 1586 419
1 233 476 8019 891
0 1165
1 1809 1531 2626 594
0 289
0 792
0 148
0 1060
0 1182
1 380 388 3464 325
1 1799 411 7897 449
0 549
1 715 1937 8791 351
0 687
1 656 1683 7050 1032
0 374
1 224 474 9811 499
0 1199
0 900
0 198
0 1128
0 38
0 664
0 1220
1 387 1837 809 982
1 845 228 8950 1097
1 217 122 6576 1003
0 253
0 1445
0 1210
0 872
0 1205
1 925 1229 4816 1231
0 400
0 583
1 1016 1612 4790 31
0 677
0 437
1 1411 1747 6340 256
0 1202
0 27
0 1393
1 1555 1442 1901 51
1 1804 93 3660 747
1 593 302 310 452
0 665
0 1500
1 348 385 6088 342
0 580
0 1331
0 42
0 1053
0 1397
0 1081
1 967 1183 949 274
1 2141 1764 8449 561
0 1188
0 33
1 1703 300 9254 1408
0 670
0 1490
1 2101 422 8560 715
1 2123 1903 1178 593
0 1132
0 181
0 781
0 445
1 2112 1466 8826 653
0 359
0 1221
0 1497
0 395
0 511
1 381 1158 4625 666
0 1374
1 1494 267 3626 1327
0 386
1 1550 2136 8467 337
0 635
1 498 1000 5213 418
0 10
0 1361
0 1430
1 1581 1257 5293 1033
0 655
1 670 304 2717 881
0 778
0 421
0 858
0 938
0 294
1 2027 1794 4259 599
0 164
0 724
0 1067
0 941
0 1063
1 923 548 5251 974
0 836
1 193 551 8827 679
0 548
0 804
0 958
0 942
0 1347
0 399
1 1432 1633 5925 799
0 1203
1 1431 1222 8512 759
0 1297
0 245
0 49
0 1040
1 225 2196 6009 142
0 1169
1 624 1840 4699 647
0 290
0 1356
0 1422
0 1344
1 745 230 1777 892
1 454 479 1047 292
0 19
0 1458
1 787 1213 4295 852
0 1423
1 731 868 3016 288
0 577
0 247
1 1802 2148 8197 116
1 1167 1245 6519 487
0 30
0 753
1 1052 1278 560 819
0 140
1 1654 488 3689 225
0 327
0 1254
0 939
0 298
0 1479
0 1201
0 615
1 1762 1017 8472 175
0 1291
0 785
0 1304
0 446
1 1508 507 8281 231
0 295
0 233
1 1480 1831 7640 360
0 1316
1 570 542 243 691
0 113
1 877 17 2512 751
0 124
0 1464
0 54
1 1000 371 9120 1363
0 1029
0 1380
1 2175 462 3667 830
0 831
1 579 297 995 856
0 1465
0 1414
1 1688 841 959 771
0 965
1 1465 1735 1685 58
1 698 256 6068 1152
0 1207
0 1474
0 361
0 428
0 1075
0 1242
0 980
1 99 1979 7605 25
0 791
0 726
1 698 1470 724 869
0 1448
0 554
0 339
0 1267
0 1139
0 391
0 701
0 209
0 47
0 420
0 945
0 1268
0 920
0 1376
0 815
0 1293
0 250
1 1972 146 1731 579
0 1399
0 165
0 641
1 963 1366 9988 669
0 975
1 1603 347 2149 1314
0 887
0 986
0 1031
0 24
0 649
0 738
1 1895 1620 5195 1045
0 1137
0 322
0 1418
0 729
1 1484 824 4849 279
0 1466
1 1584 220 9388 1023
0 1093
1 93 1349 3401 877
0 170
1 1256 1462 9608 1462
0 57
1 195 584 9896 5
0 1204
0 1480
0 769
0 1509
1 1466 2106 9632 705
0 228
0 946
0 727
0 310
0 625
1 604 321 8075 706
0 1012
0 931
0 1437
0 1276
1 1326 342 4709 348
0 470
0 1411
0 761
0 243
0 204
1 318 2146 9925 832
0 193
1 1723 1919 57 908
0 414
0 913
0 1384
0 1407
1 1767 2108 5176 690
1 1277 359 5611 525
0 944
0 898
0 427
0 226
1 1147 187 6506 182
1 2036 1563 6281 23
0 273
0 435
0 317
0 528
0 190
1 1520 2170 7684 572
0 709
0 1358
1 2131 1498 197 1281
0 1238
0 1172
0 1307
1 574 1471 6167 264
0 89
1 1452 1951 2418 1249
1 1577 1064 8354 1252
0 865
1 1488 360 9681 149
1 516 306 2135 697
0 438
0 824
1 1639 1129 287 1161
0 1192
1 1061 2087 5293 797
0 388
1 2153 1671 9696 529
1 1116 519 478 608
0 1283
1 1849 1107 8585 330
0 476
0 1471
0 1305
0 559
0 633
0 237
0 914
0 423
0 535
0 901
0 494
0 41
0 531
0 277
1 1116 673 7599 1180
0 1457
1 718 1554 8503 1277
0 73
0 1503
0 1002
1 954 534 6094 43
1 808 307 8279 108
0 885
1 1582 378 4754 964
0 812
0 848
0 1470
0 1372
1 191 406 2145 120
1 1407 302 4715 202
0 186
0 410
0 53
0 758
1 491 1709 5203 609
0 492
1 291 1827 2508 1026
1 1953 953 1770 1310
0 601
0 1143
0 838
0 352
0 434
0 201
0 16
1 197 821 8104 305
0 196
0 1446
0 1428
0 1208
0 220
0 1343
1 771 1115 2119 284
0 607
0 366
0 221
0 776
1 1422 2126 1790 1118
0 486
0 757
0 1001
0 1311
0 721
0 581
1 439 669 3593 1469
0 319
0 1028
0 515
0 1230
1 1940 908 7632 1228
1 677 1180 5730 87
1 1061 1588 5626 934
0 1183
0 767
0 161
1 1278 1836 2210 907
0 372
0 957
1 80 914 5445 102
1 753 1871 5198 826
1 1130 2140 6388 1066
1 1440 1658 1289 1094
0 76
0 136
1 90 1421 7109 921
0 1219
0 1484
0 1491
1 769 355 142 1024
0 1440
1 1650 1442 6192 155
1 627 1428 2457 1209
0 291
1 2175 835 7922 894
0 4
1 1224 307 1915 1353
0 794
0 462
1 314 1190 200 1493
0 1105
0 994
1 846 350 3653 426
1 1787 1438 3630 564
0 733
1 211 1712 2016 667
0 1288
0 397
1 736 209 5183 541
0 223
0 1339
1 1453 1409 1256 86
0 834
0 789
1 1190 791 6702 466
0 981
0 1354
0 303
1 1113 982 6839 183
0 1126
1 1714 1932 1358 1261
0 356
1 189 1150 3262 357
0 384
0 460
0 442
0 1211
0 1160
0 1450
1 1128 14 178 1272
1 1092 816 194 1123
0 895
0 467
0 932
0 1142
1 1568 1476 3054 439
0 748
0 468
1 1410 968 8451 1320
0 1061
0 45
0 394
0 307
0 1174
0 323
0 369
1 761 1550 4231 1110
1 757 1458 2009 854
0 1378
0 432
0 1251
0 249
1 1716 1498 9675 453
0 627
1 961 1901 9274 153
0 1173
0 648
0 933
0 35
0 1213
0 947
0 1250
0 1156
0 396
0 1461
1 688 303 6129 321
0 192
1 1815 2000 9854 707
1 2029 860 8085 1419
0 728
0 455
0 1070
1 35 1462 5252 889
0 1263
0 807
0 205
0 1404
0 822
0 1368
0 1240
0 478
0 1216
0 269
0 1217
1 1298 948 537 367
1 902 1925 4479 210
0 88
0 870
0 1350
0 884
0 1195
0 217
0 311
0 578
0 490
0 1011
0 866
0 613
0 749
1 138 2014 539 906
0 1196
0 406
0 475
0 1420
0 713
0 61
1 440 299 4584 1256
0 1301
0 1167
1 1218 1721 5740 1185
0 973
0 801
0 483
1 562 116 3254 1096
0 1065
1 1106 597 9904 563
0 26
1 275 26 822 1389
0 1330
0 40
0 682
0 1334
1 1367 316 1142 745
0 99
0 1062
1 1900 1983 9327 501
0 1348
1 1427 1852 5952 1191
0 522
0 744
0 736
0 59
0 1385
1 974 25 1294 668
1 901 864 5938 1059
0 117
0 114
1 1565 1755 3482 978
0 943
0 634
0 1454
1 1431 617 6196 1198
0 1349
0 106
1 1272 428 4770 524
1 1726 940 9808 187
1 2116 1821 7030 112
1 1553 1315 2002 820
0 926
1 207 1802 6075 783
0 598
1 953 1248 4952 1259
0 429
1 2143 2151 7693 151
0 1351
0 497
0 843
1 1299 279 769 605
0 1375
0 508
0 847
0 517
0 878
0 768
0 788
1 2019 1421 4389 166
0 1459
0 1321
0 1038
0 1114
0 341
0 1477
0 518
1 475 63 4177 1284
0 1426
0 178
0 98
1 1779 188 8542 238
0 1136
0 130
0 796
0 722
0 624
0 521
1 308 1603 9622 335
0 979
0 1302
0 413
0 77
0 802
1 1906 1886 6771 1513
0 1215
0 14
1 52 1186 6057 1383
0 219
1 1412 2036 5766 755
0 1303
0 532
0 688
0 1273
0 806
1 516 1974 9680 955
0 1507
1 395 752 4974 177
1 291 1647 1394 1178
0 637
1 714 1252 7315 780
1 1908 300 620 770
0 750
1 1843 1383 3882 1239
0 1366
0 1086
0 983
1 1344 1025 6646 1296
1 946 1017 3790 48
0 1236
0 1122
0 1153
1 1598 220 7694 1162
0 536
0 1147
0 1163
0 13
0 995
0 919
1 1176 2148 9877 448
0 879
0 240
1 1659 1707 8935 235
0 1435
0 353
0 909
0 553
1 706 547 4577 696
0 1367
0 1264
0 1027
0 875
0 1164
0 514
0 646
0 556
1 884 658 6398 809
0 844
1 786 1652 9246 672
0 382
1 44 759 1363 833
1 1375 91 6259 3
1 1429 259 4304 1488
1 2180 2194 7644 167
0 829
1 1865 681 8649 227
0 617
1 941 321 9223 876
1 1876 1374 938 1318
0 512
0 257
0 702
1 427 819 5932 544
0 1109
0 135
1 1800 1346 3878 1345
0 65
1 1565 1433 4828 375
0 8
0 1517
1 2183 1502 5921 530
1 1705 423 641 1336
0 296
1 1538 914 8114 689
0 163
1 409 62 2263 678
0 1007
1 963 1640 9213 1313
1 750 435 1564 1382
0 850
0 560
1 462 1147 7467 1111
1 175 1305 8105 1370
0 1099
1 1131 2070 973 586
1 1882 1229 1743 1127
0 206
0 795
0 1015
1 1783 1399 1888 1073
1 1642 352 7120 96
1 2176 1124 9822 1508
1 459 1711 9595 1113
0 254
1 1847 1767 7416 402
0 224
0 650
0 346
0 67
0 39
0 144
1 1216 904 8329 1441
0 1057
0 643
1 101 476 7529 443
1 779 1202 727 287
1 2068 1266 9153 378
0 1258
0 123
0 1159
1 823 181 3261 779
0 1
0 602
0 1106
0 591
0 21
0 1390
0 882
0 1088
1 2186 1276 888 990
0 477
0 1403
0 1486
1 1141 128 5133 674
0 1014
0 479
1 266 1539 8798 1047
0 1154
0 1274
0 1036
0 111
0 551
0 484
0 927
1 200 1270 7738 863
0 141
1 1483 489 4863 798
0 302
0 712
0 1246
0 156
1 573 2153 9361 1223
0 855
0 993
0 1244
1 170 1772 5955 461
0 1518
0 860
1 1873 1780 4613 1498
0 570
0 910
0 1460
1 471 1919 9860 639
0 276
1 566 651 973 1193
1 1025 1004 5987 380
1 14 181 2088 126
1 2059 224 227 867
1 52 146 247 1520
0 735
1 1516 246 7311 79
1 612 204 7703 612
1 1506 1050 8121 1009
1 1922 935 9538 1352
1 807 2025 8444 422
1 1733 798 7596 997
1 1575 1872 778 213
0 1170
1 308 1588 4824 555
0 1042
1 1434 1031 2417 458
1 1028 122 8947 1054
1 1833 837 7923 1504
0 977
0 1025
0 36
0 1218
0 239
0 888
0 1355
0 152
1 1700 889 9341 1077
0 199
0 379
1 429 1626 4524 450
0 897
1 1737 630 2136 334
1 48 758 2825 905
0 1447
0 1369
1 1648 580 9266 1269
1 189 1239 6319 662
1 1697 1308 8514 853
1 1779 1819 9147 424
1 63 1500 575 362
0 811
0 91
0 623
0 415
0 1129
0 34
0 194
0 1501
0 1034
1 1774 365 5816 1013
0 1494
0 1197
0 1103
1 666 253 7469 1079
1 289 1307 3997 300
0 333
0 752
0 472
0 622
1 389 963 3045 1346
0 716
0 162
0 328
1 1442 545 8059 122
0 118
0 631
0 731
0 1287
0 7
0 552
0 784
0 481
0 966
0 488
1 275 2162 5882 1317
1 932 1783 3186 1468
1 330 842 2988 370
0 859
0 195
0 347
1 2021 509 4385 904
0 590
0 1481
0 704
0 1155
1 1255 1304 8230 1475
0 616
1 788 958 9659 571
0 502
0 839
0 626
1 1952 876 1020 1020
1 1452 630 8162 316
1 2072 2016 3413 457
0 1335
0 29
0 1340
0 1456
0 619
0 962
1 1906 1990 8033 1434
0 407
1 132 1890 3343 1478
0 911
0 473
0 628
0 611
1 2087 18 4773 507
0 922
1 1223 908 3962 1496
1 700 1156 8556 324
0 739
0 1194
0 242
0 871
0 56
0 890
0 1080
0 1371
0 1315
1 1549 401 4871 1323
0 763
0 1116
0 230
0 1108
0 1476
1 523 56 2230 11
0 169
0 950
1 1300 1732 1244 495
0 1270
0 1120
0 173
0 496
0 989
1 1396 732 1635 558
1 488 448 6645 1083
0 1279
0 1266
0 774
0 845
0 700
0 37
1 2154 1242 9499 1200
0 272
0 100
1 1466 57 1106 1052
1 814 419 1615 1473
0 1332
0 184
1 157 2176 2464 1072
0 673
0 1151
0 285
0 320
1 1437 1793 7508 1181
1 985 985 7011 603
0 251
0 1102
0 62
1 620 1249 5740 1286
0 2
1 1264 1047 7555 504
0 1324
1 2093 993 8845 1360
0 793
1 1137 998 1732 849
1 2147 890 8929 66
0 584
0 543
0 1495
1 946 1330 8342 171
1 725 566 2968 137
1 568 1292 5477 216
0 1255
1 902 1108 4012 915
0 1005
0 984
0 951
0 1379
0 1396
0 436
1 424 250 7753 1364
0 1064
1 967 1350 3915 800
0 851
1 2147 130 7067 629
0 842
0 154
0 1243
1 1241 344 7025 1325
0 699
1 579 143 630 632
0 1145
1 119 323 5297 903
1 414 1774 7365 1076
1 920 2088 4466 20
1 225 460 6823 645
0 1502
0 338
0 1427
0 1292
0 1206
1 881 404 6391 1512
0 271
0 741
0 345
0 393
1 180 537 5048 283
0 1438
0 208
0 1436
0 1049
0 620
0 387
0 935
0 63
0 1442
1 1067 2052 5175 683
0 1150
1 1166 1010 6460 263
0 566
1 975 560 4170 159
1 1309 626 5936 109
0 1046
0 71
1 709 2078 4777 207
0 764
1 1389 1184 1614 587
0 985
1 452 1936 9917 652
1 1768 760 6429 1177
1 1974 449 2672 147
1 393 1144 3793 681
0 267
0 568
0 145
0 1222
1 1980 1086 3311 1237
0 656
1 1695 1142 6607 134
0 868
0 686
0 306
0 1044
0 1482
0 949
1 2062 138 8267 817
1 1217 373 2013 1229
0 1280
1 26 760 5915 1271
0 211
0 314
0 988
0 266
0 381
0 1425
0 1322
0 371
1 331 1307 1421 663
0 1342
0 1308
1 996 1791 8340 606
0 1225
0 940
0 297
0 760
0 545
0 618
0 1257
0 411
1 304 527 9769 392
0 874
0 1467
1 1376 469 9822 95
1 605 1161 5207 1432
1 2124 2015 1054 1398
0 60
1 1504 201 7244 389
0 1071
0 430
1 1254 1523 4600 229
0 215
0 710
0 614
1 1282 549 3259 304
0 959
0 139
0 1018
1 934 146 4046 510
1 1312 1328 4193 505
0 692
0 1449
1 2128 345 7941 80
1 866 930 5668 604
0 18
1 893 1875 8520 417
0 280
1 382 1376 2705 546
1 1168 809 5294 896
0 358
0 786
0 516
0 857
1 1272 7 2240 376
0 762
0 825
0 46
0 336
1 416 779 2707 1050
0 936
0 132
0 68
1 1671 1332 2695 1189
0 1030
0 991
0 390
0 534
0 278
1 1895 151 5798 998
0 218
0 465
0 92
0 925
0 540
1 1880 221 6654 698
1 584 1561 4401 813
0 52
0 1499
1 1461 1542 4143 948
0 214
0 1043
1 943 642 3239 1386
0 923
0 1444
0 326
0 115
0 573
1 293 732 9522 1140
1 1875 1208 1872 1157
1 234 491 2241 928
0 454
1 1941 2044 8388 743
0 15
1 389 1808 6962 74
1 765 855 1076 1144
0 999
0 1124
0 782
0 1146
0 146
0 107
0 1282
0 638
1 1326 611 893 1104
0 85
0 1133
0 827
0 902
1 913 1066 5166 340
1 752 975 7330 527
1 1519 1819 952 110
0 1058
1 1081 1083 5978 992
0 805
0 377
0 312
0 81
0 248
0 259
1 599 1284 4966 260
0 1289
0 766
0 703
1 140 1856 1352 595
0 1265
0 150
0 12
0 451
1 137 405 3353 331
1 1506 1659 8132 1443
0 814
1 2177 369 5503 32
0 969
0 1021
1 775 2034 6937 1409
1 1371 174 398 772
0 718
0 810
0 261
0 129
1 1287 2100 8640 1433
1 830 2096 7254 1483
0 899
0 657
1 1188 90 1879 1035
1 1904 140 3930 952
1 235 1720 5712 684
0 630
0 717
0 17
1 43 1719 7148 405
1 557 175 7827 6
0 569
1 905 1899 1858 610
0 1487
0 963
0 1085
0 1091
1 1520 697 5619 1394
0 1275
0 742
0 401
0 234
0 1166
0 236
0 1084
0 725
0 1168
1 1293 362 9320 840
1 1779 278 7823 1405
1 486 278 9664 1158
1 83 116 3187 143
0 960
0 83
0 103
0 1016
0 441
1 1468 323 9554 660
1 1006 575 5240 125
0 714
0 1415
0 675
1 1861 1716 7807 734
0 160
0 565
1 1773 2166 7764 1329
0 533
0 574
0 403
0 513
0 1098
0 90
0 1068
0 837
1 1986 1554 2039 1212
0 1135
0 693
0 970
1 1278 1781 9570 1463
0 503
0 567
0 447
0 1019
1 2065 1251 741 1037
1 1586 896 7136 343
0 1338
0 547
0 138
1 1692 664 6084 823
0 1387
0 308
0 425
0 575
0 82
1 1713 408 8595 1312
0 971
0 1022
1 2004 1557 3439 841
0 893
0 694
0 1017
0 1039
1 2041 1485 5532 658
0 1326
0 916
0 212
1 1394 1593 2121 293
0 1505
0 1171
1 429 1394 407 50
0 168
0 1472
0 78
0 464
0 1319
0 1226
1 1040 541 7791 444
