2800 2799 726
2355 642 5283
2601 2268 6726
1354 1564 3059
1326 1831 8
2785 2519 9823
1485 125 1235
1378 1059 9885
740 1131 2181
1253 933 2885
1162 1884 1431
722 518 1903
424 2463 8469
2770 693 4490
1448 1560 1581
1321 386 8150
1741 1046 5005
2746 2304 4244
810 2293 3419
2078 295 9164
2565 1847 9922
2167 1351 8672
1747 348 7070
1647 863 1051
1650 979 2320
2385 2223 8586
2731 944 729
415 858 5982
412 2219 5622
2154 1021 6676
2301 1112 2490
498 2077 909
437 1656 639
1899 1856 6343
1514 2553 1161
1056 2229 9327
761 1265 4219
842 316 8249
1996 14 2442
344 1048 4886
1784 2076 5827
233 716 8084
2254 1389 2190
2515 391 1175
2527 2500 9952
1466 2538 8901
2055 1072 6854
2516 2610 9820
2254 1551 9315
634 1637 1496
584 1710 5744
1818 227 9578
55 667 2150
1164 2192 3657
713 628 9534
672 1763 421
465 73 1662
1602 959 290
1463 649 8199
1222 2544 5935
647 46 8414
1802 1747 5724
2655 542 6924
1479 2619 8505
2351 107 7235
2094 1508 4603
1367 2403 8193
2229 1146 7412
2684 1340 400
299 1194 6367
598 1160 4343
1259 45 39
1327 207 647
364 2511 1658
157 2163 9204
1430 1015 530
234 174 5365
1456 1223 8337
2 868 9175
1966 1016 5292
2013 1935 2312
2258 802 7415
261 891 5769
1259 704 5658
2185 1314 2846
1946 1057 4307
2737 889 6654
1556 2602 1964
794 1433 1612
2669 744 6356
1921 1142 8803
1577 351 9695
1154 2046 6719
220 519 7858
2689 414 5914
2476 1073 7433
239 572 2065
1961 821 9623
1360 1112 5511
72 2015 5012
1441 2402 3929
468 474 8884
1761 1576 7712
1612 1269 3787
2423 1297 8730
1143 1468 7962
1809 119 683
2419 1817 6868
2421 775 4959
563 2360 5289
2384 2666 2614
2592 673 6867
2679 1005 1380
1418 144 1842
1545 84 68
2257 2749 1355
2685 1362 1502
2019 2547 3497
848 2709 3788
384 2365 5581
226 2594 7147
770 1502 5568
1014 2018 945
12 1112 4660
1168 2604 2681
662 973 1024
1615 1774 9133
2714 2660 9871
480 2020 2864
426 890 9564
167 1607 8176
824 1081 2192
303 1021 3811
1407 1111 4534
215 505 7712
1487 569 2265
448 2038 6825
1939 301 4406
904 1306 6549
811 906 536
2109 1824 8880
1909 109 3111
2363 2304 4403
2725 1812 7959
2769 1934 9873
402 356 9904
2453 735 2227
1428 2325 2298
2330 2771 3576
2339 1903 1953
1842 1159 9109
843 2729 5066
2598 2781 3487
2144 1576 6397
657 1659 4685
1157 2025 2687
1167 2372 960
3 2213 1104
768 1689 796
489 2531 7141
358 725 3593
1639 2235 5724
1134 1730 9542
409 19 2545
2101 1246 8263
126 660 6343
104 764 1693
1660 47 5214
1837 2656 4470
943 2442 4214
4 2600 8348
1094 1433 4065
101 884 7031
2395 326 710
85 36 3539
1578 1542 8117
167 1380 4954
431 2728 4302
81 466 786
2719 842 7970
2595 461 8134
264 1529 2464
17 775 1937
725 1037 6445
549 2792 9732
806 1554 1817
167 630 9070
2397 2342 6795
2317 2669 609
2213 811 2898
11 37 593
1133 2260 7572
2327 681 8134
1027 1810 2825
2680 182 2041
2274 1694 6445
128 1849 3586
2440 427 5280
290 575 3071
1840 2048 1719
1476 472 8116
2409 2682 46
683 2740 7274
258 1081 9290
2764 750 4882
1106 403 6536
1216 1535 337
1297 159 2437
1961 1602 5405
614 2176 3127
1978 302 1467
2235 2429 1250
380 870 9396
2640 783 2549
2710 1659 6634
740 326 2412
1810 90 3939
2201 1833 2924
606 8 6882
1301 1708 9275
2719 1935 5488
1088 1300 403
415 972 910
1975 1845 7527
1409 2550 1525
527 1201 8654
2495 574 3789
526 1930 4937
249 536 4940
1921 2146 8057
1186 26 9816
993 2401 1576
1806 1915 8639
291 34 5040
1220 505 501
375 1242 3208
365 909 6731
2553 811 3227
604 2660 6659
419 2144 9492
2070 1653 4360
418 2070 9123
2192 1846 868
2080 1625 2057
1722 266 9324
451 181 5230
739 1407 315
268 2562 4116
784 2431 8714
276 865 1385
2578 1688 208
321 656 6074
2618 1725 3789
931 2573 6972
1943 844 3652
2213 1228 1330
323 279 3842
1003 2062 3183
2703 1031 5505
1373 2559 206
601 58 8462
1294 102 3161
1273 2466 5625
931 963 5111
63 2518 4457
156 1564 276
1849 68 395
1221 2152 8223
1681 260 851
206 1804 1344
2069 1647 896
2441 1508 9340
1930 2583 1653
451 1255 1974
2711 345 2907
1271 2699 3988
1285 2005 1586
1786 2407 1193
773 772 4455
2719 583 7124
2033 2403 7362
684 402 6502
2728 2395 1123
887 676 3468
1820 1450 4619
1760 2564 8816
1148 961 2460
1907 277 8959
7 460 8763
2401 1422 1704
304 1806 4425
2425 2162 8354
562 732 9980
2071 797 9353
1754 1846 8640
1187 2742 9589
2699 2400 8798
1807 1779 5281
2715 2053 8168
2323 2021 3177
2082 1766 6697
1252 1164 4295
2150 1520 5226
1865 1304 305
2377 229 7200
962 1389 5271
1304 1916 900
2512 2476 3416
2479 638 8844
2647 2389 5584
2141 1344 5435
301 1043 3578
1161 2271 1705
330 1645 5551
758 1587 3177
1634 960 8429
2052 109 3865
670 1194 9763
784 1372 1199
2390 2036 918
1208 1880 7844
2047 852 73
701 1991 4881
679 790 7000
2461 1268 8452
1499 2010 6170
1165 257 9410
1536 2324 6880
1208 2514 1143
1395 883 1072
2723 2351 6397
2704 1987 4906
361 2747 68
1925 2432 8486
2183 394 1356
383 2726 9928
1999 880 2762
2590 2032 8554
2211 492 7232
1400 1655 9734
108 1614 9716
481 2519 1957
810 2145 8697
74 2308 4252
1088 1766 1254
1226 1178 6387
1802 114 4835
403 484 2635
1256 1028 979
302 2383 6378
970 1468 8686
2489 2624 231
1833 2436 8590
902 1860 1804
1675 1666 5323
1358 314 5931
1068 134 3064
845 2006 7927
2100 2798 5431
99 279 5167
1721 602 7056
1973 1923 5357
2657 1737 2220
816 1106 7800
1382 1537 6581
999 962 5926
1492 1273 8856
1146 1347 6464
865 1648 1376
1636 1036 9040
5 184 4354
2583 540 2773
2512 1513 1887
2507 2155 7649
1635 2702 6038
2731 2225 6815
2324 2019 2818
1712 190 5973
817 1472 855
270 1744 2796
2396 1152 721
1734 257 6674
611 974 1480
1781 1589 9009
2619 1454 2831
2338 2376 3562
1909 1005 8007
852 605 7816
759 521 49
1285 1431 3061
1065 1033 1669
712 2321 7533
1809 902 9322
1763 20 890
644 1693 6557
2707 2022 6741
649 2408 6849
1792 2383 7069
1332 2726 4080
1561 1608 8799
989 856 3358
1986 2025 6269
1151 2489 8227
959 254 9142
1604 2104 5656
624 893 3150
2539 606 8451
475 2470 6650
32 21 194
1418 1448 8083
2633 135 7065
1877 32 6566
2048 1495 6127
1333 2760 9220
798 2730 7949
44 1500 8082
2566 2236 1501
1112 395 9288
2606 206 6997
2325 2428 1311
862 2117 9458
268 1375 6923
876 1307 4255
2770 1364 1120
1103 2362 3362
2720 1449 2469
1543 2164 1169
886 2601 3697
2314 2547 6706
310 1038 6088
584 90 715
1111 1326 206
783 2649 803
1141 1754 6906
2145 811 4580
951 279 2537
1919 1391 5242
2286 1813 1540
2499 842 8473
337 2467 8871
2564 47 9797
952 1588 363
353 1299 5337
1355 1324 8611
2430 91 141
1224 1236 2082
2101 1785 2036
2394 2624 143
1106 945 59
581 2037 2049
2074 1210 9730
2343 1890 4247
2677 2324 2532
439 569 1191
1813 1966 5335
2273 1319 1451
530 1137 2699
1874 813 7838
147 444 6961
6 1261 9548
1974 577 6852
1200 1875 9760
2393 1795 4032
836 2751 1804
413 462 7620
488 1134 9222
1310 184 4777
1510 1524 2004
1231 2206 546
978 916 2325
1115 1825 6967
2387 492 3095
1515 2086 3379
1888 388 4577
82 2551 9218
2272 1164 6238
373 1947 4608
989 2260 6182
1206 1468 7366
1023 1526 3372
2700 1225 6391
2497 898 1983
1876 2359 1174
589 2446 283
1502 598 5009
693 1297 1565
1569 2346 7183
2622 1179 4231
1965 93 1112
2006 1063 3325
2011 1655 7069
1906 2419 5508
367 2411 9360
1184 2723 3335
2593 2172 7601
1015 1448 4718
274 2179 9912
2719 2017 4554
2656 1247 6296
713 1621 2147
767 2095 1980
1381 2752 1120
1283 2709 4006
1871 2229 1495
1870 2228 4822
1884 1123 5441
1386 890 4582
1938 1433 9817
767 2293 4327
463 1912 7373
1770 703 2522
2441 1126 1226
2344 577 7592
964 1663 1355
1789 1833 2039
2088 2731 2523
823 705 4110
1177 1950 8588
2640 1630 3781
1254 2274 220
83 270 2731
1161 335 894
2688 1045 2594
211 757 9521
889 2561 6126
53 4 7615
422 2598 2592
2059 346 1510
1101 953 4899
2689 2063 4480
2636 1898 5884
111 1349 5522
342 2012 2483
1741 1437 1626
84 1753 5881
580 1174 5498
2599 359 2226
1651 1315 4161
373 85 6194
1062 828 119
2758 2643 3029
539 2095 5006
2796 353 8516
1299 398 7866
67 628 8489
2322 1088 408
1637 1231 4850
1508 1872 6618
2557 788 1097
1441 2060 5481
2246 1291 4238
33 739 2953
1331 1850 8930
2372 1865 2454
1154 1078 5806
2290 494 4
2597 580 4401
850 264 5677
773 311 5645
1023 716 5624
1310 64 8238
597 253 3972
1470 18 953
1714 635 967
262 2689 9264
1770 143 5385
1832 752 1677
1615 2282 7379
1308 1133 9088
1763 19 2716
1896 1695 9216
920 526 5551
19 2224 1631
1750 1222 3636
649 2754 9808
235 386 6849
2749 426 8574
1466 2395 1592
2650 593 1710
2035 2245 173
2141 42 6890
490 2115 3508
856 1722 5025
1911 1207 9309
536 782 7417
1169 1612 7952
606 2071 4874
2700 2142 4067
1377 1750 5003
1474 2727 9601
2216 1199 4024
1611 2122 4275
1707 1284 5120
1460 982 2186
730 131 490
358 2319 7262
2271 1209 5643
28 826 2022
2337 332 9211
1014 986 194
1371 15 2681
1081 2752 4928
572 2098 4233
1450 744 383
254 7 5435
777 977 1664
1440 657 5415
215 2712 8216
1103 263 7346
1509 2518 5110
952 795 7000
2594 421 4583
401 1046 3273
2523 2257 1695
565 1664 7349
1934 197 5109
1187 1434 4127
988 2579 6778
1753 2722 6171
2092 2055 2715
1523 103 499
125 1044 9959
2607 1250 327
2508 1305 4265
390 2481 3250
533 450 2217
308 1200 5848
2755 115 8586
873 472 2559
1071 1775 2832
1160 2478 815
747 1785 2178
1890 777 7454
2235 899 9900
50 2316 3336
1628 199 3670
2734 1802 5539
516 2505 3152
503 1163 5164
1192 2283 7152
208 463 9149
2564 467 5101
2715 1043 7154
1278 424 3599
581 2687 8821
2625 111 7057
786 1106 3842
1952 237 4835
451 2474 288
2585 322 1743
653 839 1053
951 1812 189
2753 1586 6422
2025 56 4616
40 1910 1850
990 866 884
1970 1611 2335
2023 817 3379
1012 10 494
2589 916 4192
1214 1095 7813
2433 323 2131
464 1183 8583
1450 2781 9735
1391 1970 1952
1136 352 5000
402 2361 4402
1391 2230 77
1903 2132 9830
2792 830 5395
1302 2521 2168
414 1749 8842
687 160 437
1535 2419 7877
213 1883 2711
1556 2679 9686
1448 345 2238
1281 948 6339
1268 2345 5430
1548 137 2673
1607 2578 1791
443 1199 9710
625 122 8515
923 1119 9076
1038 873 8066
654 918 6529
2509 243 9189
2180 2190 5696
1709 1710 2411
1109 624 4485
174 2477 7314
2663 687 4940
1853 1196 1742
1644 453 9463
127 1173 1707
591 1291 5803
2791 2046 9186
1252 2725 3335
727 2602 3038
43 2664 3459
1672 840 3812
45 2280 7911
1229 534 6470
1209 600 2493
2145 1516 2814
1193 2556 1323
1421 1293 9053
2669 2702 80
1879 862 2841
1571 2631 2064
1791 1705 9850
1401 768 536
635 2534 5289
1212 912 412
458 304 5782
576 395 9843
56 957 8412
444 1653 7716
1728 1707 6894
1705 190 819
1787 46 9501
2198 546 4701
1891 2675 4541
243 2414 6658
1636 1766 8368
875 167 1855
2595 907 5767
337 1944 8551
1882 1183 2549
2022 569 7115
441 2771 252
1128 1331 3650
154 1241 580
1132 531 9261
361 1289 7250
1369 2314 3893
522 2577 4552
119 799 9181
336 2368 3489
2339 606 8057
301 575 4248
71 2225 3765
1672 1422 8481
1007 395 5846
145 435 6194
1465 1068 8208
1920 2352 3054
2118 516 6500
2056 1302 4873
2132 2352 7221
2123 609 1804
2425 697 2099
1650 2522 6931
1850 2754 3424
40 162 2349
1126 2686 1014
2725 2054 9747
2698 2511 7633
217 913 6485
323 2566 5044
2146 2724 8154
1060 452 3754
472 1417 4125
639 193 9324
2238 640 1916
625 930 304
379 1201 8719
515 869 1279
929 2766 1491
2070 1607 197
2488 2575 1650
1301 1786 3484
495 1139 7552
1453 1334 2098
29 592 5500
2405 1290 5382
2754 2497 7933
2338 59 2884
265 2169 6318
1393 2337 4615
323 900 3730
2195 1321 8934
2499 818 7617
1228 2459 9542
532 2409 9068
1273 2003 818
2499 2459 2955
2468 1184 2186
944 2313 2633
1571 1540 527
444 736 2752
140 1335 3974
2574 929 12
1039 67 4162
1882 2524 7438
2685 2088 9665
1450 1013 3598
1002 847 3460
990 794 1456
810 1630 1088
2480 2706 7943
1060 2332 8290
2044 1016 2500
1367 416 5577
1448 731 9455
1937 2350 4233
993 775 8443
317 2223 3103
2746 1413 1880
731 654 7003
569 2506 3308
1039 2773 423
1168 1437 1288
8 1236 3419
858 1534 54
2367 1539 4436
2217 1737 6698
776 1272 6960
1700 1490 7583
1118 2129 1693
1584 1502 9873
2032 2665 5884
2074 1549 2320
1134 2253 9166
768 1786 8045
1080 1446 8119
1873 2095 4102
715 1793 5776
2467 190 106
2489 2172 8653
1522 722 5022
555 1686 9467
2309 2650 4983
1092 607 8607
2405 2367 7433
2334 2242 29
1685 237 9503
108 1507 4425
335 178 7056
2310 679 5486
855 508 1615
2359 2344 8144
837 1088 2194
1635 1951 982
2416 385 7512
1796 590 396
2731 2527 5620
666 2792 3082
1776 519 3014
1205 1088 3098
295 1095 4413
2009 107 5265
2717 517 4353
823 432 9872
2659 2267 103
249 2192 7150
151 1555 1932
1773 1818 8516
2213 2172 4545
22 1786 4836
2313 2296 5814
1852 2460 9809
976 2091 7695
307 2010 1945
634 1542 9898
2699 824 232
854 2148 1984
2506 190 7177
1826 740 9464
2753 656 3012
584 648 728
113 455 3778
1654 2776 1508
672 1659 6307
591 15 5693
1078 720 9936
272 1307 740
944 726 5994
104 2525 8522
836 897 8486
1996 1955 2999
963 1554 3406
2371 1672 7991
1226 2413 4351
16 487 5573
557 519 5359
2538 1293 900
248 2611 6327
2287 398 6397
1649 1431 891
195 712 1191
746 193 1322
1021 2218 4243
1918 739 1678
1472 1068 4331
1258 64 3613
1715 2117 4211
838 2593 1315
405 212 6687
820 426 7847
356 2658 2567
1834 2448 67
809 1948 691
2758 999 9895
2429 849 1451
2320 2799 4672
2581 2073 6128
215 697 7507
2595 688 5878
2684 1380 7540
1698 2006 3775
613 1120 4648
1706 2421 8249
344 997 3535
647 2360 3575
2536 751 2523
229 741 2988
545 2417 8674
2044 547 3132
193 1729 7996
2245 1638 8691
2176 383 9625
529 1980 2742
2505 2696 5897
2676 665 5249
2671 667 5707
2356 997 5566
2764 2540 2499
2446 1131 334
536 1478 3485
14 408 3628
754 2077 2646
1490 392 6740
401 100 8348
1891 1068 5011
1142 2768 6890
2303 1040 7988
829 320 6326
258 2386 5266
8 1780 7353
1108 962 9787
2379 1410 324
1453 150 6335
389 920 2259
1951 1784 496
2268 398 8167
1072 2112 2492
2205 2040 8006
2664 2129 4381
1849 1647 6986
479 369 318
67 986 7251
581 207 3955
971 897 3526
1533 1304 303
409 192 4685
723 149 386
1897 1253 5300
50 2003 6680
2335 768 5891
1165 646 9151
1908 657 4558
1322 122 8807
2053 505 4202
588 244 7181
1003 1449 742
386 349 1034
2436 1599 7107
781 1601 1768
2733 2369 5964
1730 2750 5776
1808 342 2656
2605 2084 6143
328 126 5888
1041 748 6
1133 1201 9303
2429 2306 7061
360 2006 9976
2734 619 4252
2243 1250 4876
2279 1384 3436
522 394 1231
1833 2413 6677
1874 2144 8963
2318 748 7447
2108 290 259
925 2516 8992
2095 794 2028
1620 915 7614
493 1472 3879
944 2706 1659
1940 1317 3898
623 150 2771
1897 2247 3327
73 1763 5999
60 1571 1103
767 151 6850
219 1451 9442
1414 281 2143
1119 249 2721
294 1557 7416
1996 1043 6415
49 942 208
658 696 930
1236 447 7229
2257 1860 9372
806 2553 7215
2008 2747 299
2015 2676 1360
1936 35 5293
61 2437 4210
606 910 887
2321 1801 3254
1379 693 6769
1255 726 3987
2239 1484 3383
2770 1092 2734
1688 953 4766
613 1053 6430
1780 517 9360
970 2166 3521
1077 1322 4716
1153 162 6626
1772 2471 3067
1253 1815 6317
1404 1403 740
2674 189 4112
763 864 8697
2145 344 3436
248 2400 9425
1685 2228 5206
850 819 3056
1073 2047 218
590 1195 9524
25 2214 9194
1627 945 1126
1009 1083 5676
461 239 4869
1440 513 9354
338 270 2331
1101 1952 7147
1945 1643 5128
1270 2561 8049
448 972 9093
2418 1387 3708
962 2450 6191
2339 1467 7494
2116 2524 8894
650 1735 1403
105 1569 3080
1680 522 5944
1597 2653 2752
371 500 6106
1285 2381 9515
1836 176 1972
614 1299 6308
314 2676 8037
2219 832 5579
324 1254 2886
1663 1442 641
1300 1734 1870
1517 1520 6969
1103 1204 3938
620 1415 3805
281 1003 4515
265 2258 9968
2028 756 2854
107 2023 2624
1654 849 4130
2606 1851 36
1019 2741 6051
2151 536 8620
1738 1968 9496
2559 1320 5965
55 1285 742
866 2691 6165
1402 330 4285
1775 287 3233
2625 1865 3806
1725 351 7509
1472 2734 4470
2066 2779 2509
1194 2136 1289
772 2380 5647
1747 939 9568
1101 1413 8897
1384 1965 5293
408 848 9406
2214 2481 1393
2148 1962 4126
1236 473 6576
671 1003 8516
514 2269 2313
843 2749 1640
458 1576 1340
2166 543 8630
373 1496 3188
1022 1805 7231
2494 2296 7552
1349 2694 5911
1439 75 8058
2003 47 6157
317 665 5924
1788 1236 8991
2049 1787 6415
2711 2407 7588
2022 730 1175
190 2146 7464
401 584 6917
214 303 240
788 1172 7353
1523 2123 8774
1218 1550 4857
1251 1914 3068
2749 432 3282
1496 266 2961
1295 1664 7327
132 1416 1234
1478 1034 6356
1671 2227 6553
2343 1813 7892
2066 2250 9063
2604 773 5641
1077 749 6055
2775 436 8434
2411 1979 4664
1812 1954 9032
2192 754 982
2695 1508 7389
1533 338 6924
1852 202 7077
1742 1864 2258
1213 1505 8142
344 693 8061
1273 847 881
410 2429 4719
579 1121 3017
398 1039 8418
1783 1170 4223
1759 1188 5107
719 401 234
1660 170 1832
1877 238 1860
1805 2655 2396
1367 623 9992
1502 2457 5067
1552 2307 6417
2507 2503 7020
498 1211 5183
2456 1427 671
21 1793 6638
536 2785 900
1995 2286 557
1235 2345 8529
1247 2420 1197
2568 2268 3771
580 2127 2511
741 85 1250
343 206 2144
1279 925 3133
2346 304 4299
1807 1197 4660
2163 2670 7310
711 2649 7553
1505 910 1505
1806 1442 7524
2571 2274 9940
1586 35 7579
601 1984 4691
7 1443 9446
842 1142 8954
1124 458 7992
2023 1587 6797
1403 2187 6715
1609 8 2441
2197 1574 3018
1122 2512 292
418 2642 3499
557 224 8298
514 1208 1177
762 2017 6267
2696 1745 6339
2015 1010 8843
424 970 3336
1824 498 9730
2777 123 3668
1059 2302 7789
923 2777 8712
287 591 9724
1532 565 1307
2257 668 7770
643 591 8261
1692 1285 7514
323 2205 405
2641 2486 5513
2520 248 563
1910 796 1974
1892 715 4421
2468 300 6732
1864 1354 6658
106 1290 1641
259 2698 6926
469 980 8377
515 8 998
1285 148 1232
175 1263 8792
2595 480 8791
1855 2670 4330
2545 208 8409
2331 832 583
1021 1029 2785
1298 278 6965
1204 570 5622
1633 1885 868
1823 1312 3727
582 1388 5770
1421 1333 7094
1764 1696 8719
614 1963 3046
620 1891 7362
2260 656 2645
388 1870 7703
1590 1271 4229
752 1356 7487
2258 1557 7727
1620 1698 3002
28 967 6618
1611 2281 3327
1213 396 6409
2785 527 6266
168 371 5150
2056 1714 6417
2785 77 6351
1349 425 3655
553 139 6236
612 1915 9585
1627 732 8873
1474 2140 7409
120 1956 1518
1137 594 3757
751 1168 1330
2726 199 7037
2448 940 6579
858 1353 5383
301 1014 1884
1743 1642 8908
726 1613 1595
195 2691 9188
2011 795 7605
889 274 5151
2550 2136 7189
188 1119 6281
2728 486 3978
2555 2463 6732
1718 1314 2175
2665 239 8193
2098 1564 4843
2754 1136 7930
1653 2774 9892
429 1939 359
1523 1091 3118
1572 1866 9216
2079 469 685
1304 2009 6723
1014 2761 3658
1165 1982 9272
529 458 6460
2285 2230 112
93 2465 5124
1131 451 8188
2563 259 620
1227 2377 7477
210 497 6512
2491 441 9552
2375 1706 6146
1804 519 5745
2099 750 1440
2132 1315 2393
2734 1633 5855
107 1316 9821
1919 2180 6609
2700 1962 5428
1205 1639 6377
1464 2736 1958
1995 2106 6392
2453 461 3690
337 810 2000
802 2447 7948
1292 1012 3534
2311 751 1697
1626 812 6779
2467 1229 882
1854 1702 618
1076 1238 5149
2521 1697 1289
484 1820 4881
1998 79 8309
1578 2035 6646
1769 827 7961
1949 1318 6329
1748 1344 8270
2068 883 6573
688 2762 700
685 1548 2066
1950 2594 1323
273 1621 7912
802 2149 1623
1042 309 8459
910 793 6362
2266 2042 5802
2436 137 952
2467 362 3178
1849 229 3523
1127 812 7766
489 2630 9513
2369 2761 9727
1000 2664 2986
2447 647 5949
1024 2646 4864
349 2585 1417
2074 2028 1761
884 782 7082
1298 1515 7339
1215 986 2192
558 644 994
2268 228 1707
1678 909 4010
2531 1614 7807
2766 467 5487
11 1513 48
2669 2433 4724
1883 1850 7498
1878 1946 5355
2544 1217 2012
1885 1130 3997
540 316 5922
785 1551 8832
697 2404 7396
606 2435 8189
1264 783 8438
736 1055 8737
203 391 5608
750 1409 6079
1553 1686 8830
1287 483 1230
1156 1311 7754
1890 2403 5240
1862 346 8465
1919 2214 3374
1534 1229 4186
1835 1398 7647
2263 609 5795
2203 2144 8585
1628 143 8359
2211 2195 3223
919 441 2278
233 974 2037
1665 1636 8754
1214 1619 8483
2438 2414 3054
2651 2539 7566
1864 1863 5630
1251 1913 6406
1795 1643 8959
2386 1800 5401
163 231 7525
1488 953 2343
289 1202 6003
2367 1757 5048
623 470 6607
1401 1074 3841
2082 1986 3098
2639 1912 6016
2230 1619 8974
1876 82 8583
2386 2245 1789
1922 1317 7995
340 1171 7135
546 53 6887
2342 1169 6172
1867 1620 3539
65 1420 411
1667 1893 9481
193 2258 4604
2044 313 7201
1841 1456 8919
1471 539 2155
2628 145 1098
987 177 3715
851 1666 1658
260 1063 9835
202 1339 1097
1947 1194 2635
1652 301 2575
1625 212 7844
391 1474 6412
430 1435 784
1482 1844 5707
332 685 1925
1494 793 316
706 1887 4063
589 962 8893
881 62 82
2445 837 3862
2693 1909 90
1746 634 9559
2721 2718 4841
2628 2613 6300
381 1081 2214
1576 259 4924
900 1682 3757
1646 2017 8094
473 1858 3410
1330 2768 774
1066 142 3733
836 825 6010
1652 578 876
965 2706 550
1702 854 5516
2463 1498 9172
1758 851 8244
2241 599 2805
290 996 8143
2002 2685 7994
2736 152 1745
713 2779 4482
405 2505 8272
1803 2350 4772
2445 64 887
555 2181 3912
1100 2041 3211
2655 139 8042
1604 475 9118
908 386 5154
1566 1337 2844
204 1251 1822
571 2585 48
2264 434 6573
2464 260 5435
2051 1533 5485
406 1442 4484
2280 232 1538
511 1038 5052
2026 2032 3314
2734 2234 1949
2512 2527 2628
1221 962 8474
909 27 4398
2663 1551 9154
2745 2262 3127
2304 1065 8313
32 221 6633
2318 2175 7758
998 2529 8084
898 2381 1748
646 75 1495
347 827 8104
2055 1103 3241
2029 1018 5328
2397 1239 7232
2676 1680 1602
1826 1875 6448
1253 1731 9955
2023 1509 134
2697 297 4433
2 100 4242
1079 156 5128
2075 2613 895
652 2030 2791
6 1369 8661
1206 1525 2355
2539 2160 2189
897 1986 1313
1862 1998 7260
1026 2095 2670
1043 909 9724
1869 2691 5222
2194 1952 3409
266 948 6725
2584 1241 400
2553 617 1217
655 2327 1049
471 1616 6605
520 1037 218
111 536 8009
1653 89 8701
1385 2317 3347
2601 535 448
523 2311 9248
824 2493 4027
2428 1244 5195
918 645 9298
731 1977 5199
1667 1470 174
2751 2613 1816
2052 2437 716
110 770 6136
303 1725 1222
2034 534 2355
2216 584 7088
1478 2129 3404
1445 182 7203
1321 1741 3150
2365 2570 3622
2291 873 3881
56 439 5042
2133 1805 6922
1396 2515 4139
2040 1253 1879
2473 2135 816
313 1028 6640
2489 929 3397
1923 1963 5168
2019 1174 6103
774 670 3697
1648 325 7830
1559 2075 6258
2510 2651 9576
1474 1862 8008
881 449 152
395 2602 9723
1381 2424 2940
2228 1812 133
345 5 5307
909 147 5902
1740 1202 4493
1359 2569 5263
322 1120 9891
192 1912 8298
657 1894 212
381 2503 4522
348 2399 8196
1297 149 8204
2721 368 6090
314 2648 667
168 1533 9814
2113 38 6105
1661 199 6491
198 1364 8861
2681 2271 4374
260 2062 3394
2478 1310 3781
2439 1876 3400
2773 2681 8944
403 1672 8875
753 2185 3882
1309 855 8841
2471 234 9611
1733 2326 9875
1762 657 7065
1442 2467 5165
1025 1952 5881
27 1308 784
83 2613 3634
366 2527 692
1593 511 6293
1388 1689 8930
1666 1860 8246
1478 994 2397
326 700 3122
1200 658 7090
686 1720 1141
1292 1377 8486
2084 1977 1993
1385 771 3660
1233 1621 5543
815 1628 2345
1921 387 1502
2157 10 7020
2706 1588 9250
2469 1593 5121
2092 2257 3782
1498 830 4132
2081 1355 4159
1832 1068 1410
2391 2680 8861
1363 2536 6591
2188 2448 8558
441 1082 7533
1712 1979 9097
2772 898 2148
1661 1953 2831
167 1165 487
2010 909 1150
2664 2244 7292
1087 2695 9867
1731 2168 3481
1421 2151 2447
1664 2566 665
1692 616 8293
2053 1663 2500
1590 2136 4760
1468 274 6925
2025 186 4815
765 1616 2225
2496 1515 3039
1792 271 5261
2714 1238 2806
921 1936 6576
210 1850 433
2072 1844 3717
1456 135 3291
612 213 5562
397 1258 4178
93 1403 4845
215 1547 2392
995 208 5696
516 2284 9538
146 2797 9611
1408 184 6105
848 999 1715
1657 320 1262
1216 1179 6873
494 1205 2079
2183 110 2156
2665 2462 3585
1947 2343 9875
196 2489 1562
1208 935 2684
1303 1697 7977
393 171 8718
1858 1683 448
1982 772 6497
1341 2072 1445
1982 471 2391
576 884 4871
486 1169 6202
1371 2290 8871
1227 2571 6634
1656 1289 4081
155 2558 9437
2225 2356 6794
2450 262 5025
2244 2595 6130
2180 2357 108
235 5 1373
1299 297 7166
2702 1477 9438
2259 1553 4340
2590 456 9661
62 2613 372
2727 1086 3294
637 2587 798
99 525 5930
2740 1523 8499
2107 189 6930
1788 942 9635
275 1500 1933
798 1780 3305
1902 1743 3626
2797 961 4935
2507 2014 2863
1231 79 1863
2506 2773 4409
1543 1792 5903
1032 2743 3762
2678 1639 770
1805 1975 551
564 924 7464
979 608 4765
1431 1305 8528
73 96 8676
2229 2215 75
1467 1237 4329
1337 224 599
424 478 3661
1802 1268 7776
2788 2073 1136
476 1498 5825
2568 89 7106
1223 1551 2045
949 1632 4384
327 2503 5666
86 2744 7314
1154 1873 1553
489 893 9265
2312 334 9196
1559 2472 3838
1901 2305 1416
267 2618 7283
1581 788 2721
369 1064 6594
219 1570 4985
2403 1863 3160
1315 2663 2036
1213 379 9075
1384 2081 5889
2705 1659 4116
1152 408 2567
1092 2641 5075
1325 1946 109
1583 2780 1284
197 2380 6077
1794 1603 9881
2103 480 8463
1533 1272 4084
1397 2615 7475
1420 453 7324
1253 1166 2371
2044 2486 9670
1094 1469 3276
127 216 7665
196 1106 1237
2472 1117 6084
615 656 9399
2050 1063 4008
749 1595 681
1097 1282 3438
1041 2527 1104
1850 2640 8210
1264 95 2682
928 2373 8700
2334 2409 7924
2318 1816 7580
1246 2785 4090
1419 1924 4870
189 2164 127
2052 259 8934
1696 1428 1124
96 588 3844
2575 1731 4282
1074 775 7909
804 2636 7658
1669 2153 4498
407 837 7328
2040 1005 7321
694 920 2276
19 2580 3526
2094 2164 2741
232 1347 9101
1973 1227 5044
1190 454 4596
594 152 3040
32 617 5775
2501 1638 8937
1976 2557 405
1950 992 1308
871 1110 8411
2591 1934 1878
2764 1954 7622
1998 1155 2494
964 862 1309
110 2089 4107
2442 1927 7184
1795 1892 561
2403 1382 1851
2152 198 3795
1737 2341 9329
624 2200 560
2273 801 1335
2027 1838 7905
624 1284 4483
79 1086 8086
1744 2059 4338
626 842 5806
1617 1458 5965
2211 2203 8329
1254 2538 5594
1724 846 4238
2689 340 5182
1686 1087 2944
426 2251 564
2642 950 3147
2311 360 9767
165 1296 7663
365 2743 7414
1821 92 5912
2175 1133 9956
951 2718 5634
646 1208 8092
916 2637 1414
300 406 6983
1989 1465 6725
15 2030 4634
1167 1185 5904
2036 2231 5345
247 1561 2016
590 2178 2012
1919 1060 6343
2197 60 7293
1746 136 8970
2489 2078 1554
1636 7 8959
1019 1624 8801
795 843 6137
1009 1715 3633
514 1947 4217
969 2089 5248
963 810 5722
2793 606 3674
458 2493 2002
1957 517 6788
1953 433 4771
1507 2550 4091
2453 1903 8786
1655 748 8214
1231 680 5822
84 251 3174
2116 845 114
635 2114 6460
1852 597 2085
928 1927 2998
1619 2226 7741
613 2728 5384
1153 1907 1643
2037 997 2279
1219 2688 5586
2747 702 9799
314 665 7258
699 1326 1560
1978 2050 7204
46 1037 8309
1913 413 3667
2496 1892 5574
856 2013 764
840 2531 5486
1366 2560 254
2723 1074 9504
1116 162 8810
1384 740 947
57 363 2929
2152 2650 7204
1326 2231 7564
1224 1898 5716
372 2254 4520
969 1515 8680
1544 1847 5094
1805 305 4372
823 1616 4860
1745 1425 8200
47 1735 6829
1651 1571 5311
276 2316 3150
2105 2172 2729
605 106 9962
261 1092 7284
2175 438 8905
176 1587 8815
662 111 7315
88 2436 9095
1215 2400 5324
542 629 9718
1851 2289 4457
2144 1638 2140
1142 1270 5086
474 2399 3788
956 695 614
1227 2354 1180
2301 1012 7196
1981 668 5009
718 2228 2831
2755 697 1178
2750 2668 3548
1800 1168 5294
580 1254 1442
295 2736 9178
1160 2360 1042
845 959 251
1005 1007 8152
2698 2646 830
671 988 2500
2158 2187 4170
368 931 4732
2219 1984 725
2258 1543 7536
755 1414 1846
1807 1456 1853
34 2255 3003
1539 1618 8261
2324 2211 8869
1718 2107 1947
266 654 6720
323 269 4403
2314 1375 1571
1833 614 8114
1124 131 4614
722 672 9527
1452 2228 6695
296 1036 2472
58 2694 9829
2021 984 751
818 4 9985
516 2762 9379
2582 1651 4555
1309 1368 7181
718 1857 80
487 2348 546
168 1194 3449
1026 236 8877
2476 2006 6224
53 889 172
783 2427 8240
2711 1513 6472
1404 1533 4125
526 1777 1050
2505 337 9873
1674 1168 1538
333 43 7669
1060 277 9626
615 2752 719
2669 981 7259
1343 1401 8933
318 2453 9421
1290 57 4205
1838 2040 9744
1701 405 3067
2583 256 5296
2696 1182 6781
924 1950 5935
2086 779 3932
1204 2636 5555
2707 157 811
401 623 1097
1594 2660 3465
2183 2037 2007
1816 2676 3908
1060 1987 2724
748 515 4320
175 1935 1039
650 2149 2133
1820 2197 338
1955 2057 5288
2625 1952 9186
2622 505 8348
1727 282 8232
269 2618 2556
616 2795 1552
286 2422 1439
973 1718 7659
2434 487 3459
234 692 74
2330 2582 9118
255 1109 1620
492 188 959
840 2061 4372
467 1830 6932
67 1167 7034
2069 770 6515
1755 2633 9236
86 2206 2717
2716 1503 5714
1337 682 9834
2570 1364 7435
2154 829 7001
988 319 7383
2243 719 6428
17 15 6586
2396 63 3657
88 864 2607
454 2542 1654
587 2313 2107
2048 1255 8003
1529 1186 9441
891 586 9336
2327 824 8596
1724 1523 7747
1675 1411 8017
1974 1141 1007
1567 652 1541
1519 1337 3151
2789 983 1748
307 1373 769
1258 13 5947
1824 2190 8512
766 1807 8074
2488 1898 20
1571 2231 494
1900 1996 5634
1715 1572 906
1173 797 3530
271 751 261
1231 615 1036
2623 811 4152
1124 623 7423
300 814 9098
2055 696 6993
654 837 602
2044 2570 5602
113 327 1437
2412 629 8970
1780 1270 9931
1615 461 5430
2305 2421 9900
550 358 6811
1407 2227 41
1089 2330 6808
1094 2195 3618
539 256 9132
1821 1767 4005
2299 1264 4900
1815 2547 6387
307 1709 93
1847 615 1052
2413 2345 6042
1803 1488 2517
1408 1544 8033
1391 970 2933
2202 1733 8057
2464 1723 3546
861 2126 6029
1610 475 1152
1085 2315 8736
103 1653 7255
2104 2415 3188
822 252 8876
1921 1420 4702
1668 1435 5375
332 2577 4272
776 1884 6010
835 1070 5002
1782 1308 6132
402 1941 6803
79 885 8091
205 91 2411
1786 2755 7767
901 1761 7383
1284 2665 7535
2709 1470 4674
829 383 3821
503 1381 7112
1452 976 2138
1091 326 3743
2491 1577 5222
1335 1813 1140
2053 2366 4692
848 1556 8750
1257 2322 9494
1677 657 5143
1404 2319 7877
514 2234 9889
365 2372 2371
2703 2273 2052
2448 1437 5356
2507 903 7804
1277 2391 1015
2478 1036 7734
1312 2609 7431
2414 918 9562
1777 2459 5233
688 2402 6864
187 2426 6644
1638 426 9458
1279 1751 4471
2615 970 7373
443 286 7256
746 1891 4016
2385 1578 6234
1625 2604 880
299 530 1810
197 950 9308
1752 2285 4463
2574 720 2214
262 2574 9490
2439 536 5411
11 1056 1406
523 515 879
2674 1379 7278
1433 1601 6351
1871 2486 4677
50 803 2845
1085 1827 237
267 1440 6484
842 672 9729
235 397 1637
238 2030 9100
77 496 2438
99 681 6658
2271 523 1556
192 1754 4242
1982 1715 100
1358 661 4815
654 309 4109
631 1136 2232
2238 2688 7004
2515 2307 7164
1970 1580 6226
2771 1890 129
918 1084 5582
397 1080 1582
2695 1279 9415
1011 1175 5576
171 880 8447
290 233 8419
2119 179 2729
2769 1532 4761
2439 1361 6587
881 1056 5659
1300 1559 2208
1818 2652 9231
400 963 6486
162 370 1149
2056 166 1271
510 2187 4837
977 1267 1847
386 1022 7585
2245 553 498
25 1938 8542
588 2001 6728
2473 2177 6214
424 853 614
1406 1708 7923
2585 117 1787
1505 1273 6352
844 2022 8083
2237 1117 1376
789 150 354
875 1809 9570
827 792 8143
1697 417 7373
844 2542 8881
121 1414 685
1092 1093 9652
2568 2419 834
2504 1466 749
744 925 5687
2669 1890 8975
795 165 3333
832 533 8549
159 8 9643
699 1526 8634
1284 2577 710
1499 1999 9491
626 1503 9589
266 2532 8945
894 2519 6992
2577 2322 3034
2292 687 7807
406 128 1036
2755 166 3027
284 1585 5265
2672 567 4080
347 1140 5943
2263 2585 746
1317 29 331
2786 2101 8750
2672 1982 1395
2362 2596 5264
657 78 5669
427 40 5503
309 1536 5696
1735 139 9319
1683 113 6853
2191 2590 284
1422 2039 8174
2485 2227 899
416 3 2885
2450 1651 5678
1872 2456 5852
2530 376 188
1833 2430 5151
2006 2441 2571
2684 2287 5869
1199 1878 8252
1008 1257 194
2525 1043 8722
394 1142 4868
967 2311 7964
207 2160 6969
1514 269 704
1506 1322 9800
731 1750 4003
746 939 3727
1944 734 9515
1105 1676 9068
2058 1669 3390
570 1677 2686
876 970 3162
1116 2263 5925
1532 1178 5145
320 1043 1343
1106 2095 7564
869 256 3845
2174 1109 9895
2022 1373 6295
1218 798 6818
1143 2713 8913
640 2007 4737
2471 1465 9037
1023 1311 7584
2559 1144 7535
1452 541 4547
2010 490 6928
281 743 3856
532 1402 9714
1954 2134 8267
2768 1018 9306
1195 999 4527
1797 2663 140
2389 2683 8014
1106 91 5844
666 2727 6933
1688 1410 3352
1343 2254 8248
2764 2760 5657
1545 114 1267
2591 1655 3004
52 1557 6376
1846 1963 6474
2503 1541 5932
549 2029 2534
1674 687 175
201 2035 4438
1915 560 9725
503 1860 1273
1144 2497 5136
1698 1164 8314
1120 1419 9773
429 972 4979
253 218 3742
1246 1060 3638
2770 1561 5975
1913 322 1791
376 1504 5143
2688 221 7942
491 42 4899
61 924 2332
2038 2631 5301
2553 2483 6373
1908 2035 1334
2376 1157 1036
1776 368 2260
2108 2563 7611
2136 2710 9577
259 2206 4610
1715 1547 5813
669 1732 9581
1057 1605 5000
608 304 4215
865 1074 3795
27 1866 8542
2390 2514 6182
1406 659 190
2516 1225 9340
441 2242 222
22 11 3576
657 2201 6512
603 2095 2330
485 198 1973
1594 2043 5028
2585 1711 1995
760 360 153
782 1959 430
2318 504 8149
1128 1623 3491
1929 2795 9401
940 2660 6543
490 2378 4148
567 1790 9274
1438 1358 8720
2405 1370 6948
1754 2593 5787
2572 2497 3838
2061 2638 2042
219 287 1268
203 713 6404
1905 862 4912
1970 939 9316
703 1544 1961
1567 1530 9767
2353 328 2001
805 169 9618
1136 1997 8528
250 2130 9608
1776 1675 6586
1715 2279 9647
2794 2714 3534
26 122 8871
1037 55 4597
1766 491 7167
2439 30 3698
104 1212 6269
1000 307 2471
2759 993 7279
507 2008 3187
261 1669 7476
2432 417 8180
1835 1008 3628
633 1531 2219
1653 170 2593
995 713 3816
329 2423 6192
284 441 9702
1727 1976 9819
1097 1390 7114
2292 57 2634
2358 1081 9222
1950 1248 4328
1826 1477 2331
2118 2671 2689
1970 2627 6782
538 1805 2826
1862 308 4305
1115 1479 257
1277 1044 8406
583 2130 6359
1900 2759 4473
1113 1246 6795
2735 419 7796
1347 817 7611
1783 1129 9716
2495 440 8441
1894 1310 6725
2700 1160 227
1399 2611 3663
2641 981 547
1597 1019 629
1635 830 7098
2027 1946 4757
948 117 9447
2059 1915 8318
2061 369 5699
2089 590 8149
1451 1002 1946
2592 2731 244
2264 1538 2483
237 287 1537
1690 2632 4141
1864 200 739
762 207 5117
1161 1248 757
2599 1400 8660
1729 2080 8959
729 1987 7384
1460 1004 8950
1581 1351 7318
1609 2174 4742
1739 1559 4348
1306 2767 1891
176 347 7887
892 1790 1867
1915 82 8931
922 458 2322
2616 987 4573
622 2315 2201
2414 269 5320
1389 298 9081
1562 294 4705
948 2213 592
256 1005 1442
1977 1800 8057
998 480 1536
65 2107 5548
2458 1155 4545
2635 426 2142
2119 1560 5575
1235 173 5674
1892 913 9314
2691 708 2290
2024 2726 8497
954 2681 1271
1956 1176 2558
1114 551 2447
1555 1172 104
362 360 5282
2642 835 5693
1468 1956 4046
1726 2796 8752
2554 2621 8664
213 426 9650
1958 1918 5477
1859 2164 5291
359 1362 6486
1683 2135 260
956 2067 4164
2787 1899 9011
1632 364 6149
1302 2452 2878
273 1617 9967
2571 554 1888
2300 2516 1360
358 769 3336
508 1631 7552
295 2438 4167
1717 1220 4525
705 463 3714
2772 335 1959
987 2717 4165
1109 2486 2451
2568 1886 5699
1267 1217 6144
2224 1465 5788
1620 1772 8463
1501 1175 9075
849 446 2546
1087 2152 1724
2514 1908 6666
57 37 5058
1998 604 7038
1499 100 5010
367 1578 9616
816 1965 2458
194 1573 9020
217 2488 3899
1574 290 8532
1151 177 9849
486 640 203
855 1574 1328
1263 392 2344
1905 1858 6684
1873 1062 9655
849 2347 5673
105 1218 4712
1989 1317 3726
1837 1968 8446
856 2025 7038
1420 2479 8276
789 935 2106
2185 316 7515
24 1772 4002
140 1184 4251
1448 1099 4435
93 2612 6217
1683 2766 4917
1084 2020 223
110 1349 9712
1450 1900 3763
518 151 3324
1923 130 309
527 2194 6852
652 498 2756
2056 1736 6107
1393 1296 5747
1718 932 9535
74 1531 8755
2375 1891 3750
2586 15 3224
548 1155 6177
636 15 4107
517 2456 901
404 93 2690
794 803 2028
582 1570 1208
538 266 193
974 150 5588
1436 378 5429
947 1471 6629
1480 1471 1098
1253 647 4568
1997 2476 7463
807 256 9121
1306 255 9140
2162 1404 1192
2348 746 2343
2217 2559 4717
1346 1914 3409
220 2682 4916
2100 2392 1743
1477 878 4518
1437 2381 4699
991 2231 6857
113 1775 9790
1082 2681 5376
736 81 4674
2335 2239 6411
1303 1029 9779
312 106 4461
1953 1532 2317
1121 2633 5608
181 2531 3418
176 1778 5141
994 2246 1537
2380 1420 6696
853 2787 9319
1812 528 7185
2707 2309 9963
1631 2220 81
1703 2589 3436
186 418 1773
2482 642 3238
745 1442 2468
2492 2590 7583
717 1075 9944
2670 1721 2873
444 1837 2199
1517 2404 4164
1685 1416 3305
1395 1838 165
712 726 7435
1883 301 6865
2005 1978 4552
735 1613 6158
2655 1330 9723
641 1449 3647
2143 1927 6564
2080 1666 3401
1146 1766 2197
216 677 4963
1097 1020 4628
2160 1500 3173
2237 2432 9497
2518 1268 9389
1669 1415 9330
429 170 1785
1069 1201 5712
1163 2535 5418
1328 223 4587
2053 2190 1401
2562 1478 7548
1843 1222 6313
1490 688 7573
652 1698 9871
2349 522 4389
1972 206 9900
1650 370 5264
1449 2135 2218
2108 2724 6720
2307 894 2910
2105 1941 4259
1822 1797 1525
477 1647 306
1469 85 8649
2222 940 5183
1689 1738 9821
1148 1640 2587
2670 2248 8105
1967 1781 773
2553 1948 4850
1037 2336 899
1165 714 2010
1353 2585 8354
1176 2366 4822
2666 95 216
1874 2707 7977
1710 2027 1449
1636 589 9344
1309 2479 8034
684 2597 2163
1571 1351 9998
917 1876 9586
2734 1509 5407
1156 2777 4157
1293 2641 691
2525 2326 8801
346 36 8498
585 2188 5327
2130 36 2342
2512 1891 993
2337 2529 8513
453 2125 1079
906 2707 6479
176 337 5982
434 1579 9824
1758 577 2844
926 1754 4795
2566 836 915
2103 2238 6371
1948 1843 2799
1372 2788 6073
1094 2730 2518
2613 1989 5201
2226 1607 1260
893 73 988
802 2769 7202
21 1565 9201
201 2646 4747
2242 1888 8310
879 2800 1378
133 1055 7118
1982 912 2686
1185 1949 7099
454 1458 158
1358 854 5712
1730 1326 4537
1048 1206 75
1847 819 685
2438 351 7301
820 2668 134
2726 770 9953
2211 1188 8894
859 1931 4304
398 2324 3366
854 1113 2255
1477 721 7935
1379 1832 2915
2276 472 1118
1854 1293 3275
1839 2698 7809
2783 1011 5992
2754 988 9672
2733 2161 7978
2414 89 1038
1954 1151 7530
1620 848 1130
1325 193 9838
1784 747 2831
440 717 76
1699 473 7618
2248 455 9209
1085 2426 6827
1000 1087 9226
1966 905 9953
2004 2045 2058
1379 2242 8381
1640 2446 5023
1628 84 1475
2258 45 7083
2072 241 6040
1103 1783 1938
214 2444 7210
2247 943 9491
1932 1762 6324
1235 57 1248
871 552 9899
1931 370 79
2540 952 6866
1196 2016 4921
1962 1169 86
2674 2069 7032
45 1959 6610
1121 2272 5388
1741 330 6277
288 2089 3379
2227 2745 8320
322 2485 937
2785 72 5954
2070 2613 5962
2545 1980 7625
2300 1328 2000
773 2574 5931
2349 2309 7197
1912 1717 8465
1078 2287 9689
1349 2371 8475
395 1615 1571
1532 1239 3583
2321 277 7418
834 2317 8566
1704 2522 2054
453 584 4725
2079 1654 4757
2789 2690 8465
2716 1043 4448
1303 2698 8366
2174 2552 9529
1093 538 7141
696 1088 2849
1344 976 4064
2312 2070 9677
2129 1051 2149
311 1311 2553
1546 2595 5672
585 265 4487
2061 1589 1622
2496 985 9971
1876 2757 4372
2670 2500 1638
1730 2771 2504
849 2689 8267
1678 1676 669
2562 15 3645
223 755 1465
695 2512 7476
2054 2325 2929
119 1808 8943
1456 59 9545
256 2406 5659
993 77 9208
982 2484 9460
655 1089 8654
437 1724 8192
2685 2281 6534
1975 883 4611
423 168 3873
2229 2187 6019
2655 416 8852
1458 1182 4464
1580 1421 1748
378 1084 6324
864 2022 8653
859 1813 3103
574 141 7673
986 1152 3153
1649 1087 781
2024 705 4381
101 2152 6000
783 2381 3748
101 752 5528
95 2744 5836
1746 1505 2226
2015 211 4132
2551 2322 4045
1991 1971 6999
1641 1730 7817
423 244 1671
1287 2436 8132
358 2571 3916
408 182 8089
2483 1832 2351
331 1959 7746
2652 1492 3855
1065 67 6692
2371 490 4459
1360 2656 2041
91 1005 840
986 2775 7403
2735 161 3986
2069 639 3922
2061 54 3897
617 326 8200
2114 253 2616
1264 2417 2335
2500 1350 783
1981 171 4618
1823 2016 7494
838 1514 3028
84 2651 3485
258 867 7272
940 334 6631
1760 1302 7614
2022 2139 4026
1149 306 8527
1051 1419 839
503 2476 8797
1353 1537 8442
2788 407 7515
333 2035 8602
2073 1948 5242
228 1599 3585
243 314 6317
214 416 1896
1264 739 1651
86 2613 8633
1815 1001 4489
1655 2800 9845
285 19 2498
2133 718 5168
868 2634 3121
1037 778 5142
1405 812 2256
1525 2521 9609
794 602 9789
2267 1569 487
946 1001 2347
874 1884 6273
2732 545 8843
2106 1847 4888
2774 450 78
1374 2562 7496
1785 1984 4726
532 807 368
613 2724 234
109 976 5440
797 511 4386
2621 1949 7194
801 1106 5107
1828 2331 2062
2413 418 5354
572 2125 3264
553 2663 7078
2734 1753 479
483 1778 5175
1027 474 9537
1838 631 4489
1237 2617 6511
1330 2000 8072
401 1368 3180
352 616 2000
540 116 6197
935 2682 9445
1211 2577 2435
72 513 4930
2220 74 9692
316 1409 4264
2559 982 1558
1751 291 8147
1188 2204 4057
1858 2696 3815
1812 1241 215
345 445 4915
2280 1595 8670
1651 1602 2199
2664 334 1090
2416 140 2825
1974 474 4559
2552 2099 71
1674 1832 678
911 2007 3435
1684 50 9138
2344 1755 396
365 1956 5933
1246 2525 684
357 1316 5802
2095 1794 9119
862 547 3480
2034 944 2926
2772 610 8982
1288 1245 6718
1212 436 1828
152 249 6058
2610 886 767
1325 1530 847
905 1430 5905
2682 2185 4389
2164 1021 4205
2103 1143 1395
483 2222 3691
2678 535 4051
2575 1901 8990
1956 1278 6204
1054 1673 2268
1 1432 1967 1076 661
0 123
0 530
0 521
0 522
0 214
1 1938 1121 1125 69
0 127
1 1555 1156 1583 540
1 2549 2213 6420 221
1 865 1850 8335 268
1 1574 3 6046 714
0 264
0 424
0 623
0 273
1 2581 1891 1963 272
1 1197 665 6091 688
0 596
1 1015 501 3904 604
0 672
1 2636 329 1034 374
0 253
1 2139 1281 171 412
0 584
1 1335 1481 2777 402
0 586
1 2543 2457 5946 369
0 111
1 2351 1097 2186 403
1 654 188 2853 359
0 605
0 341
1 1181 2099 4857 627
1 1945 2739 6552 354
0 702
0 691
1 2463 2617 1408 557
0 363
1 1298 1417 3637 43
0 528
1 2423 262 595 260
0 144
0 97
0 148
0 679
0 677
0 485
1 1852 2089 3836 531
0 193
0 470
1 51 1867 1209 626
0 666
0 52
1 1357 1798 2635 25
0 717
0 172
0 290
1 586 1272 622 80
1 644 2767 5178 82
0 321
0 574
0 118
0 588
1 2749 438 5652 308
0 592
0 130
1 1779 1284 7263 228
0 513
1 67 2195 1710 721
0 696
0 451
1 1353 545 4943 205
0 543
0 4
1 1847 1315 2475 722
0 651
1 332 333 1614 401
1 2799 590 4615 126
0 86
0 281
0 7
0 603
1 2106 915 7250 494
1 1740 2788 2469 107
0 598
0 137
0 498
1 2325 116 5540 45
1 821 1588 7525 602
0 617
1 2250 51 4659 716
1 841 1981 9773 186
0 707
0 229
0 103
0 682
0 255
0 146
1 182 2593 7355 563
0 444
1 2739 551 6246 234
0 375
1 908 575 540 44
1 2470 700 1432 559
0 246
0 456
0 265
0 503
1 662 1031 8146 647
0 572
1 2762 1600 3200 687
0 372
1 7 2775 5708 176
0 94
1 816 501 5195 520
1 145 1068 9040 207
0 654
0 200
0 418
0 12
1 2399 1682 2959 140
0 311
1 1754 916 8059 149
1 1709 147 1924 659
0 389
1 493 846 9375 455
0 614
0 524
1 870 2227 1998 538
0 534
0 68
1 1746 2533 3521 535
1 1164 1628 340 26
1 1068 1378 3314 192
0 166
0 469
0 726
0 405
0 275
0 576
0 219
0 302
1 2302 1420 6259 17
1 2159 638 7076 174
0 317
0 683
1 186 2477 6029 365
0 426
0 125
1 2357 217 9552 551
0 119
0 33
0 122
0 230
0 362
0 704
0 343
1 1718 145 7378 478
0 664
0 358
0 254
0 208
0 245
0 404
0 571
0 283
0 650
0 196
0 663
0 464
0 560
1 1912 2095 47 233
1 1416 471 9966 164
0 101
0 55
0 330
0 577
1 5 412 2073 99
0 10
0 332
1 2081 2039 5957 581
0 616
0 189
0 517
1 322 1485 3148 300
1 838 2719 4411 295
1 2727 640 7948 74
1 2215 449 5202 468
0 566
1 1255 982 1642 340
0 481
1 55 1009 5479 437
0 371
0 508
0 136
1 1966 1540 4842 91
1 1212 346 2291 420
0 433
0 191
0 271
1 1182 955 3433 547
0 225
1 1932 647 5175 241
0 443
0 244
0 158
1 1606 2733 8298 387
0 355
0 128
0 396
1 2303 1182 8418 383
0 390
0 247
0 318
0 39
0 19
0 600
1 2482 1395 1528 554
0 615
0 209
0 163
0 199
0 328
1 1188 2288 7865 316
1 1509 2224 5739 579
1 1632 1255 2133 473
0 652
1 2768 252 4684 124
0 610
0 64
0 61
1 406 2309 8400 104
1 2795 117 9763 287
1 360 2069 9843 309
0 686
0 356
0 289
0 267
0 236
1 2148 636 822 167
0 141
1 476 1175 710 690
1 551 2295 9469 529
0 88
0 226
0 436
0 185
1 1960 1220 722 11
0 38
1 2269 468 3799 227
0 678
0 301
0 613
1 105 1638 6798 147
0 30
0 640
1 1218 1989 6365 216
0 490
0 334
1 1206 2009 8846 231
0 232
1 2647 2306 3730 675
0 549
0 589
1 1596 1561 295 76
1 679 1649 4396 135
0 515
1 403 1303 8803 532
0 120
1 947 2320 260 471
1 1529 1190 7816 668
1 627 1160 1587 16
0 344
0 507
1 1527 2434 1176 632
0 89
0 633
0 22
1 1281 112 1918 206
1 137 866 3638 416
1 2385 2586 4942 307
0 697
0 431
0 428
1 1982 1434 9644 561
0 75
0 145
1 240 1893 1023 472
0 143
0 286
1 1550 948 2788 483
0 380
0 27
0 519
0 211
0 429
0 15
0 41
0 79
0 288
0 83
0 239
0 217
1 50 941 7683 349
0 415
0 692
0 320
0 108
1 467 547 5804 465
0 694
1 2772 1482 7499 190
0 385
1 1858 1764 6458 662
0 491
0 434
0 608
0 388
0 303
0 680
1 1703 293 7999 114
0 723
0 705
1 1631 384 688 5
1 467 1718 4161 46
0 506
1 1882 255 7963 240
0 278
0 681
0 621
0 448
0 482
0 630
0 173
0 487
1 2652 2553 6566 502
1 1461 1301 1001 331
1 1891 1938 4723 689
1 1459 470 7697 202
1 670 1499 1532 695
1 2502 1431 6186 204
0 665
1 2192 1331 8476 305
0 599
0 457
0 29
1 2568 116 8621 643
0 590
0 194
0 432
1 432 1974 3892 656
0 720
0 327
0 102
0 703
0 461
1 1514 1074 3910 256
0 21
1 2618 2376 146 335
0 488
1 1730 2685 413 708
0 452
0 212
0 342
0 152
1 371 1561 9548 575
0 170
0 655
0 719
0 634
0 501
0 497
0 631
1 338 185 2741 476
1 1968 2303 4508 609
0 346
1 845 923 1268 188
1 2128 1426 4608 223
0 660
0 459
0 486
1 949 1130 952 183
0 347
1 1733 2293 9453 526
1 133 1973 7373 441
0 113
1 1973 879 3315 398
0 514
0 391
0 129
1 752 552 4442 259
0 636
0 203
0 150
1 2761 2662 3672 324
1 1874 2564 834 178
1 133 2249 624 628
1 770 984 8617 37
0 51
0 270
0 319
0 394
1 375 673 7648 71
1 1095 2113 7177 676
0 427
0 299
1 2379 829 8253 339
0 2
0 345
0 637
0 463
0 258
1 1552 1548 8018 67
1 1708 73 2971 351
0 641
0 53
0 422
0 393
1 1953 557 1275 496
0 379
1 2646 337 3280 546
1 2741 2524 7743 364
0 322
0 249
1 2383 1292 3434 181
0 198
1 2266 589 2124 724
1 1604 265 6930 325
0 169
1 854 1417 458 138
0 646
0 156
0 509
1 736 1081 7281 329
0 350
0 171
0 399
0 157
0 162
1 1064 607 9202 243
1 1129 542 1483 257
1 2294 2156 5993 622
0 105
1 2483 2011 9376 454
0 274
1 1221 2674 215 222
0 220
0 712
0 56
1 1241 242 6771 553
0 326
0 406
0 277
0 304
0 384
0 569
0 370
0 382
0 438
0 673
0 552
0 139
1 790 2126 6208 718
1 842 985 3593 467
1 2147 47 3203 284
1 424 871 4875 593
1 1084 431 390 479
1 1184 166 4951 292
0 556
0 587
1 457 2303 2953 182
0 639
0 116
0 333
0 409
1 1929 2270 721 323
1 2797 2551 7320 392
0 293
1 1168 599 1470 276
1 164 808 2715 298
0 477
0 510
0 458
0 313
1 2292 70 7307 109
0 8
0 442
0 450
0 210
1 923 2799 8063 568
1 1875 2110 4771 248
0 449
0 624
0 47
0 693
0 591
0 523
0 252
1 2694 495 164 620
1 847 1047 1832 78
0 400
0 261
0 544
0 201
1 2235 1583 7375 410
1 1269 1050 321 474
0 376
0 462
0 177
0 565
0 1
0 419
0 378
0 525
1 331 1170 7710 649
1 1232 2061 1572 155
0 159
0 480
0 518
1 1238 2494 5640 397
1 1861 51 3810 54
1 2786 1472 5691 90
0 49
1 1697 2048 7268 493
0 439
1 1611 1764 5082 357
1 50 790 7675 175
0 360
0 618
0 59
1 123 1526 6236 40
0 701
1 630 287 7990 446
0 306
0 670
1 951 2323 8015 657
1 430 1070 2288 698
0 348
0 706
0 425
1 371 431 8437 653
1 610 1602 3924 667
0 179
0 685
0 62
0 484
1 1781 2545 6352 533
0 606
0 291
1 2582 1957 5431 417
1 57 1671 2818 573
1 2585 2493 1993 72
0 352
0 73
0 34
0 235
1 827 2364 6291 411
0 160
0 87
0 709
0 184
0 367
0 447
0 110
0 42
1 693 608 9683 684
1 1364 2190 7057 95
0 57
0 430
0 644
0 500
1 1043 2738 2012 512
0 711
0 133
0 413
0 353
0 310
0 165
0 583
0 536
0 407
0 545
1 205 663 7015 674
1 670 1341 5780 100
0 161
0 168
1 524 1946 9384 578
0 642
0 20
0 645
0 224
0 555
0 66
0 262
0 112
0 296
0 423
1 2322 2018 8364 115
0 368
0 495
0 336
1 1746 1682 2754 504
1 1824 1992 8673 725
0 612
0 151
0 84
1 43 2138 3887 6
0 638
0 492
0 132
0 594
0 237
1 1000 215 5760 669
0 315
0 580
1 2550 1887 9077 77
1 1264 2617 7815 582
1 1189 2368 9108 154
0 263
0 570
0 699
1 729 70 7333 337
0 700
1 2649 1893 9475 408
0 131
0 395
0 70
0 266
0 466
1 632 2431 9716 48
1 912 176 7567 550
0 619
1 1242 2310 980 81
1 1091 2348 3814 361
0 213
1 1695 1397 4564 279
0 134
0 282
0 180
0 445
0 635
0 28
0 250
0 629
0 658
0 671
1 1115 1177 5960 597
0 611
1 2524 2198 6424 460
0 18
0 9
0 3
0 625
0 414
1 777 749 515 92
0 117
0 98
0 58
1 2614 2531 8758 121
0 713
0 153
0 505
0 285
1 1242 359 2732 297
0 607
1 2587 1680 983 36
1 2260 1170 7052 50
1 1585 994 3827 32
0 24
1 505 1874 8127 187
1 167 920 2627 386
1 2722 1469 6304 218
1 1190 1095 2608 195
0 314
0 541
1 1229 382 8492 585
0 564
0 242
0 542
0 197
0 381
0 60
0 562
1 2644 328 7441 648
0 251
0 567
0 421
1 268 549 2736 63
0 93
1 2754 1823 9239 377
1 2518 2564 398 13
0 215
1 232 2157 5938 373
1 2517 2118 3324 65
0 440
0 548
0 23
0 516
0 715
0 106
1 2369 939 2495 558
0 475
0 366
0 601
0 710
1 2495 1149 151 595
1 2172 1350 3685 511
0 435
0 527
0 85
1 370 263 4299 489
0 14
1 605 350 7901 312
0 31
0 537
0 338
1 1655 2419 9834 499
0 294
0 238
1 2390 1548 474 280
0 453
0 35
0 96
0 539
1 1748 1674 2506 142
0 269
