6000 6000 508
905 2609 1520
2629 3382 8978
368 2357 4457
2534 4440 1730
3836 5585 3043
3493 2566 4270
3808 2265 5357
3468 4577 8523
5909 5571 9008
2939 1590 1380
5107 3048 2426
26 1728 2003
2426 5879 9278
2335 2458 3488
2514 1144 6965
3880 5264 8860
1097 2223 7559
5790 3937 4905
738 5199 1275
1388 173 220
608 1248 8305
3915 2226 3602
5248 4949 6945
915 3626 7157
4059 1574 2863
370 5199 8929
5113 2363 2662
3885 5992 6148
2804 5420 5720
3718 3032 3601
2912 2408 1134
3663 3038 7156
3388 3189 6519
46 5965 8918
1072 5111 1583
1539 4759 4964
753 3944 5528
5691 4848 107
3253 1022 261
1349 2288 1753
1592 342 5780
1599 5819 5153
2884 1950 1458
1778 2948 5718
3552 1290 9141
3519 4616 6117
2338 82 6246
2780 5787 3903
969 4485 9837
4240 4326 4246
454 5630 7539
4891 1706 5001
1657 3407 1955
3654 2460 993
1326 5619 8156
1875 1158 6217
5419 1609 396
158 1502 2351
1544 4642 6962
2105 336 6228
4663 3586 4222
4353 2933 8239
5353 4140 5467
1600 5259 3987
2173 1133 7873
4182 3825 8146
379 5696 4712
4248 4458 1909
148 2888 6913
3649 4948 9690
3446 1952 6626
571 2752 874
1712 678 8809
3198 5628 3685
5711 1659 1328
2838 568 105
1173 3171 6595
4720 3759 3819
511 3552 5433
1006 843 9370
4701 536 1488
4176 4799 5382
5972 2495 5718
787 1881 2576
4186 859 2557
5875 5371 4518
2428 1151 1575
5193 1785 9600
460 3836 6381
3454 3554 5169
5243 1579 1149
3332 3521 4594
4045 4939 6529
2980 1947 7983
4708 4237 6023
1486 2076 5779
1244 1210 383
1725 909 1602
2065 5889 1708
4395 3553 4827
5998 2525 2612
1363 1636 9764
4191 2934 256
1942 2298 7709
4924 327 9486
3243 2699 8834
4033 5254 9862
3801 4253 4767
5812 4866 5612
2798 5855 3445
4937 4658 4204
4290 4596 4692
4503 183 472
193 3920 9912
3132 5016 7142
4541 5915 6438
1207 273 2537
3787 962 1279
3429 4838 6255
2693 5521 695
1202 258 6640
289 4970 596
2789 1729 2210
2445 2492 7510
3828 613 7436
1321 2245 3793
4925 338 2163
3755 4303 5479
488 4290 2152
4070 1029 9362
154 4831 7554
3010 4125 1855
5274 3733 6930
687 597 6842
2677 5048 3703
4018 5939 6648
5254 5233 3438
738 5147 3139
819 3476 9221
5407 3642 129
4419 117 1842
602 4529 5552
3354 4080 8247
30 1253 4331
2012 4337 5559
449 1265 5293
2211 4089 6779
4992 2795 1851
3569 205 4853
4086 2676 1059
679 5650 1936
1465 4881 932
2042 3812 4339
4014 840 6241
1345 188 6006
3485 2833 1689
1595 4577 9617
4157 4236 8358
5549 1659 4877
1465 49 4880
4114 2926 857
1457 763 9085
100 2178 928
5104 5128 6147
2197 4401 2366
5681 2230 7168
4654 3963 7458
3138 5460 8539
1421 2694 2541
5729 2202 4590
545 1444 6871
4065 2959 6857
1960 2229 9034
483 5561 9208
603 3510 5991
2476 3408 2715
4732 3818 4676
2207 4729 3204
3296 5648 3699
3511 5999 430
3742 2443 5894
1158 436 5102
2669 3112 349
779 2113 8768
1187 5168 6113
3997 384 7674
1840 2050 1404
2932 5352 5252
4524 1938 2298
1722 2604 9832
5956 4991 2678
2318 2106 9833
773 3566 6891
5591 420 865
3002 2180 7503
5138 728 6804
5555 2867 2593
1492 5222 770
1925 939 2110
1449 4863 4482
811 3764 8999
5123 4514 21
2023 4678 5086
1286 5527 7048
585 1068 5467
5503 4978 607
3537 618 3984
2398 1538 5532
884 2587 7562
863 4461 649
4459 4166 1963
1415 3647 7964
1642 3483 2890
1901 4148 5676
4363 1320 4115
4682 5783 942
1455 35 1692
4786 3145 84
2993 3022 5329
1428 5752 5049
2891 495 3944
4953 2648 1671
3378 2439 3870
3323 1022 1553
2648 5418 5055
377 1859 6693
5704 399 3323
3727 2871 9248
1662 5518 6978
4633 1538 4808
1392 3114 8042
1691 586 3998
4856 5051 2131
4266 1246 1431
3892 5045 9588
2478 911 3587
1860 5091 1911
486 4763 3010
1590 737 3443
3343 1421 6743
5743 3008 3269
4033 75 5543
3488 1933 6604
3244 1902 4086
4531 2383 8234
873 3599 3971
4454 4426 4356
2105 3816 398
4994 3222 5080
4212 2856 1571
2015 3368 643
1403 616 2559
3814 5794 9775
2569 1299 5458
5654 4872 9193
319 4205 4155
1666 5140 9722
2198 2939 8809
1666 1687 1446
2162 2873 9401
5457 1019 7006
2187 41 6804
2698 5735 1420
506 4802 4818
5958 3619 9195
1988 717 2966
2464 2794 1716
2841 5530 7302
2564 4657 3763
4546 4703 7409
2331 2038 8449
3045 2214 999
1411 3557 1422
4086 1969 3643
3463 2034 1800
4324 575 6976
3167 3684 10000
4931 2002 9725
1201 4249 8071
1987 2427 1071
2625 3799 4269
4461 5403 229
5957 868 6991
5565 1320 4978
3421 2715 3892
4313 2561 653
613 4199 8483
4841 851 6277
2047 1007 8659
2694 3980 9141
4055 3820 6856
363 1307 5707
4980 699 1338
1884 1441 1084
1088 5265 4576
5389 4576 4062
2534 1430 4057
1376 4114 4496
3316 2613 759
3136 890 6697
3902 1583 3848
2247 2874 9081
148 1947 1238
5158 3343 8310
1305 3033 3614
4821 4671 1864
3188 346 643
2334 840 8185
1816 3098 7294
4281 2640 5150
1522 3370 7512
2797 2400 7592
5628 5081 6972
980 4684 9601
3861 1973 8697
2505 4028 3320
353 1753 9355
4469 1059 5511
1727 1439 1192
5494 3831 4176
1827 2441 3675
1969 2513 9593
3499 3680 5019
2607 5019 3574
3747 2146 1591
559 5304 2791
3726 5237 2656
2600 5815 1680
5761 5549 8366
2541 5076 1238
2604 261 8500
4986 4856 1348
4566 1280 6731
3018 119 2016
5949 3964 9719
1614 3017 5862
2197 758 2115
5246 2557 4095
2224 5696 5425
2001 5176 6891
4149 3889 8382
3505 2609 2386
597 5265 268
200 5971 9940
3932 1830 8544
3853 5965 7953
5121 2029 2284
1716 1593 721
4188 3985 1393
1039 153 1330
1923 4030 4697
1085 1710 3192
5213 1491 9296
1977 1334 1065
3076 2719 3800
261 2749 1865
3343 4667 4686
2925 2597 9518
529 5809 2464
3948 4196 7570
2495 801 8270
4225 1868 9542
396 3772 8182
3278 1107 5297
2759 4440 9016
1004 2937 710
1423 533 5360
2044 4815 1737
841 505 2175
3309 5916 7998
5881 599 190
1228 477 9519
110 1061 2494
3444 2432 4980
2300 5261 2358
521 3384 8835
5873 5681 7107
5371 4147 9480
3675 4403 4074
1488 5781 3303
5622 945 8628
4312 4131 1948
4184 1827 1909
5778 3405 1415
1259 1336 2669
460 2661 8435
3348 5736 3776
4763 3977 6591
4515 4535 1022
1315 1988 9117
5432 2592 7239
5421 1348 417
1051 5754 3794
1927 1335 680
4632 4344 910
4058 2086 8174
959 3100 7604
5386 2101 9139
4170 1805 9503
1728 4590 5859
1261 5163 7991
5413 5265 914
3370 5747 6474
2163 192 6823
2067 1024 2289
2972 2884 7348
5789 4056 7093
1415 1679 3674
1202 4999 7649
3563 4665 1818
3255 4774 7610
2471 3716 560
3390 4389 7545
136 3704 1725
2277 3242 3848
3526 4653 1392
1539 3235 4998
869 2336 1259
5701 3170 42
2747 114 5593
2196 2925 3273
2655 5013 3440
3412 3755 4043
2774 2697 984
5607 4732 9079
4625 2402 7113
746 5745 6203
5400 1050 7333
2220 5098 1829
1571 2172 8952
4180 3125 2684
4296 2135 9931
1752 4986 4291
2750 2910 2886
3619 2048 126
4415 307 1241
1951 3551 6762
1589 2010 7121
4726 2980 7170
1207 5509 9153
2450 4788 2289
2120 3691 1811
1105 5090 386
2134 1039 8077
3986 4655 3529
4887 2045 9224
5101 1611 9975
4849 5903 1478
324 3082 9252
4800 3564 8928
5531 14 3313
912 3480 7775
5755 2479 269
183 591 7321
5829 2838 4654
2557 5076 7380
4913 4464 7583
5445 2839 749
3203 3474 2951
3284 4670 5058
1577 2932 4653
195 1486 4644
698 1126 7788
1610 1431 9153
3680 4677 641
2709 2651 5827
185 3058 8477
5109 5771 1065
1663 2530 3114
1983 1557 7332
3654 3318 7448
5782 3380 8699
1538 4415 1562
1588 1784 5761
1184 5882 8473
2551 4442 7065
2963 320 2703
2990 112 4476
4407 3647 7009
3493 5618 5103
3300 3658 666
4188 4452 1650
5797 324 9308
2721 2117 7770
2629 2084 7339
4624 4437 2362
5596 3868 4208
2622 5041 7993
3116 4930 523
3263 3848 4181
2938 3587 9450
2665 1673 1279
5759 1035 92
5379 3078 9663
5403 700 1222
5534 1444 8978
5113 3772 4221
4953 3157 1402
4246 2777 4296
4280 2075 2133
2070 4794 5896
4778 4194 9283
3019 2843 205
1227 3607 9566
4110 109 7255
3631 3856 2643
3922 5751 2870
5714 5691 6031
5743 1052 6396
3164 1311 1952
2696 3870 2027
3410 4729 9348
2747 1672 8385
1297 4881 3834
5700 3861 7298
1882 1973 6256
2077 2338 3033
1139 778 6813
5934 4918 1040
5248 5296 9198
2376 1480 6659
4809 5544 2368
3623 4435 6942
3257 2215 9877
1451 5324 4680
390 5835 1022
2948 3362 8132
3668 3105 6265
2821 4223 2414
3271 3003 6115
2367 3422 2594
323 177 931
2037 4733 5897
2746 5525 2650
806 5631 2687
5696 5792 6436
3642 4384 1016
3814 4890 6992
5035 363 3839
228 2338 7490
1326 683 1767
4571 834 4167
2348 3284 5050
3911 3609 6244
4698 57 4336
4039 2582 6727
3893 4415 1173
1804 1670 9742
5291 5574 8028
4602 2569 9353
2474 1082 1854
5378 310 9063
1838 5651 8756
1438 2172 3922
2375 2897 9502
2696 4763 2764
4432 3517 3580
4397 1748 9062
5070 2030 8780
1032 849 7161
1506 3108 1317
2856 1582 4163
3037 3110 6027
1697 3896 3632
1816 984 2207
1543 2526 1745
739 3629 8472
1310 787 2229
5560 4864 9193
4215 3546 6923
5888 2831 5883
3436 3002 2533
1159 1476 9865
5917 2572 3870
1143 3660 8681
4918 2289 7940
4296 4858 1025
115 3764 7590
2025 93 3060
536 649 4291
4366 3435 4734
1753 4577 9083
5875 2395 6936
4929 4922 7597
4748 264 1480
5469 1650 2340
1942 5889 1895
614 3923 2883
5172 93 3840
2463 157 7923
5566 2278 2289
3224 5915 86
2206 4467 8478
3121 2920 1952
4660 4611 4128
5762 2318 4599
3848 2570 9354
2664 4827 4291
5568 1796 7488
3343 5411 4487
5169 1710 6722
1464 4170 3876
150 353 3216
3491 3430 6442
3527 4866 6470
244 5789 1944
4075 2822 4562
1067 233 9631
4504 968 9061
4542 215 6110
325 3347 8928
262 493 8240
3349 702 3381
3198 5671 2020
122 2266 7581
3451 3935 1488
1850 3510 8449
5585 2818 8785
2728 465 317
4143 4214 5688
1881 5472 1328
1783 2378 6507
3292 549 3634
727 5055 2441
567 4367 4204
4405 1906 8229
4996 5612 6518
1077 86 6336
2343 2463 9902
3936 2221 5876
1493 5673 8283
939 3976 824
48 1706 3628
141 704 2910
5362 2123 9044
801 4463 604
3437 1530 140
3539 1983 880
3088 5567 1323
3873 4761 1615
4652 3517 7467
3796 4078 827
307 2151 4032
1333 2618 7887
1142 1424 3530
5722 4164 2244
3406 5125 8943
1781 1587 1495
4937 3134 6738
5373 2400 3381
2966 1472 2436
1691 5544 8759
3641 5112 8969
4404 2626 6242
1602 3578 411
4125 5816 9705
4489 5733 4450
2555 533 929
5335 5068 8941
3275 5661 5558
62 3783 9597
2671 5684 9558
5957 5448 1145
4870 3406 3318
177 2235 569
4526 189 8493
4153 4388 3940
1845 3508 5903
714 3496 6272
2567 4824 1315
4458 3303 636
5405 1010 8554
5701 176 3798
448 569 1931
2058 1254 1610
1956 5356 8221
2605 2519 4135
5158 736 3056
1629 707 652
2275 4768 6338
2526 29 9503
4956 4048 7609
2286 4050 2752
3617 1632 8865
14 4035 8105
1952 1673 5195
2941 1794 5122
4409 4467 5898
632 4697 3271
2317 5289 5071
3487 2709 8152
2112 326 9263
5565 729 4436
4808 2346 6236
4730 3850 8737
4978 212 9822
2452 2800 2880
1411 276 1721
3116 5917 7602
5254 5102 9048
937 3303 3689
1368 3103 3670
972 4354 3752
4153 5289 6790
4059 5985 4360
1701 2294 2549
2810 394 3820
3598 4834 8575
2250 2618 7127
3752 2998 6730
2995 1004 3160
4933 3765 6728
1557 5814 6541
4697 2746 9766
363 45 267
5078 1246 2724
5388 1237 4315
5715 4365 545
3287 4709 6251
2079 4615 7696
3565 1266 8049
4733 1741 4135
491 1132 8534
4317 3955 6417
2473 4744 4552
2631 1072 4700
149 4030 2984
5862 5073 5124
534 5028 938
3412 5330 7808
1056 4105 1058
5846 3639 2949
3575 1330 768
2920 1242 1353
4595 3313 605
4735 231 6929
2820 1606 9929
153 4649 8276
2747 2694 5370
3532 4584 130
2090 804 2782
5638 1162 4816
792 2420 7920
1241 3334 3779
2938 3387 713
4203 2699 6818
3006 1474 1021
3642 5452 4043
732 2944 9523
2818 2305 8647
959 4569 2459
2032 2679 6644
2819 4425 496
5688 5886 6204
4380 904 8309
5812 125 3312
4017 3355 9456
1160 2057 5173
3634 2451 508
3763 313 112
5099 4581 6623
2879 2765 5768
313 5403 6621
3097 2168 861
3321 4663 5930
2814 4226 9667
5868 4027 3852
4050 2067 9555
5618 4757 8384
5347 1487 843
1246 4771 4488
1972 4448 6680
2522 4677 4661
274 1976 2211
3134 589 9156
5927 2987 6071
3419 542 619
4495 5628 1479
5225 1205 4984
1924 364 1719
3553 1509 6999
1884 572 3090
2843 210 9144
2167 4376 6243
3165 1113 4545
5194 210 9767
5398 1988 5364
2410 5871 807
3957 1655 915
1197 4152 9283
318 5145 4473
3413 3947 1256
23 1932 1674
1558 4592 1960
1560 2755 6791
1018 273 1282
5983 5381 8796
5056 5675 433
717 3182 9077
1118 2941 2038
1445 2852 4445
4365 2207 4431
543 5423 4222
517 3067 7464
41 5661 7365
4923 4656 9085
3633 4951 594
482 1547 4405
5791 2400 827
4049 644 776
4911 4919 2944
3098 529 5726
3818 5552 3167
1386 1566 2086
2068 4780 8563
5711 2373 1599
2397 5022 8231
3724 2418 754
4710 23 4260
1954 4070 7112
2915 922 2503
728 5381 1055
1846 5377 1831
4265 1385 7328
1871 5599 2749
2223 718 2772
4604 3741 5922
1511 519 3692
1546 3642 2689
3539 1227 522
4651 1461 9236
5003 4067 384
5582 2745 5844
1709 732 4466
3330 2003 116
552 3424 2749
2433 1197 9836
949 4990 315
2080 3859 3671
5274 2315 8432
3696 5472 895
2620 2079 4916
4101 1659 2414
4067 3738 9366
3524 437 4133
3794 2765 3307
1632 4874 9179
5485 64 246
3000 1627 4895
3516 4087 942
4622 559 7489
3672 163 1491
1945 1535 6625
3470 4885 6966
589 3627 3921
2342 1045 5923
2708 2432 1523
5699 890 5023
2098 3840 7666
2454 5014 8515
535 4185 9779
770 5228 3480
1602 2103 1866
1679 1802 7936
2304 3085 2463
3126 870 5388
5614 454 426
3531 4179 5312
5161 1538 5591
540 1688 3795
2839 1331 2658
1808 234 9010
4865 5416 3353
3189 4470 94
3909 1467 7372
2302 5723 9754
1165 5002 1255
77 5652 4990
502 5957 7755
1930 3124 8811
1393 623 4099
4678 4620 640
1178 1057 3059
3449 5448 514
5533 2769 1839
189 394 2889
4153 2922 3286
1626 3505 6144
4136 5019 9599
5701 3419 3444
5343 4831 5180
3863 3592 7626
3946 1032 8167
5645 639 7553
4000 31 5289
316 5967 6294
5448 4653 8855
1106 3772 3870
5634 2048 1026
1693 5326 9081
4276 5408 4450
909 2192 9562
61 1765 5169
4698 4659 7031
1430 1459 7090
5614 4046 474
49 2920 6543
2169 3211 4397
1219 5769 8032
3407 4056 5615
1907 2426 9116
5163 5633 4923
98 3041 1227
2380 4896 1494
4575 5655 2636
4555 5062 2925
2226 2466 6658
5840 1518 2830
4301 1785 4036
1151 2621 7890
2326 4937 6667
1768 1212 6600
3253 74 2841
3099 157 4302
3509 5397 3515
3217 5861 2400
1222 5159 4482
3117 4854 9481
5871 2778 6957
718 4894 7464
3080 1913 8096
5703 1970 4377
238 5272 986
548 4288 3143
3353 3477 9319
756 4491 1436
4975 2435 5101
1860 3255 1986
4244 4177 3635
1464 4147 6508
3817 851 3747
1563 4434 6350
220 2189 749
1192 884 2598
4173 3392 6153
3982 1078 2562
1261 98 3160
401 4959 9035
1736 5406 7636
576 1797 5050
3085 5518 2316
2359 3600 8357
1884 192 4625
3236 3045 1356
2393 3787 2683
5832 741 7417
2083 2905 7094
2404 1249 4292
2348 3674 3467
2796 3757 3456
3561 93 1059
4901 2366 7198
1009 4654 1262
593 3308 3645
488 2873 6919
4188 4626 5491
1940 4910 3326
1720 5954 2349
4623 1969 4733
5568 5334 2236
354 1832 2146
3901 5383 7285
3207 5299 3310
1066 4774 2919
1440 767 9951
2752 833 5409
526 2508 1098
605 4319 4036
2453 1519 3217
1321 5547 2798
338 4135 3431
5602 2810 1693
2708 5089 3547
1715 2846 1339
2625 430 4009
4210 5704 1225
2109 2611 6607
1095 1835 8935
5336 2683 4557
2739 1396 629
3960 4693 1332
5783 3796 1581
647 5116 6273
4073 5323 2627
5153 3397 5311
4210 566 8063
2034 3944 3140
4378 1637 5569
487 3381 3098
5753 1112 7436
5301 236 6127
4537 4506 2081
3386 3369 8847
946 3937 4156
5973 1618 536
3509 2220 7636
2757 3697 3691
4977 1783 5731
1393 2164 3897
4442 1761 2554
5428 5194 2918
4342 3674 2503
301 542 9042
256 5699 5073
720 1712 6259
1097 1846 8830
3844 5211 6126
4645 778 1608
2538 5062 2436
683 3458 1328
1636 2503 9514
3417 2342 7322
1268 2450 6671
4593 637 5294
3957 1696 7888
3300 5029 1765
1738 1728 7553
5392 608 9759
5255 4012 5909
5235 3551 6821
3991 479 2493
3722 1616 3995
2676 4814 1929
1520 1650 7570
3922 4293 1929
3855 698 7104
468 792 9714
1651 4874 7721
635 2788 1776
234 606 2306
147 1992 5103
1919 916 617
4184 762 4738
2414 5943 6667
3576 1289 6879
330 651 6281
2390 4563 6703
1470 3109 5876
307 4041 7911
3971 2167 9937
4580 4296 6010
5466 105 4500
3068 956 3391
173 675 6250
4186 4965 9979
2075 5772 1883
1297 1199 6380
5203 2646 3723
3482 1663 3084
1215 3710 7153
4410 84 9286
5163 2986 1219
2707 407 6263
1541 2730 52
575 236 9068
5183 3638 4130
4934 3275 1674
10 1873 4522
49 4653 1567
967 1769 1062
1244 2775 9446
482 2753 2277
2710 4545 6766
5731 5420 284
2782 1800 4338
474 1391 5323
3292 664 2160
221 3512 4603
1276 3733 4112
5335 3320 8451
159 5908 8134
2300 2012 7867
1988 1717 5906
3391 1053 3686
741 1121 287
5678 703 3673
1375 3271 7670
5124 5059 4555
5262 1687 2759
5083 5879 9110
2579 4066 877
4603 2318 4101
2833 1211 3608
3741 2025 3104
3047 4186 2744
399 270 7234
520 5269 1626
4427 1314 8535
865 1472 4906
3355 5506 8352
5113 1916 8355
2618 4685 2608
4518 3294 648
530 3590 2722
5803 5740 9456
3286 4940 2949
495 1990 4275
403 558 2621
2307 860 5353
4927 2035 5950
5838 3737 1077
1963 5929 6478
2645 1905 37
4925 1656 8325
1097 433 5571
1548 2399 3407
5496 291 70
1179 1254 1824
263 699 9807
428 5345 5313
1335 311 4335
4750 197 6870
1764 1844 3472
584 2674 1872
3738 4315 1451
4763 5027 8912
3385 3339 2875
3883 2856 4966
2414 4197 3057
1444 217 466
4971 264 5531
4901 45 4276
1856 886 6163
4752 5092 590
2730 187 8915
3843 3377 5893
6000 3692 3909
801 5055 8442
1351 5501 9892
4293 1060 8957
2801 1789 448
2746 1560 3140
550 3409 9140
4382 3678 803
2110 1285 277
2397 4515 5868
3577 4980 3544
3858 4729 4631
2731 2565 2348
5508 5173 7658
651 4179 3878
1707 1313 2946
1619 3096 8210
1343 258 9271
3742 4098 5973
3958 414 5368
2269 434 9521
3030 4259 5499
358 4187 6208
5892 5106 8752
1435 4035 3086
1418 939 1589
5560 3590 8867
351 2325 279
2069 5873 3804
1402 1466 2909
879 3317 7172
4675 1002 9159
3618 1442 7324
4938 1457 6628
1306 4657 8180
798 2322 1850
2562 2565 5559
5455 2524 1422
5052 4380 2934
2536 2670 7124
2869 695 7354
3036 1834 7445
2616 5644 1532
2877 3437 2975
2792 551 8767
2992 2702 2165
4215 4705 4343
3428 5132 3062
2603 3006 9337
3947 3546 6013
2610 211 7397
1901 3153 6057
2633 317 667
1835 2791 4660
2106 3919 6736
2829 4954 2081
5581 1900 2921
5162 593 4598
2524 2774 7306
943 2517 4227
3287 5233 8889
1673 3046 6642
3114 3282 8821
675 462 5425
965 4825 2043
2730 5442 8062
3849 16 6354
2661 2634 6723
848 4583 8676
2708 5288 8932
789 2113 9362
1001 4194 649
5130 5077 3824
540 1491 465
1535 2907 5518
4775 5336 8990
3215 2143 8445
1046 3679 5941
5887 246 1622
3669 728 3311
774 77 4298
4940 2336 6499
345 2400 7118
4765 387 942
2950 118 1399
1712 4363 7341
184 5304 3678
2144 1466 7836
1932 1534 1616
3607 3808 290
1216 5704 8163
54 3094 5046
366 382 6527
4872 5033 5867
5332 3519 6399
5609 5427 2631
3526 5931 7958
4368 3634 8347
71 2081 7565
1355 1059 6063
1098 5966 1610
2292 5339 5989
2364 3998 441
4672 2884 2324
4312 2575 6988
1035 4731 7249
701 696 5314
4756 5473 9606
3566 2778 8211
4754 3690 5154
4019 4842 9391
5988 3302 529
796 1989 3480
5149 3293 7478
3761 4760 1315
2471 5362 7943
984 2930 644
3093 3411 8948
5097 600 1341
387 2308 5349
1437 5211 25
545 3304 6866
1087 4413 8005
1062 793 7209
5934 1569 9974
1915 2997 8236
5246 339 5818
4714 5424 8855
502 3856 3586
2554 2258 3716
1352 3215 1298
696 787 5410
3332 4000 5730
4968 4599 9491
2644 4604 5371
1949 3446 4377
2312 4642 8470
2487 5021 3197
2973 5920 7168
1288 5090 6485
5344 2723 642
2392 1383 6892
846 3738 2497
1787 4201 9903
1915 1928 2316
3618 2676 7642
5037 3886 884
2044 4086 8108
3296 1482 3599
127 3573 5543
3453 2179 7689
3744 2394 4118
4704 3587 9860
54 3139 29
1472 1233 1371
276 2750 9697
4559 2634 8243
2895 5222 4791
678 4771 3847
1330 4812 1860
5864 5652 1958
3366 1332 7427
3704 4926 6922
225 2003 8175
5280 2535 1271
188 3870 2460
5521 3240 3653
5694 881 2268
1508 4032 2455
157 742 9794
524 3467 1465
3517 3042 552
5384 2786 694
532 5465 2515
4429 2244 8368
3164 5781 7978
2256 5467 4028
3311 2498 9635
2290 2794 5933
3381 2567 8112
4521 84 9399
3658 5243 6110
141 5483 7403
4621 5595 6957
4792 5559 23
5954 3587 5603
5874 1722 5130
2850 3823 3455
4771 2344 8853
4747 3493 5569
969 2217 3747
5019 2178 9420
2514 5911 5061
3795 1838 4852
1843 3845 7599
2204 4333 6253
2677 4201 7194
4267 5295 2998
1664 1192 3346
4310 5366 4273
4846 4001 9699
1426 1140 2887
5916 1302 6522
1062 2743 975
4703 1612 4585
791 5841 318
3822 4234 4651
5443 2777 4303
5177 278 927
4773 4159 9550
4163 3211 1079
4013 4093 3700
4463 2022 9619
4469 1407 9770
594 226 9029
4099 1166 5457
1614 3990 1967
546 5637 4242
2110 24 6287
5818 1880 5338
3512 416 9690
217 2758 9601
34 2445 1451
2153 2715 5950
5966 3189 5918
164 3241 2102
4912 1337 3041
2852 4984 840
502 4994 4178
13 4094 7762
3549 887 3340
2783 5653 5809
1679 4227 3127
4922 3062 9848
1960 5837 4261
1991 121 1971
1057 2368 8612
2602 1381 314
3197 927 9222
5544 1105 3637
2273 879 8614
2526 3609 5112
3734 862 424
5466 1684 6139
1965 5546 2589
1047 3579 2308
333 5269 9191
3225 1381 2025
2168 1121 1530
1851 4774 2708
5546 5278 2348
3376 3468 8182
1587 3774 9235
3235 4281 9642
4985 1592 7293
3115 3962 8407
786 5686 8166
1969 2649 4051
3205 424 6286
4868 3506 3528
4610 2304 3406
2734 5394 1418
1685 765 822
2810 711 6732
19 1080 5865
5210 2402 4063
5327 3336 1238
1180 4951 7446
3452 1350 1456
1166 4174 3806
5167 5492 1328
870 4244 2189
4326 2746 4534
2629 359 1565
3509 1416 6149
4704 1932 2236
2008 2898 61
3652 4900 3609
3897 4319 3463
2886 582 7981
4227 3907 874
4135 4132 132
1822 1154 8439
2547 1858 5557
1436 233 5487
4031 1792 6707
3667 2853 802
3964 5448 8953
1552 4260 5228
1404 2539 7486
2672 2426 8422
2139 5936 9222
2478 2304 3072
854 5075 9263
4656 597 8150
3013 4061 410
3830 3392 1370
3543 2241 8601
526 2621 4550
2334 4178 5768
4067 3574 5063
1915 32 541
1502 2519 2945
5570 514 4318
5446 2377 6645
5763 4076 7518
2324 3948 1511
5849 2453 8646
4597 5424 9113
3722 5799 9598
721 428 1723
1874 2519 8400
5473 1897 9930
5625 1923 4673
4441 3375 251
632 4472 8711
4034 849 3427
5288 3819 387
4994 4757 2093
3334 3732 530
2156 3407 3515
1675 4993 7281
517 244 1799
5385 1659 7995
4992 812 3024
1723 5407 7504
417 577 9334
4001 3496 3753
3806 1332 7021
5675 3 4789
5398 4399 7511
2663 3395 3020
5338 4604 2442
2053 3028 8259
1115 4426 695
5708 5884 2864
3707 1656 21
4205 5201 3086
4803 5937 3911
1933 2580 3277
1955 941 3754
3283 1616 3221
5362 1521 970
4716 2726 2143
3370 330 8499
3434 1994 5101
4367 2324 1935
1069 5098 8668
2017 760 4956
5602 1825 3824
5265 3663 3446
3096 660 9418
4855 1614 9715
4755 953 4607
4014 2328 1624
2582 3426 273
5235 3562 8339
2599 3451 6708
1638 3286 7274
5857 5545 7984
992 3468 7676
3330 3636 5357
5962 386 1253
1115 5411 3392
1804 4500 89
4455 1943 396
3796 1894 4176
103 5218 2711
632 2302 6367
2862 2516 707
366 351 5036
4790 4541 3141
3800 3807 6611
1586 96 3314
997 2202 7029
4835 1388 2776
5676 165 8268
4481 451 2281
766 1711 714
2708 2426 2687
5453 2236 2489
5090 4 7130
5988 562 375
5301 1364 4286
1345 482 2164
3329 1916 4067
2397 1506 5545
5542 4593 69
4161 5218 5717
913 2733 7611
176 5861 3485
257 4912 9706
2490 1151 260
2146 668 2795
4775 1909 7737
5184 1440 5436
5836 2094 8635
5356 4817 2650
2694 2647 6712
1801 4644 5034
5016 133 3768
1020 4720 7343
4715 5015 4631
2055 2633 661
132 1439 3376
301 518 6849
4508 3807 1576
673 2178 613
2059 257 5459
1599 1827 100
4812 5301 9515
4197 5491 9665
5991 1162 5960
4167 554 5462
5769 5646 2987
5326 1495 663
347 1851 5950
3858 1627 3066
1124 2143 162
2693 909 1296
5193 973 4185
791 3059 1531
1899 4368 4145
3067 1828 9137
4688 5412 3718
80 1347 8220
4048 5113 5429
2027 299 6877
260 424 6440
3309 4788 5848
1380 989 4912
5825 5123 2514
2248 1744 9612
3588 2609 8601
1591 963 334
901 5871 1125
4860 2310 4701
5140 4819 9561
643 1089 5993
4743 4814 4290
4098 922 2602
1020 194 6428
1730 2768 180
156 3060 8921
5172 3402 8855
176 1241 4309
806 2016 3589
5518 374 5538
1597 5845 5544
1167 4832 8422
1820 5069 805
4142 3680 4184
886 533 5470
1372 2663 2303
903 1189 4444
3665 2293 706
4237 5401 8838
2510 3818 6292
3300 3645 3397
1625 3140 1209
3182 418 2485
4727 3868 9495
2166 4788 3786
5127 2756 6052
5218 3653 6407
2419 5508 8090
4497 615 2743
3183 1816 8522
3719 4521 1859
674 3542 4970
5263 5694 5197
2921 4536 3865
3715 2710 1562
4003 1562 277
5341 5154 534
3118 3745 6797
5617 472 1448
1178 4758 4534
2663 4521 3772
3311 5487 3168
1053 3771 6695
2402 5863 5568
4998 3334 159
3627 3157 214
4202 3272 90
4759 1167 6786
4551 4307 7815
5907 3767 1958
2687 4205 8536
3679 5680 5735
2336 3428 640
5530 4334 2137
5357 5022 4793
4160 4605 8154
1646 3039 2541
2341 4457 9701
2483 3984 9189
1379 13 7870
5221 4164 896
4039 4520 5032
1493 175 478
4419 5808 1159
713 3725 1855
4731 2851 5183
4619 2693 9017
4980 1843 584
147 3239 4411
5056 5614 92
5645 1052 84
2081 4185 5727
2592 3484 3754
1362 5260 6815
295 3578 2097
3075 2107 2645
1494 5063 9954
388 1229 7807
3963 5873 2597
2103 4459 3135
630 3941 5177
94 2165 4603
5089 211 9251
4465 4023 973
3309 1256 3995
3186 4440 6690
4310 1679 750
2336 2479 4248
2395 3421 7879
5054 1612 4456
2148 1116 6753
4583 1025 24
1020 5210 2181
1254 715 3156
1209 3956 7119
265 55 6896
1346 4533 5927
4950 2907 1231
638 1364 7285
4710 171 2210
955 1454 2198
4696 1707 3753
3592 216 1515
1393 4011 8879
5631 5480 2553
3342 2658 5838
761 4012 3967
5036 2240 9592
37 787 6678
1188 2507 9978
3653 2837 5842
5858 4420 5577
3890 2024 5110
2765 2118 2925
2720 130 7403
5132 515 7678
250 3768 8473
1213 2493 1640
818 5164 6115
1024 3264 5803
1769 5387 6685
5706 245 2743
1839 3620 8652
4097 3199 6068
438 1906 7266
1309 3649 2691
2294 144 683
3051 2011 3907
4950 5143 1724
4117 4256 3428
2496 441 3702
4487 2293 7701
784 2871 3462
537 4042 7198
2514 5736 4410
4404 846 9962
3043 323 6298
1505 1651 7074
5043 290 3851
4085 5633 8294
2048 4128 3095
261 3113 1915
4443 1179 7533
320 2035 2209
527 3397 291
2534 1447 3881
2046 1989 9405
3500 2305 2867
1443 283 9186
3189 1961 7519
5081 1679 3401
2227 4517 9595
337 5387 3301
1573 526 7263
551 1246 1684
4069 5730 1447
4207 5781 8644
1571 5335 1133
2069 5409 5929
2800 3458 2517
5689 2657 6108
2899 3845 7004
3185 1398 4786
2090 4202 2391
1721 78 5427
2643 4586 6514
4760 2417 1386
5468 3692 5729
3681 5229 1189
1031 1209 3479
1477 1397 5391
3904 581 4858
1910 4826 3056
1737 3712 5210
2554 2495 2370
763 5125 290
5101 4379 9713
5067 4975 7253
3478 5858 6970
3269 5918 9809
3579 5053 5899
2865 3499 2554
3776 4528 9798
2820 2799 744
4163 3645 4400
3819 4824 6730
5588 305 1405
4848 5516 4422
626 1296 5477
5284 1190 8124
3430 62 9870
515 3243 3703
3499 4355 5958
4157 4828 310
1467 5154 5120
3695 3175 6925
723 4613 2754
4434 1432 5791
3185 3071 5060
131 1366 8170
999 4219 2116
2032 3498 3607
5384 2870 8238
5499 481 6940
1670 348 1121
3733 1523 9050
4594 425 701
5553 911 1520
967 4142 6724
2957 860 2611
1952 4120 8644
1471 1046 7485
5659 702 234
2139 1240 7870
297 2299 6151
513 3461 4810
1736 5111 8212
2807 658 8458
5820 1645 8585
310 4676 4101
1839 872 8726
1741 1036 7430
3557 1468 5147
3565 5495 8535
4352 3748 6747
2223 1397 7470
377 1515 1904
3424 2416 7338
2770 2498 6884
2291 5585 1236
3017 4909 7058
2725 4146 1756
1815 3831 7466
3613 1036 2998
2280 143 1565
2245 1180 2274
3553 3888 3389
4722 1260 7585
2267 115 919
4355 488 2525
4219 473 2250
2012 2714 4361
5950 2823 9763
1199 2676 3666
2382 497 7983
1511 5278 7926
4041 3217 420
4364 4914 467
3385 2484 6577
2329 2929 2223
2829 4990 4815
570 2504 6716
1151 4903 8969
1935 2813 5606
2041 281 3558
5546 5579 3362
3413 4698 9429
1837 3546 3207
368 1458 1775
713 3314 7039
3831 232 6246
685 5190 1627
1691 5889 2748
4385 4151 3130
1444 879 4994
3099 2322 1046
2236 420 8731
1527 4467 2069
3117 3482 6339
20 1887 6313
3095 244 3683
5860 5723 2267
3731 3092 5231
2896 5116 3061
5741 978 5468
1969 4204 2506
1020 1316 7440
4331 5228 5532
397 5420 3857
2694 1736 8506
4540 1949 3243
5852 534 8262
727 1510 1516
2354 2305 3701
4611 4998 2335
4535 5572 2855
3752 5123 7987
5120 897 5104
4050 5000 1622
1023 5996 8296
228 4645 8913
452 5383 6086
5 3261 8252
3496 2983 2328
4981 4658 9150
4101 773 7188
4937 4430 5527
2584 2399 6403
624 224 6792
4346 2692 9466
5984 2158 7685
1561 235 9262
718 2486 422
297 4271 4658
2098 5233 1552
4090 3262 4190
2001 1293 4194
774 4160 8496
5120 3412 5967
2275 2572 5920
5095 395 4639
3369 5622 2778
2958 5403 5254
5046 3797 8256
3526 2392 2429
4209 4768 3420
2624 5981 385
5685 3434 9241
1128 3632 5382
4756 2851 1835
3575 1485 3633
5146 3516 812
457 3475 8340
4155 4298 2510
746 406 3891
4963 1467 1359
4487 5324 5413
2421 1984 268
3920 1647 9181
3842 4134 9925
5452 2614 4566
2967 2731 9861
998 2507 1743
4551 4217 8431
5108 2442 127
5478 469 5992
2389 4301 5976
4782 2329 2900
2641 3327 7947
3277 938 8131
215 4164 6389
1498 333 725
2006 5122 2716
5059 4625 5118
4345 5186 9571
5134 3040 2394
5340 1405 327
3591 1923 90
1349 1108 9284
2179 4541 6372
2036 1668 1190
807 4935 1471
5534 695 7044
4341 38 5173
3165 3483 5073
4203 1811 3943
4714 237 9808
1978 1061 698
295 2287 9598
4033 120 9264
5379 4740 7578
1203 2481 6444
664 4016 2306
4053 5901 8779
1598 5595 2371
513 791 2984
2866 2707 1010
3778 5718 5969
662 5098 7257
5793 2263 4229
4796 4814 7978
4973 5922 4244
807 2670 9136
4690 606 7669
4617 1569 5376
5034 5497 4576
3691 750 4886
4004 4265 8686
3576 616 2844
602 4049 4589
469 268 3242
239 4542 8765
1884 2689 4709
3337 2310 2056
4699 5427 3449
3244 756 3849
5019 4422 8659
2808 2503 5211
4763 5693 6676
3746 4007 1167
5624 727 7198
2571 1067 4533
5777 101 4725
2343 2617 2068
317 2782 6541
818 5758 3637
4834 2287 4975
1958 5283 3368
1789 4429 3035
5219 3149 7178
784 3196 7736
1563 1657 7746
5618 2909 6655
4489 3536 3905
5261 4223 2867
177 5995 7166
5522 4286 9401
5860 3242 1933
5330 41 2480
2597 764 6292
5511 4399 5763
5347 3423 7529
3613 3742 4728
161 1295 250
3680 3733 3743
88 5439 1918
3919 3727 7677
4872 5041 2940
218 2243 4070
3756 5160 6612
3900 1945 37
1623 5009 1610
4377 5454 5437
721 2550 2081
894 5297 50
3370 3921 1460
1000 3275 662
2629 5074 3164
1516 5345 698
919 3499 6759
195 2 7845
5727 2993 4798
4707 5795 8760
3317 134 4453
4236 1437 9162
977 874 9126
352 1098 1726
708 436 5074
2263 3168 7563
5239 2309 4635
1141 3453 4042
5838 4577 5214
4105 1463 839
2089 3300 153
1649 152 8490
1299 1189 6876
2337 1216 8727
4013 729 1406
5235 4598 3057
2394 5847 1613
3008 5309 4244
4564 1940 9988
3007 5770 1557
3419 772 6915
5976 4532 2437
5235 2441 4420
67 4639 5798
5722 3922 3257
2520 2653 3209
5888 5521 2625
4097 3739 609
3022 1358 8831
1167 765 4186
1651 5528 6220
1036 353 7628
1336 5987 5134
1025 242 7162
4159 4797 3321
2164 1959 1649
1656 5284 2763
904 2307 1370
1708 1735 4589
5608 2776 6916
3388 2998 8455
174 1238 6741
2010 5275 7045
5807 5242 6249
4073 3357 922
5824 4592 718
3899 3167 9954
5365 4050 2578
1322 5733 1613
4187 1499 733
1190 288 3114
1976 4910 5673
4864 80 9607
2024 5852 7043
1047 907 510
756 4036 7638
4050 391 569
328 4851 5963
457 307 1531
4739 1240 1008
1747 2373 1462
3329 2283 3925
1430 3580 8412
3677 2130 3121
5135 3513 3044
3624 2970 3214
5029 4245 6756
2363 2574 2481
5367 4444 951
688 2456 7285
4305 2099 335
2551 4361 1963
2257 1181 2886
4748 2505 6494
3078 4871 4183
3266 2249 1838
5639 855 781
1044 5809 6928
3244 1873 2635
556 4904 2839
286 4477 7335
3937 3956 9059
1579 1943 160
1394 35 9597
4381 619 8240
2621 468 9757
3977 4842 2674
5306 743 7637
4965 3247 6980
1240 2236 3747
296 4492 9049
1132 1331 5239
2216 1739 1303
2480 2003 3968
5130 746 8796
36 5159 4727
2659 3198 1758
2212 615 346
547 1119 9800
259 1914 1476
3455 4379 152
544 3476 9805
4326 5915 8351
3330 4265 6984
304 211 2175
2980 4033 3918
611 1926 5280
4875 557 2389
5444 231 4931
730 4779 813
5800 102 2743
4830 5072 5823
5355 5515 3891
5329 4589 3829
679 2577 8987
2114 2061 9272
154 2998 9853
2650 3347 5414
3017 832 1140
3136 3713 561
5854 1052 681
4127 4839 4151
4824 1251 4788
2647 5432 1626
2458 5963 6022
2560 1901 7994
3732 759 3000
4388 2211 9148
3459 3473 8496
1023 2499 3693
3262 2493 6409
2253 5682 4843
4204 631 2639
515 5030 9497
4343 3899 8464
2412 1999 4499
2542 3 2754
3033 4990 4603
2259 3835 7856
5034 870 1456
3799 3800 5318
591 5617 8386
5854 5603 2853
3755 4203 8380
284 4240 1054
2262 3076 3334
1723 1932 6860
1241 2034 8302
5922 872 4475
1334 2649 7603
1847 3306 3573
103 1268 176
3798 3207 8881
1377 3817 1964
3523 1713 1371
5428 5354 9077
444 5192 4315
5671 4685 4402
3648 2052 6646
5110 5449 7504
5130 3272 6337
1426 4551 1159
4959 1390 591
1451 4496 3033
3499 550 5358
1296 3211 1868
5773 5639 5551
5834 2767 8070
1683 2316 8805
5998 3271 1130
345 649 4446
1381 2335 6539
1397 1062 1987
5435 3690 1591
1485 86 5238
1037 2023 7344
3296 4116 4562
1919 5105 3226
2237 1288 4163
3051 4498 6613
3766 325 5133
707 3010 5104
3023 272 5534
4966 4420 7342
4279 2020 7260
4274 2331 3942
2778 820 6344
2200 3461 5684
2564 3327 6336
5937 1932 2381
3682 4546 4316
5354 4767 8957
2657 897 3733
2684 1682 7314
2390 538 4468
1418 2418 9767
5091 4481 2060
286 4497 8097
5297 3340 1499
2947 5339 9465
1680 5332 90
4067 3706 8307
1227 2336 8697
2071 3156 6169
1853 2038 8812
3822 4245 5587
91 825 4763
568 4001 8882
1174 5696 3176
2621 354 4218
5971 2666 9768
4350 835 9078
2688 5679 2217
475 4298 7364
1462 3599 9292
2545 4851 885
3182 332 7240
228 5440 3643
4961 4358 2177
3338 1151 774
4140 3307 1539
1650 5069 7585
3198 333 9909
2308 1995 2869
2970 530 982
1803 794 67
3320 728 7665
2824 839 586
2330 3520 4741
4147 1906 8734
380 2643 6577
413 3910 4358
5042 4724 454
3913 5576 2723
87 1338 7185
270 3946 8015
2542 5135 6402
1002 5313 8821
5608 3621 5374
331 2279 5322
3878 1343 4817
5689 2727 6128
2633 4697 3248
3924 5593 5338
5450 1193 3711
1653 4821 8834
2075 691 8557
295 3913 1005
1375 3827 1614
3264 2619 8808
1930 3398 1053
1890 3816 6332
5382 5897 1768
2138 863 460
892 5742 2566
5993 740 3548
738 4879 4929
4260 4319 8334
3177 1939 8125
2169 3142 1707
2022 4906 935
3835 4002 4626
2742 5898 4591
4801 4764 3284
2010 4238 5286
4216 641 9030
1125 3379 8037
3321 2097 5042
4359 4342 2769
4041 5129 7197
5336 968 7558
1393 1286 8235
2998 5608 6702
3814 1172 2235
3188 4198 6262
1379 278 8623
2395 1474 8805
274 5686 4404
5116 1239 9312
1 2786 3092
5040 530 2371
5787 5660 4059
383 1267 4855
2204 4273 9999
5729 562 4398
391 1544 2297
2139 1430 2332
489 5382 4951
3961 4101 3660
2985 4281 1623
3737 5456 6494
4671 1238 1885
2115 926 36
323 915 6413
3180 5781 4280
3271 2772 2386
4625 4637 9331
4080 4092 7939
2754 85 501
2378 5686 5152
3063 1357 1267
1682 372 4744
2957 3445 3731
1275 601 6368
1226 2572 7616
154 4687 5191
4591 1982 7277
3794 3488 9382
3387 2742 3685
3867 5479 1082
4000 1657 2534
2657 2630 7466
5520 1969 5319
637 1600 1658
4303 289 9210
614 4569 5131
672 1798 8787
192 3822 9811
1902 1119 9829
958 5675 8005
2268 2971 5159
4433 1122 704
1572 3574 7215
5117 972 2751
1746 4830 8444
5814 1793 7700
2933 1388 8155
5696 5083 1710
870 5652 1086
361 1492 9743
2847 2030 4680
3049 3926 2930
878 2031 501
214 5886 7155
3668 1802 2395
4911 4017 6854
3465 477 6712
5657 5861 637
1217 4559 7038
5640 4067 2949
1546 3422 8684
65 5286 3386
2618 442 3259
1101 3484 4696
5151 906 2228
188 2560 6148
2151 2656 9442
105 2375 5581
723 4518 8959
2129 479 8929
800 5461 9112
1464 451 5978
3408 3993 5567
491 3301 2729
2870 1895 4530
3575 2465 4704
5501 2024 9808
2555 3234 2662
3235 3076 1971
4093 654 9687
26 224 86
625 3386 8622
1946 5705 2801
380 3658 4456
1145 407 9125
4294 1686 3379
5166 2217 8041
5295 5066 7995
1096 1560 6851
1929 5055 7586
5018 3362 2875
2974 2854 1512
4610 2262 3636
2244 163 9557
4150 2461 2744
3022 5214 6700
1456 5926 9999
1855 4669 9210
4687 2199 875
2130 1516 7211
3799 1440 4512
1772 2428 5018
4537 3727 4811
3989 2824 3773
3356 2272 7388
5043 5032 9540
4226 54 5701
4155 1510 5762
2761 278 3669
5476 1323 9848
3128 2552 3618
332 5672 8362
4602 5628 5790
1395 3731 6572
1007 3490 770
3418 2868 3820
3461 20 5558
3134 1190 5923
4790 975 5399
5326 587 785
4487 893 6566
5489 5878 253
3455 833 1071
4974 283 5895
998 2856 6022
4209 3149 4046
2206 5403 7368
1819 3631 673
1241 4891 4245
5406 5079 7861
3896 1622 8608
5927 639 1961
463 4034 469
43 4067 3019
3986 2625 8250
3155 4391 1722
2165 3707 4558
3978 3693 7307
3483 5717 3042
3905 5750 8915
4444 4331 4355
28 2679 9577
3993 2803 7739
174 3832 9495
1725 3630 7863
4932 1925 396
5835 2125 637
1066 4310 9041
3138 5824 3138
5580 5958 4158
2404 5428 9759
1956 1744 3460
5982 4304 963
4178 1054 4263
70 1737 274
1810 1394 4201
4153 499 4654
3524 1392 3318
739 2304 8235
3949 3593 2460
2698 5433 4989
5335 3814 2812
852 166 2224
4118 4754 1214
2687 4372 2781
97 3884 7848
1161 4550 5879
95 2454 9043
3778 3095 4661
5287 4718 1
198 289 2569
2767 5513 9877
5520 4417 4036
3652 1095 5442
4405 4961 73
1165 4418 3927
4636 2875 1310
4139 4661 8359
4569 5968 9487
3065 2294 4726
2170 1514 5492
4228 3227 8390
134 2032 8440
3633 900 3715
1729 3340 3630
2306 4628 2587
409 3401 6554
5473 5404 4815
5860 5285 9588
3262 1435 3408
5187 3531 4198
1116 4971 7665
4897 710 7184
111 5527 673
724 2578 6566
774 4048 659
1920 2275 3789
3797 5311 679
5993 2974 8027
993 5687 1504
3555 2035 8558
4715 4104 148
966 2208 8379
1935 5990 6902
4585 5417 1704
4082 789 4860
3886 2915 6631
112 857 829
1129 3116 1686
1444 2129 3168
3006 4048 7726
729 2543 2719
5483 1075 3436
1868 1177 8418
5014 5131 4253
388 4666 3783
5260 431 868
1711 634 1916
1092 5705 9590
1394 5113 8700
900 1902 7727
1258 4616 8282
4253 2 3288
5119 1335 8105
1485 540 4045
2889 879 5439
3357 4020 5347
2468 1028 3377
2491 3598 9950
5063 1875 2623
1579 4809 3957
749 3438 8992
91 2575 4505
3388 3762 7203
1191 2849 2497
2828 2251 8220
4615 3478 6192
2813 3291 9293
5936 3925 3910
2001 4962 5997
3345 2071 5196
3497 33 9567
4611 359 9117
2884 30 5466
5766 67 6728
4635 3724 7216
5536 2152 4470
2228 1304 2162
1630 5200 4787
734 97 5257
68 2351 671
1160 3960 269
5308 3283 3174
4281 2081 602
864 1345 7520
1644 3867 398
2770 1426 6520
1780 3948 2296
3768 5431 3835
3734 4833 4030
2036 3547 9818
856 3818 1714
581 820 1514
1241 5754 3256
4651 2125 5985
2248 5710 4610
257 1 980
2875 5574 3386
894 206 2147
5686 5679 5247
581 4315 324
1736 1566 2644
42 1243 8882
5290 3309 1554
1529 2087 1930
2885 55 9061
5126 2833 2727
53 871 7829
5768 2223 7927
2867 2054 5497
2356 600 1033
4317 4519 5026
196 1537 1457
5139 5842 4508
1174 3029 4330
1861 2483 9805
2267 2548 6038
2237 2612 3170
73 28 6354
4883 4381 4759
4354 5265 8474
5814 3613 3660
1431 43 7747
3310 2709 1231
4722 4686 3296
5360 5524 9009
1190 1788 7053
5816 2362 4973
1281 3279 5835
1208 3690 8302
28 5755 2086
1843 3731 644
3966 5937 7062
3775 1290 8616
2313 758 6741
184 2861 1464
2999 2508 9161
3247 4330 4374
3325 3312 1366
3653 5579 6418
4210 5902 5642
2351 330 6697
5191 3421 8476
537 4586 6845
511 5556 3209
3848 2780 4188
2936 3519 5590
1091 4429 8212
127 1894 355
966 1904 1340
3117 2464 6507
5561 4886 4621
4973 3841 117
5596 4403 966
1163 4946 5891
5746 659 9365
4752 3211 3676
3846 461 1858
15 634 3599
125 2537 6561
3934 2376 7013
3567 1575 639
3371 2159 7589
3483 6 6787
725 1003 2345
5428 3321 2784
387 1137 9252
5795 984 9724
2546 4084 554
4505 5526 7800
1532 3050 5914
4507 5450 3178
3881 438 2311
599 2796 2269
5827 4666 5462
1766 5635 931
3865 1007 2612
3022 3517 7548
3379 1321 8116
2710 5994 8473
385 2950 8085
1915 2709 983
3311 1805 8251
2006 1316 8417
3403 4748 980
2649 5713 7235
2242 1762 8465
484 3659 3626
3570 4776 9461
1370 2722 1243
2392 1207 8641
5805 4977 1280
3141 1284 3911
4698 956 6348
1467 463 6702
3430 2678 2436
5400 4094 5422
1147 1880 9297
5511 4011 1337
4366 555 1452
5333 2232 9817
3964 2820 2566
380 4203 2676
1630 3955 5972
5410 308 3837
682 1377 9601
13 3947 9741
3169 1990 6937
2758 3285 426
515 5905 4367
1178 548 4647
5904 5178 9431
2847 4202 7458
2365 2267 4511
3978 5929 689
5484 1134 3987
4465 1741 1681
4763 2082 8722
5811 4778 478
4206 1801 9252
4406 2147 2683
5895 5161 5358
1244 2299 8089
5384 1516 519
1079 2789 8426
5606 5026 9498
2160 4813 6905
191 3826 2485
1304 4978 8609
5750 3450 6180
785 2831 7356
5770 3101 3264
1949 3995 8737
4626 1174 1309
2857 3850 4862
3858 942 5662
3717 5962 6456
3157 3875 9630
3005 235 9171
3941 308 8939
50 1371 6888
5520 5304 4782
2372 1650 5627
3394 4711 6252
3776 5759 8555
154 3319 8379
5985 2072 6094
1420 1245 9026
2399 2067 6391
1565 2953 7000
150 1212 5819
3331 4411 8849
4045 3373 5515
148 5530 3897
5003 4452 3428
5885 2690 1362
3682 2870 1068
2493 1034 82
4123 3 9975
1830 3186 6350
2572 2689 5657
3602 669 1376
3291 2823 7167
2731 3794 8959
4714 4601 1766
1609 365 5905
4666 3206 4395
5932 2301 2334
1414 3754 3797
5597 5431 9474
505 4697 5344
4281 5353 5516
4166 3571 7169
2109 1575 1001
2405 4518 9673
3838 2880 6206
4773 3961 9533
2499 3557 5715
304 3281 3264
4817 4405 6016
4885 766 9715
4717 2642 3107
681 2291 1933
656 3602 3472
5448 5631 5211
1883 5937 2531
1011 2930 4063
2873 2509 7101
1898 781 4184
5143 4375 4131
2915 4048 448
642 74 2524
5262 5412 6973
1097 507 3906
2303 5571 4877
2843 5829 736
5134 358 1564
3345 5338 7257
415 1144 8324
4351 5871 6010
4213 4948 3885
141 4626 6351
2789 944 7537
4550 90 9182
3651 3068 7707
5441 2260 6782
1253 1256 7328
5806 356 3198
3322 1005 639
4411 3046 7938
3866 2146 448
2282 503 8537
812 2017 6371
4859 3024 2041
815 4517 3098
1476 3032 9897
4406 4224 9153
1451 5029 8470
3715 4695 371
2708 2178 3834
4685 2462 8164
1082 1340 434
4862 2579 5275
695 4387 1636
5464 2737 910
5635 4612 6734
4294 2084 9442
2609 2081 9198
5610 4423 7869
4197 885 6172
4326 886 5732
4969 4161 9237
2289 3463 1808
3227 5398 2822
5460 2235 4255
3252 5327 4838
2312 1490 4464
1306 1148 7760
4916 3812 2998
2118 2247 2093
4805 1597 2683
5847 4534 6588
780 3447 5838
3404 1682 5183
2696 5849 8355
1818 3797 5492
3556 1800 6123
2916 343 9857
2121 617 2887
2133 2731 4095
2898 1630 48
2754 3614 2151
5070 2607 121
4950 3159 2506
5404 2684 4761
2597 2003 2019
5889 5056 2205
1971 227 8317
5343 2507 3321
493 2662 8317
3177 3592 9384
3391 270 1476
2425 4751 9632
5765 3998 6395
1874 351 3349
1966 648 7369
3377 1787 3383
3820 1930 7225
814 2813 3531
2866 5311 8386
1154 5280 9149
5592 3539 3234
4762 5790 7483
4423 2201 7918
5147 853 3636
3595 4644 9773
2862 3162 9214
2769 5837 2171
831 3519 4458
3928 4089 4736
1538 1348 4863
3657 5743 5880
520 3766 3607
152 4521 7856
1298 3134 6638
33 2183 9940
151 3121 7430
2549 3455 505
612 3585 2364
5205 4778 4753
4897 1572 1806
3270 791 1287
3059 2600 872
969 2146 3018
4665 5644 418
45 957 9659
25 5438 8773
1016 5310 6015
272 1882 179
1596 2849 3387
5484 3264 1699
1608 2475 3034
3708 5537 4197
1805 2613 5580
2329 2088 3195
681 1755 2996
4990 5944 2841
3803 1517 3814
5612 1988 1886
4068 5908 1519
4631 4244 7855
3517 5538 6353
822 230 9428
560 3954 574
2545 4483 8849
1820 2199 5367
2388 4306 1800
3174 5144 1814
2906 4761 3509
2110 2578 2131
4668 5607 9018
4209 1616 6869
5203 623 7272
4912 3118 9944
1157 4279 3074
4843 5394 8705
5454 976 5359
5310 3901 6767
3774 4312 1789
5829 3768 1500
1499 2244 9835
1042 1908 6753
2805 4629 8729
4234 5105 8993
2109 1676 367
2495 5051 9218
3865 2353 388
2134 2702 2152
4614 2320 175
4593 1342 3905
4086 5012 4472
4090 1642 2615
1255 1731 6789
4024 4412 508
5253 1021 5665
5084 3503 3043
3748 5317 5909
4672 99 9925
2142 1779 3361
3791 280 7352
5319 1121 8108
4888 3748 6634
780 4881 3513
891 50 3662
4987 4544 9286
5691 3011 5878
5965 5302 2044
1799 4218 6431
1659 4983 3262
4967 1204 6974
5008 4089 3802
2330 5739 7677
1706 4039 2770
162 3192 9921
4983 1147 2046
5815 348 5636
4034 5399 3330
3214 4456 121
4579 4638 4865
4303 542 5961
5723 4719 1685
3860 1199 7910
2965 5477 9011
4849 4143 3177
3975 4647 9392
3342 530 6731
156 1446 4654
2722 5240 6998
3620 2829 9818
2689 534 6558
2158 3297 2781
5910 5696 7069
1033 1085 453
4606 1459 8473
1982 5882 4756
3789 1569 179
716 1844 3136
4114 1859 7447
2799 1050 577
373 1111 1400
5884 495 4112
931 2058 5816
5006 1186 4116
2468 1182 2505
985 1216 8794
1201 4420 5666
1965 4143 5002
758 2915 8627
4264 5336 4839
1903 380 6561
4025 515 5969
3567 526 4450
3135 451 7671
2550 5629 9177
194 3113 9260
4399 3914 4474
1837 4204 3469
204 5455 5383
4447 1823 5245
3249 3201 3651
113 564 404
3300 1252 409
1220 5892 9361
3713 3686 3513
2909 4111 7313
5519 5122 940
4192 5992 6746
1821 2099 3778
4126 3820 3029
3734 4987 1380
5751 2136 2341
3306 1650 6602
4752 3092 6592
78 1473 2175
5927 4165 2607
2671 1825 8312
53 5560 5409
1095 2585 5089
5135 350 757
523 2983 7119
2357 2858 502
898 4530 6140
686 4114 3539
5246 5719 4575
467 3484 1668
2795 3677 6438
3021 5224 504
3401 3978 667
3788 859 5368
4549 562 2761
1877 3838 6315
2097 1558 6993
2308 1899 6099
4929 2056 2656
1087 4116 3453
286 841 7608
124 5608 6160
3519 2111 6224
168 1074 726
1949 4516 8084
3049 2441 766
4882 3164 8799
528 2575 3534
1576 4880 4584
3034 615 2112
4405 2492 1289
2891 4630 6818
2335 1245 6381
4915 3760 8149
5992 1831 3868
291 2932 5533
4058 5077 3956
5079 876 8559
268 4854 7832
1124 4196 5798
2223 2337 6207
5617 4687 7591
970 4084 4243
195 2827 8526
1156 772 5280
3630 4594 8504
1714 4821 407
3935 3655 3666
4905 3716 7760
2989 3928 8697
4784 1612 399
1148 4057 423
2859 4398 1030
908 306 9612
2573 2737 578
1983 3813 7536
2587 3153 1222
1508 1061 2855
3545 3587 3744
165 594 723
3387 4557 2569
2052 4067 1278
4872 5408 8198
2629 1090 856
5356 5300 3408
1963 2996 9312
256 2891 5774
4888 802 8996
5951 2421 9252
3953 4464 2778
2934 5578 3394
4317 5641 6388
4060 2348 3836
5380 3204 7247
3733 1581 7159
2717 3354 6109
148 3183 7467
5735 702 2400
1038 2940 1218
375 5163 3753
3045 2789 4665
416 1081 523
4049 408 1546
5073 5608 7197
276 3821 6868
2329 3330 2
2413 98 4722
3783 1471 9028
2259 5589 3235
4162 5512 1833
2737 4526 3692
5852 3812 807
2676 3661 9269
2970 3047 3978
5950 1496 5789
2185 1890 8991
2334 1905 5214
1982 2523 1385
4862 2941 8047
2414 5999 8913
1652 3928 5360
2540 3280 4879
406 4923 5963
1277 3429 9978
3107 3027 5815
3339 1641 1939
1293 1146 9949
4955 566 489
5966 5316 5310
954 5030 5032
5624 1200 3980
1755 1561 6654
3431 5724 2551
4102 3561 3197
296 1313 7942
3418 2141 7622
1626 3170 8513
2566 45 2464
1133 2180 7974
4624 2125 5395
1849 4727 3741
4325 4270 18
5567 674 6806
2609 4293 7270
3643 300 2378
2680 3722 9542
3696 3867 733
4794 4195 6932
313 5829 370
1925 5130 6423
3612 3764 6702
4492 3873 9768
2242 5320 535
1569 5744 9386
4718 2851 6459
4499 2501 8900
3096 3182 6207
4197 2672 9531
4170 3357 5451
294 903 1768
4163 1505 7001
2270 1047 1738
574 1986 8216
5016 1830 761
5562 5935 2724
4979 5663 8606
718 2727 5447
2121 3858 1132
380 4425 2850
391 1524 4525
3751 418 5808
304 3931 4367
3475 4328 7988
302 5799 9598
1148 3057 1188
2218 4135 5057
3100 1275 9805
4693 767 4071
3678 419 2117
4328 2679 1959
3596 1842 2326
5530 3667 3349
5609 890 5071
5840 2236 576
4704 3880 5908
302 5915 2986
735 4879 8132
1614 4151 9751
2737 1259 3400
5443 4742 6302
4671 4289 4603
3991 2141 1902
1031 1260 4270
3120 2456 2585
717 4393 9847
4832 4355 5802
2761 1034 6616
21 1738 219
1312 3807 463
839 1735 860
244 416 3796
2477 75 2929
293 4064 2053
1497 3653 80
3099 1341 3756
5017 1582 7800
566 4501 8150
370 4050 7543
583 2380 6287
3046 5053 9025
1428 4266 7503
2272 5562 6378
299 4042 7928
704 90 5646
2281 5226 2255
3701 2768 8936
2440 204 7479
384 5836 2588
4562 873 1239
3660 5245 3439
3412 3629 5777
4735 2829 4648
401 5327 4078
1297 1035 4761
3549 4583 1162
1283 369 9646
4739 2409 2964
4445 4745 6528
2285 415 8969
3846 2619 2085
3271 3979 5252
5962 915 8395
5200 535 2098
4831 4460 2149
474 5066 1233
3391 5490 6606
4176 696 5581
511 1343 6139
1940 288 3156
5264 637 4556
3094 3429 8321
2611 415 8288
2119 3926 108
4144 3302 7750
4553 1541 596
2338 3896 4543
4904 3863 9462
4074 1602 3091
2982 469 8555
5664 1591 4375
2228 728 234
416 2294 8374
1628 1750 2633
5105 5526 4551
4308 5922 1925
1085 3019 5002
5753 3985 1185
4692 323 4571
4971 579 8067
3768 1282 4705
5072 2282 8096
2491 1548 2437
469 987 590
3769 400 7181
995 113 5507
326 3141 2679
3083 4655 248
1069 1738 9666
4877 857 49
1632 2169 8095
2112 751 2832
1625 648 5722
3937 3789 2852
4111 3937 9749
2808 5424 6936
2442 3728 6519
1585 166 5128
199 2959 3346
3308 3649 7023
4924 92 2309
2228 2652 9878
5702 4512 7647
678 4037 3849
2570 810 7471
4837 4285 4637
2279 4959 6949
1914 393 599
900 5906 3511
3620 4157 8950
3859 815 792
2412 5163 8153
373 4376 1257
4924 2497 6318
2147 3997 5754
1710 2140 8912
5718 3880 4379
164 4402 4792
4763 30 9125
4835 1016 8310
4021 4429 8788
3100 4387 5631
1808 571 7133
5064 2254 8223
196 4303 6191
553 1228 4582
1327 886 2687
3861 5275 3702
1721 2091 823
2749 5177 4362
5967 1146 2430
4683 4624 1637
4691 5846 3160
5630 2137 5733
5746 161 9359
2189 1593 6709
5788 4965 1014
4413 5450 8690
1709 4497 2037
4362 3821 7402
1649 5882 8313
3060 4748 3055
5079 5584 6165
4046 2701 6333
2145 3411 1461
2693 288 477
4928 883 5631
2080 4440 658
4546 364 1850
3179 2492 1213
3255 4772 7781
1787 1081 4544
3649 808 6752
2283 2935 9963
4212 1273 9969
1537 3220 7050
284 4277 1888
1107 4083 2120
1582 3103 3386
393 1317 4451
2764 3202 9775
3965 2916 9329
5852 2139 8668
1224 5967 1064
4990 2274 4992
214 931 9803
2752 1838 4808
3530 5214 7949
2755 1141 8153
4517 1363 5203
447 1403 5913
3118 4202 3616
4297 1542 4025
4570 605 1064
1177 3024 95
5975 4371 4269
2372 4096 1685
1791 2681 803
229 5546 6476
2181 2067 8469
1589 4133 1959
1987 2971 7704
5022 3126 1768
1989 1531 8165
2544 2554 1661
4105 4618 3645
3823 960 6978
794 671 6912
258 3155 6575
5072 2318 7837
5800 3672 6554
3516 510 6849
5254 57 5032
2576 3998 8462
2471 962 7993
1644 463 3166
238 5220 5078
4283 631 8563
3847 4422 2846
2207 5962 7339
4188 3984 4883
3236 1020 9705
2234 3622 3814
2167 2300 2421
968 1638 3932
3425 2620 8313
1734 1435 880
2885 5104 5806
2842 5771 6181
4847 2111 419
3315 1898 6158
5293 1765 9272
3521 570 5928
4394 4968 2957
67 1514 7326
3162 1964 2372
4397 3227 7292
1619 2970 2559
5819 4481 6571
4164 3755 5272
964 5726 9179
5621 4983 7014
916 3232 4945
5406 2555 8445
947 4443 3793
5451 4463 3473
3182 846 9885
1374 5529 1060
4159 5694 3587
2946 648 9045
5194 1289 4116
3119 1748 9689
4510 4905 2653
5741 3733 3511
5432 1051 6704
5819 3428 6369
2806 3027 5898
3127 497 2455
5423 1943 8847
1932 1997 6587
4426 1835 8376
1324 4245 2635
3635 2035 9786
3927 4274 913
2329 1414 9099
1410 3783 5536
1751 398 7299
1095 4259 3411
4121 5007 3101
4587 3190 5671
1612 1881 3915
5435 5361 9184
4315 1186 968
1808 3115 378
5584 5477 8682
2736 4258 8136
3361 1325 6617
3569 4313 2346
2608 1747 1913
2806 98 8982
2436 901 1314
1612 1541 6286
21 1756 2751
1910 1355 1921
4005 3563 9411
4893 1217 8708
3999 3373 1117
2546 555 388
3853 1 2855
4776 3500 223
3979 2141 2603
837 1117 456
2458 5617 7361
2799 225 3647
3170 2122 2145
5049 5304 1421
3011 1869 3664
799 928 1559
4833 990 234
5943 588 7489
3839 4918 6174
938 972 5468
5163 2678 602
5817 377 7000
2525 1068 250
4300 4095 5012
5244 2011 6946
4783 2815 2381
3257 988 280
4321 5796 8467
1926 593 8443
4998 835 8902
3192 3898 7323
4555 2745 9379
4779 3633 4405
185 1082 7672
903 5850 2444
3574 4432 6797
2871 1308 3683
2448 883 7531
3810 5244 5195
5657 5667 5399
1038 604 7134
4972 2231 874
910 2914 3244
4556 4230 3169
4225 1849 2090
3178 5024 4049
3351 2180 8086
4814 1633 8885
4988 518 6993
2103 3459 7171
4036 1988 1593
5554 3811 8600
3615 3961 420
3140 3196 6020
3465 925 7401
4963 1825 9906
4444 1932 1742
3598 4346 4255
5072 485 4031
3945 3266 6242
1169 2111 4465
4696 5601 8874
1147 2367 70
840 1937 7593
3317 5966 3467
5507 5764 1963
4797 1550 7454
1867 5679 8969
698 2440 9759
4173 1412 9993
1353 290 9118
3509 2124 998
2805 287 4671
133 796 5680
2002 4341 9162
3542 2491 4971
5841 1621 3346
4164 3311 4125
1483 5181 6846
864 3907 7602
2274 1495 908
5416 3511 6619
2829 2530 6873
1595 3214 2969
3362 1992 7652
3077 2195 8238
2583 5636 1385
4876 5696 6995
3514 2535 6258
1024 1115 6690
4546 3314 1726
4906 3043 3082
4372 3970 4770
2093 3092 8370
2338 1186 2283
90 1746 8966
5449 2918 2523
1271 4698 6966
2606 5389 6233
1738 264 685
4590 3029 6281
5312 2045 5541
5954 2943 5610
3791 2628 9632
3173 1119 3446
598 5745 9327
4170 3319 4217
5334 2873 5810
3476 487 4634
994 1819 616
2081 612 2931
554 5944 1813
3768 2761 3568
5314 4633 74
3658 1652 9527
2392 4952 7082
516 1909 1197
1187 1872 5984
4947 2961 9478
5527 4803 9952
5253 4658 5634
2801 4968 9346
2973 4617 8534
3478 1610 6939
5203 3367 7735
5483 2322 9323
5713 3272 7272
5135 5592 2529
5507 1 5191
2557 4012 4746
5592 3957 1326
4271 3431 9389
4147 5390 2657
3603 4515 4757
5556 28 6470
2431 4179 5344
3746 3613 2142
1870 1739 9819
2601 2314 9893
1642 5294 2979
919 5710 8575
5516 2231 6226
88 5423 7368
1493 5076 8570
4143 372 5461
4793 3014 238
4034 2182 6155
2009 5530 9814
822 3534 2149
259 3304 9043
919 38 150
4055 2270 7241
1780 4963 7368
1844 852 5387
1112 2297 2048
5156 333 9223
757 2766 7044
579 2373 9605
4974 2966 5945
3677 5021 4415
1091 1416 5346
4460 4173 151
3021 5880 8485
1348 5508 9037
440 924 7669
3296 1164 3197
5588 4151 9610
4072 2929 2052
4334 3207 9353
4109 655 8436
657 157 3871
4811 4216 1087
488 4705 6761
2723 5455 4699
3195 4743 8248
4667 659 5462
4039 3608 8058
3324 655 7547
3742 2117 5829
3464 4037 3655
1865 2808 8815
750 3960 5696
878 1410 4583
298 2082 2499
2329 5552 3182
5815 3672 2879
654 2904 5251
3283 3195 26
1239 5826 2519
4777 5014 9095
3009 2597 2886
4389 2614 4155
5490 4292 1771
1681 2086 3633
5282 1328 1665
4754 2595 4219
4984 5243 5787
2895 1494 5737
3842 902 9179
5004 5187 6143
3277 3393 3317
2870 714 8447
3113 3697 8394
3454 2561 8788
1577 2442 7962
4972 5740 4690
1169 804 4289
4558 1204 1526
2806 3965 4876
4544 1611 4613
3360 2501 2306
3157 3106 681
5961 826 884
5418 449 176
5950 4398 2649
3817 81 3847
4770 5983 2204
4723 5198 515
835 2664 2321
937 4857 8709
1475 2023 7913
1171 3171 5287
3066 5793 5178
2982 3716 943
3770 3400 592
3121 361 5399
4651 1033 9257
5850 1087 3461
4088 1128 9673
1422 205 2259
4889 2096 5561
849 3858 8163
2891 1641 1633
4005 5067 4272
4720 1732 2132
3621 1435 4662
758 4764 5381
3845 4534 5790
3520 5028 9582
1030 4606 6015
3460 4895 2613
1623 5147 3638
1695 2936 1415
2314 3141 995
1681 3085 5804
870 1102 5303
1286 2487 8414
541 3984 4510
4887 352 9193
1931 3680 3102
5586 267 9404
4616 2792 3975
1649 1939 6681
1611 5475 5842
56 3269 6151
305 5560 9994
3907 1600 1426
5645 3713 7277
4749 3692 5194
4343 5629 1961
738 5739 2771
5495 3421 7993
2877 2873 339
3270 619 4451
2037 5153 3243
2081 1953 5102
355 836 5032
522 1626 1459
1710 4361 5402
5577 2975 5693
4498 1466 7634
133 4855 6417
2527 3962 2299
3358 1567 35
4803 3213 3441
5686 524 4180
4150 2195 2290
3583 4973 4108
2327 3411 9035
1616 36 1733
4978 4060 8945
4858 1153 4965
3476 511 7011
4353 5093 4544
4539 271 897
2080 737 5317
2402 972 3673
1986 3920 2850
834 3291 7364
2258 5614 5132
2642 1604 1332
642 5971 717
3666 1357 4660
4561 2315 202
4092 975 6758
752 5164 8995
3505 3932 9223
2940 2997 6861
5261 956 2034
3230 3461 3753
5168 965 4282
478 3160 7047
1562 2134 7837
3584 1711 1327
1360 52 9115
4044 1941 6737
5910 2452 9884
3029 4685 9915
5327 4473 5598
3346 5296 4453
1876 4622 1623
1101 2848 4168
185 2512 3911
4621 5485 9979
4567 2609 2508
3156 3860 4890
5215 3077 1116
3182 4996 3703
5367 5166 4486
1649 4119 5040
406 2216 8773
1355 1096 740
4126 3803 8319
1099 2423 1914
4203 1036 8585
1874 4785 9458
2173 1674 7715
1729 1831 1585
1839 4546 5657
2499 5361 8868
3926 5703 9746
4699 5230 1330
3677 764 1143
1794 5136 3587
1146 5559 1271
1039 4752 9212
4577 933 4897
5625 4486 3684
5507 146 9326
2520 4304 1691
3521 390 7362
31 3778 9173
3387 1021 6759
2406 1650 2191
2406 3507 1804
3449 6000 3635
2814 1220 9410
3647 5412 8691
5428 4763 397
2372 145 372
2819 985 2600
2354 2651 5602
2764 4687 7698
1341 4936 3879
2515 3900 9870
1350 963 4353
4696 478 6982
3526 5422 8592
5553 4543 4048
3422 1562 5023
744 1645 9877
2541 5647 8844
2691 589 5716
57 4755 7404
5344 2015 7352
2930 583 8452
5384 3817 2547
2246 730 4711
4739 4366 7037
5552 2528 6887
5483 4379 937
3021 3353 986
3227 586 2308
1031 5356 7046
2351 5294 7455
3926 2072 5358
1547 3917 9587
3113 3011 6026
5149 4134 520
3850 4012 623
2249 3822 6123
4965 1971 5703
1532 3561 1631
2852 3247 547
409 5018 2741
5573 1136 6303
538 5135 2011
1661 4324 7736
3707 3662 4013
2093 1432 9279
3265 5704 3824
1034 2107 6910
5254 3580 4749
4896 2080 9214
2862 1407 435
3204 629 3839
4710 2692 7599
2229 2119 4277
1355 3061 1510
2309 2547 1040
4533 2724 7681
4100 5025 7221
5789 3250 8019
2013 1240 8288
4345 5059 1318
4040 2897 2624
258 5110 1257
5008 2148 1002
1860 3091 6237
662 3712 8909
4120 5438 6519
665 61 6828
2922 3074 7032
3985 1260 7334
5116 1854 4993
5672 5829 419
320 425 8733
5169 2286 3467
3018 3186 285
982 3234 493
5012 4745 4724
2195 5908 7131
1242 125 5593
1958 937 8088
4640 2109 691
5456 499 5889
1857 1589 421
3151 5856 9439
5876 4693 5481
4383 2066 8409
4727 559 2478
2711 64 8977
3702 4928 8618
4657 1075 6556
1504 5182 5750
5718 1814 842
4121 5933 7353
4167 2534 1252
2679 2347 7121
4421 5876 6723
5599 4416 3038
512 5622 8765
4039 2167 3279
747 1779 3343
966 2035 4366
5588 3884 9928
5015 823 2443
2506 1674 8055
4639 3846 2091
5259 4990 3888
1579 472 6950
4990 5834 6815
2085 5265 7404
4720 2808 1664
5860 5155 8704
1789 2534 3233
1968 3641 6658
3257 4735 1055
35 2264 1787
4500 1569 451
5073 525 790
288 2449 6757
3073 2543 2725
3001 2597 9056
4394 2360 9947
3672 2993 1904
655 216 3038
5812 1495 6829
3155 2227 5342
1654 984 515
5131 2317 6803
5197 890 3562
172 1438 7869
3326 1422 85
4227 4850 6343
1994 610 3902
1903 2471 2941
3570 4360 5067
4165 2642 4735
2415 113 9172
4371 836 5506
5412 5110 3667
5211 3370 9006
1058 3555 7474
3962 5961 2109
4626 4092 5281
25 3616 580
40 1429 7699
3793 2890 5627
3658 5348 9353
3212 5988 2139
3853 5475 1665
3497 3902 7065
5381 3642 3019
3568 1906 1104
4766 1858 2026
4819 558 5168
5521 4060 2333
5256 4134 7516
850 3378 2081
3593 4345 356
1152 5550 8447
261 4746 4567
2815 2108 4066
1295 2853 3236
1356 272 4543
548 2140 547
1695 1643 3282
3986 4882 2673
2234 2287 4443
273 2193 4119
5828 1464 1225
4048 3449 4747
5050 2582 8802
1001 1881 5771
2513 4886 6918
5093 5717 2635
4669 514 9024
5117 3390 9554
239 462 4021
2507 5321 3659
4843 5474 2278
842 2564 5063
3126 1805 5156
3964 466 9529
3367 4793 4290
3107 4953 7513
1126 2282 2278
901 1704 1450
3155 1564 7016
5921 1267 213
3226 3034 6752
5086 2511 7789
482 2973 6642
4531 1069 8853
19 3072 5132
3419 438 6414
1284 520 9442
898 5111 9048
4496 3675 1322
3698 2768 6657
1233 3296 2181
824 5818 1043
5953 4937 6450
4387 4526 274
5290 2899 9317
3980 2281 3713
2374 3920 8005
5853 3723 1086
4423 5598 7624
1434 1891 3830
2804 1691 8949
4468 4145 6550
3184 1480 3901
3334 4291 1878
4224 2325 4935
3344 90 7678
2596 4388 9779
2343 337 934
2738 2307 8035
3028 4640 4192
2753 2926 5110
5618 2352 2722
4133 4012 2005
1505 3729 5095
1266 2949 6508
1795 4708 7024
1935 2519 6331
967 596 3620
2438 2620 4175
4531 2052 7783
5371 894 1547
4368 4219 4044
1190 3380 3732
4088 1176 7213
937 5538 9158
1236 903 9148
2574 5304 5695
325 3800 1218
550 1908 5528
2327 3885 5796
3904 3014 7103
475 5297 6840
5626 4506 404
3189 4434 2761
3237 2487 2861
1059 824 3845
1250 4075 5220
1477 1831 9845
5143 2035 5827
532 2478 898
705 5901 7817
2045 2218 2439
4289 1211 1365
4929 5102 5306
212 5653 8141
414 3821 8566
1410 2798 4697
4928 4631 9970
4375 2941 7152
1246 2048 9673
263 1337 995
2763 5416 1928
3855 5577 655
539 523 2715
5452 535 2453
5314 1115 1741
4746 1443 5268
2579 1647 5585
926 736 610
4806 74 3445
3504 3317 4871
3659 5984 7150
4733 3336 3475
579 3697 4276
3633 1946 2192
114 4095 1897
1036 5591 4207
674 3904 7829
1581 1361 14
4443 688 1229
3005 4914 2713
2482 1878 2802
2344 1371 4014
1768 2256 8871
558 3706 6357
130 5825 4248
2348 5238 3500
1218 2168 2733
203 185 994
3665 3244 1607
3004 4968 7848
926 2149 731
2338 3085 5440
1634 2347 1766
2391 1218 533
1641 3702 2740
643 2394 5602
4404 5705 2104
41 3234 2799
1101 4908 9947
4095 3570 7440
5013 1303 3281
2371 5993 2444
1428 4364 7123
3797 5928 8110
5994 5071 6251
4536 3692 74
446 2560 9732
3389 3518 3928
1726 5288 2372
1675 2660 1371
3951 997 842
2633 1149 2986
3858 5821 9658
4146 1151 214
519 5140 9046
3595 4815 869
4185 1023 6821
2211 4252 1814
2466 913 6827
1058 5629 2752
2286 3496 6323
5219 662 8841
2485 316 6480
2284 5699 5263
1346 5477 5960
16 3846 9104
2346 4927 2709
4914 642 8904
4352 3699 5316
5833 392 6035
4799 3839 8603
610 1891 4718
5357 1863 3901
4688 688 2702
5911 392 5526
4752 4238 2412
4719 778 4460
3882 5616 5443
972 646 4288
5157 499 3078
5248 5562 539
4412 1361 5472
4886 5128 7318
363 2324 1626
4116 5786 4330
5382 5908 6025
4905 4398 3365
1487 3289 1188
4411 910 2559
2192 4819 9133
452 3970 111
3664 170 6834
4605 5031 1231
2202 5254 3367
694 1428 3697
5932 4060 4695
555 3042 4490
593 2870 7720
4393 1979 6121
5761 3236 7119
4506 959 3563
758 2923 4387
2088 3969 8458
1571 470 8757
4289 141 4660
1941 476 5534
4059 1048 2772
1167 3149 2175
3435 1712 6578
2715 1912 8402
1093 3787 4570
2460 1221 1478
3539 5029 4979
549 692 5862
4825 1500 7884
3348 3841 1705
4746 3587 8747
2771 2779 9380
3454 3971 9926
269 2795 1725
4048 845 2908
2392 4023 3266
2487 1154 3489
1035 917 1247
5214 2102 7662
2501 3280 1228
1925 3695 9637
3325 2419 6265
987 3026 483
5364 4895 5719
3417 1324 5547
498 1773 8074
1807 5808 6814
3274 3146 3860
2489 953 7192
567 3009 7367
4397 5616 7531
5394 313 369
4057 713 8225
3816 5548 5188
5437 1036 4447
76 745 2280
4679 3363 2328
2504 2936 8051
3525 4705 1988
5045 2673 9254
4370 5010 3069
2645 1728 482
4631 3452 4837
3849 3578 3568
5718 664 9952
5011 158 1126
1609 628 6147
133 344 8270
2339 1458 7667
2127 142 2054
3535 4239 6948
1463 3217 9340
4860 1264 9095
4444 718 98
1853 1846 1108
1651 61 6108
3974 1076 5499
250 3299 8726
4908 4533 7925
4859 930 984
295 2683 7909
1039 5410 6801
979 5314 7328
4 1517 2192
1174 1529 6322
2502 2555 1537
1980 281 7113
5032 5714 5576
4746 2491 7724
5621 1524 3043
3442 1898 5940
1256 2630 8773
4937 5051 8449
1086 326 8317
3969 2428 9316
3948 998 6588
508 4321 500
3636 930 9920
2851 283 8404
4463 5227 5738
2646 1521 2603
2793 996 9584
4781 5772 4193
1354 4784 447
424 1610 4286
4095 20 499
5993 2231 5891
4678 2729 3337
3111 891 1120
1973 5049 8699
3163 4535 2604
2748 4706 4994
522 5889 1686
1834 1881 2232
699 3488 5590
1643 497 1109
4767 738 3840
140 9 298
2445 1948 268
3628 1213 7185
1394 5329 1394
694 4373 8332
4665 3172 1555
4925 4515 4276
3049 3410 8273
3148 3640 3343
5409 5179 6926
2522 4793 6277
3111 4626 5499
3130 15 3040
10 3268 5275
635 2460 9127
5183 2165 1482
957 2273 5250
1308 1711 5266
2346 4377 2471
1056 3580 9845
5972 190 7345
1728 5761 5932
4613 5320 6450
921 5710 4551
5440 5504 1903
5590 5893 1597
4822 275 4879
4011 3028 4966
872 2889 9027
5131 4006 9779
1263 4869 4481
4780 1668 3660
939 2824 6161
4800 1831 9016
2888 204 9230
2291 784 3779
5214 412 6218
2004 1439 3280
4385 2541 1851
479 1318 8757
305 1443 8507
3968 346 9371
4981 1747 1366
1112 224 779
3016 1132 2066
3841 1781 2049
3171 4261 2718
493 291 6735
5536 2870 5860
2005 998 6461
2030 1722 2184
35 2824 7644
5613 2355 2817
5173 2521 4272
2446 4086 6596
4777 4197 1472
472 5789 1728
1673 2277 5095
2461 949 2957
3015 4176 4301
908 1965 3437
3637 4590 370
4335 1569 4445
4044 3642 4876
2798 802 3205
4035 50 9491
5894 2575 1218
864 4024 385
3659 3759 8591
30 3983 9608
5168 4257 992
1867 1544 4778
1257 3192 5671
3410 2661 3949
257 3805 7799
3385 5866 4390
438 2371 9977
117 3557 9183
2418 5523 1811
2263 3926 4305
4134 2736 4768
4708 1435 7697
4448 5616 5987
4448 1220 9645
4377 3681 247
2122 3355 6422
5410 5273 6963
2620 3590 7357
920 3913 6696
1949 5804 6898
1487 1747 5075
2078 3526 5995
4693 2440 3878
401 1458 4155
4757 1878 5265
770 227 3783
1445 3593 6796
1857 3422 1583
1392 3413 923
5687 3134 9215
1617 1462 9589
4376 668 2840
1054 1114 3376
1603 5524 7281
1973 1190 832
410 5349 6531
4877 5193 4186
1362 3307 8771
126 5930 1187
5962 1394 5034
3954 2673 6062
2068 3749 5928
1325 1407 338
4687 4540 7012
2608 4331 7161
3310 1169 1347
823 2166 7137
4361 5159 9903
5215 4621 7415
1974 262 8996
752 829 9996
1749 3564 6611
2174 4954 257
5591 1609 5875
2708 2212 5663
226 5062 9649
3306 3077 844
2144 3137 2700
5922 2815 8483
3388 948 7890
1524 1446 5492
4352 2160 8689
438 4511 7804
3500 5971 9131
2117 5971 875
878 4211 7957
1590 4465 8023
1245 5887 65
3844 1580 6473
5209 5156 6419
4582 3862 8189
642 4015 9536
672 1044 2390
4880 2121 3187
2991 5332 62
1600 1146 7451
3039 3388 5046
2942 4977 651
3069 4697 1833
2163 69 618
3496 5229 9279
1114 2553 4216
244 1029 7577
1897 4042 8090
5143 2328 4276
644 4055 953
2477 693 4289
4258 1492 9851
1886 546 6176
1459 4959 2905
2924 3568 8322
1390 3800 4480
4118 3653 8363
3274 2929 9755
3165 4876 8956
4317 804 8204
3790 2286 5108
3942 1541 7078
1460 2829 3431
1668 4568 3089
2780 3587 9433
1239 3580 6968
3902 2733 6942
175 915 7476
4432 5615 3807
4172 2908 6709
550 4163 5283
3474 1714 943
5268 5523 5966
3921 1177 3429
1358 140 4348
1629 5503 9639
5905 946 8178
3745 3548 9803
1522 1861 1753
3505 2305 6322
2158 5692 1511
5999 5299 2520
1327 5935 6345
933 747 2356
723 1629 5698
3705 3760 9230
696 1661 8224
5168 3778 9183
5716 1746 3240
5330 1880 5981
4410 5497 2448
5487 2227 7579
4353 2854 6807
5307 1205 3131
2476 62 2767
2362 4260 737
115 5368 9097
2186 5532 4666
115 642 1014
2207 1007 6245
5449 1534 7074
2308 3490 4008
2078 1155 8985
5059 9 56
1533 4435 3847
1295 1905 4618
3494 3950 650
2145 3978 6088
1124 5717 3502
1315 2705 3082
1710 1037 6074
1620 4596 6197
5191 1658 5337
4434 5767 4791
4175 4896 8676
4797 4111 1245
4294 2890 394
4259 4755 2623
5977 2912 276
4136 3803 8799
1748 1989 634
5505 2113 4326
4459 4251 1136
2094 1790 3352
3269 1457 8538
3079 305 7266
1844 1275 617
5333 5952 9290
5371 2282 9807
3947 5167 9796
5797 1650 5556
3445 916 7948
1844 1981 4068
2015 1675 4947
4102 3970 2167
5440 5522 5824
2500 30 8386
4193 2574 6314
4817 2656 7852
3574 5279 5387
1767 4570 4202
3650 906 5186
1218 2802 5675
5580 5936 1620
4862 5014 2211
289 2250 4110
4591 3690 244
3715 1965 2029
4954 1882 9031
3718 559 14
1009 3689 300
5981 1133 3251
5600 241 663
1426 1429 2085
576 1243 3665
1279 3437 5659
3885 4127 1686
2674 1049 3655
4663 5901 9743
2458 2625 6135
4073 4048 5026
1085 2530 9212
1395 4026 5859
5002 1508 802
3483 1599 5592
680 1312 85
5565 1980 6978
5999 2067 7029
3210 4475 5558
2780 159 505
2288 3430 9161
47 1226 7732
2004 5579 9954
3946 5629 7585
191 5370 8941
4859 946 905
2597 2983 8217
5867 5392 3888
2663 2533 5478
5068 1218 7753
4759 3417 5208
4177 5142 3014
2385 5027 2496
1822 2121 1447
2950 3015 9563
3432 4356 8888
1985 3029 6595
2239 2353 9023
1652 1257 4292
3358 425 922
3417 835 4130
2684 576 4844
2815 5347 2871
546 5640 904
1532 5866 7531
4055 4529 462
5407 1567 6819
4991 516 348
735 2020 2915
4244 2799 5696
3913 5579 7906
1482 745 8453
2898 5475 2377
2652 5961 9646
4975 5065 6048
3114 1137 7328
4024 5122 3551
2746 4565 2642
1096 2539 7550
5003 883 1715
4598 3588 2765
4375 5418 4794
2562 5727 3577
4131 460 8322
4869 1121 9462
570 5759 3122
3030 5425 72
560 3190 8203
2653 4499 4085
2115 4136 4463
4817 5672 7443
4394 5099 706
3089 5227 3908
3061 1293 7114
4432 656 7054
2632 1513 9887
4653 2407 9772
5616 1195 9293
581 886 755
2866 1810 7401
1806 5592 4180
304 1179 2515
4102 2994 4390
4365 3678 6154
4500 5138 5021
5375 1383 6807
2333 4173 4922
5740 4255 2220
621 1149 8696
672 2916 1228
4790 5993 384
5075 5726 2688
1475 2449 7197
2415 4756 5871
963 623 1083
2005 5568 4904
1763 2071 8570
5697 23 680
3677 3018 2321
1814 5204 8171
4054 4027 5020
5452 1544 2972
4465 4858 4152
1968 5029 398
5103 286 5749
686 3382 407
5288 4097 9163
5666 262 451
3350 3975 3317
1315 634 7438
1903 1831 6359
5217 3497 2417
3575 4972 3628
4125 2774 4374
1870 5526 2588
1935 3502 2292
5986 2752 7635
2632 3795 2471
2157 1120 7061
4683 3864 4402
5667 3521 8341
4514 5974 8275
3039 3027 1518
4400 5375 8762
3197 2074 6104
265 4076 4265
5238 1084 3416
3836 5002 7327
3903 4989 468
1746 2057 4622
4436 5929 4910
5283 2232 8714
459 4860 5555
4301 5686 937
684 4615 2545
5158 5469 9603
2274 385 7972
5609 3395 6026
3206 5641 2331
689 2089 667
3761 5868 8282
2333 4452 3185
2972 5815 7067
4928 4458 5197
2697 1855 4606
4889 3230 7688
2642 4950 2304
5570 4319 1161
3461 3873 2080
5735 5882 74
4097 946 900
4913 4443 5471
5469 1039 9979
3746 5360 1780
2646 2427 902
5473 4372 831
3227 5869 8246
1080 1161 6806
1216 5560 9656
557 488 3480
2129 2930 2586
4446 2084 7984
1336 1438 3234
2351 2282 8643
1967 1000 6510
1153 4460 5243
1902 3005 8761
2829 1229 2978
2479 4542 9901
2936 3911 3739
5407 5777 7002
2144 4434 1456
4776 1417 7998
4622 3145 7283
5949 388 7236
1676 3432 53
162 73 1460
1144 650 1410
5960 4833 5446
1051 1184 4142
2168 5206 9956
769 1677 1509
1600 30 427
2255 5338 7248
2802 1824 9826
2229 2875 2057
3743 5870 65
951 5165 9211
4324 1607 3034
1126 4852 7658
1844 990 4206
1650 5342 6227
3715 4706 9226
320 531 9371
1656 1330 8757
4242 3713 3057
143 4873 9827
2724 1281 8791
2940 2816 1353
2001 344 4007
837 5555 6092
4410 4623 8458
1192 3933 7025
1281 439 7278
4441 1855 418
4219 3350 8553
2094 5695 3853
4322 2782 3739
4788 1455 6506
2785 2110 4720
2543 1289 1181
4963 4846 1617
2040 2741 6919
4548 4337 792
2662 1851 6091
2643 3746 7517
5497 359 695
1103 5670 4154
3441 3083 8703
1866 5111 8906
2230 4782 5619
2578 3989 706
5150 1295 4808
2754 393 3962
3564 2754 9471
2903 5251 8216
946 5368 8418
5148 1285 8273
5470 5074 2617
5131 5576 5450
2751 3115 2172
5094 2200 6371
2389 313 978
3735 1258 3747
4558 1412 1406
3716 1857 8341
5001 3065 5510
774 4611 9719
2540 4868 2438
277 1864 8424
5637 2190 355
5849 4785 8027
5628 1122 1050
291 5400 3324
3742 481 4855
3443 2337 993
664 3357 9192
3074 5911 2032
5466 3854 9217
5839 2128 9263
4585 4442 9442
2459 322 595
2748 1219 4545
4955 2675 4505
1441 4388 9479
1019 1923 8504
233 2667 8473
5405 987 2346
1795 1390 2365
3314 5231 4525
1789 1306 9888
1953 38 9134
4243 1407 3450
3029 3984 8693
1987 2409 4723
3550 3624 2701
1247 1651 1371
5571 1453 6851
4786 4642 3790
1847 5673 229
4874 281 1159
939 5920 1144
3972 390 9700
2016 756 3462
2420 5704 7033
1085 1249 4180
3650 1056 5493
2546 320 862
4310 1434 1935
5311 347 1174
1656 4031 9718
4929 1125 4539
795 1035 7956
4063 673 6497
5906 5087 9380
542 2297 7009
1584 1100 6433
1021 1081 5846
2077 5230 1289
849 4002 8383
679 1806 1011
4529 4053 5490
2501 203 2077
4688 3166 4772
3958 2277 9713
1962 2854 1037
1007 2752 15
280 5609 676
809 5182 974
4458 905 4872
2242 2255 556
4135 3574 7765
1119 1868 2023
3444 2212 8826
486 4609 3733
5116 1963 2669
5814 4223 6439
1804 3010 8800
3183 4980 9924
4416 5950 4320
279 5321 3608
4282 582 1621
4644 5812 2588
1098 2753 7028
4359 4147 7328
5407 881 899
5887 3267 5777
4963 2726 6214
1262 4021 5035
4561 1729 3969
5243 5704 5461
5216 2353 357
713 3876 778
2011 173 1312
1665 4007 4317
994 2028 9553
674 3664 2734
992 4317 3227
2717 760 724
3707 5563 1854
906 553 3804
1848 4776 5668
5828 4428 9811
3838 568 1919
558 320 7162
444 2924 7076
1564 430 1429
5699 4456 4269
4703 5959 7399
5289 5810 678
3367 5271 1535
4322 5085 3600
1112 2052 5393
4054 3113 7620
79 1614 2574
1386 4992 743
5692 2655 6975
1330 5479 4696
1212 3497 7291
2451 4060 6346
2853 5968 4686
4210 3799 840
4407 1302 6669
4787 1502 8539
2193 566 259
3572 4053 4567
938 2975 4274
5391 3070 7599
4015 2625 992
4755 4009 4971
3646 2306 2
2307 1947 3704
1891 982 4312
808 1746 5313
2892 1104 4250
2040 5835 8934
3316 5500 1111
896 505 1130
5464 4557 4837
3434 3183 7119
399 2660 1135
2063 3705 4301
3950 458 7
2874 1134 6779
2289 1346 6104
1995 2006 6397
1113 427 7300
2643 110 640
4455 5856 5383
1514 4714 2745
2008 85 6265
1172 3134 1537
4006 4215 1021
2013 1073 8317
917 5277 3802
5597 4870 8977
2600 3348 9549
1694 2383 3040
4912 1698 2025
1181 4814 5816
4259 4237 9187
142 256 4942
341 3135 6377
2661 2510 2140
4853 4927 4970
5683 3810 6721
1659 2439 9091
5045 4183 217
3737 3596 4435
5835 688 6287
2009 2658 4690
777 4996 8196
2265 3422 6127
2261 4632 5862
2151 815 7823
2750 4082 4429
3757 1098 4460
4645 1901 454
487 5449 9032
3814 2793 7254
1423 2667 2528
3776 312 1845
3932 503 2952
2934 588 323
3243 3471 3609
2759 3574 1259
4631 3458 5107
4502 3430 3838
154 1012 2965
3814 3581 5215
3117 2795 5181
5095 1463 1465
5802 937 1642
1528 2818 8254
4258 2991 1567
2464 2165 1520
2647 2016 1204
5861 908 4309
5460 1839 4271
2436 934 1909
4461 715 5036
3282 272 9424
3097 5332 2001
1004 4876 4828
2332 5818 1362
543 4242 7197
3889 1478 2075
5526 4346 1366
5887 732 1825
2054 4389 4225
2666 5535 4651
3697 1640 6568
5912 5567 2285
1768 4929 8215
1724 1052 3350
1781 4104 3498
3663 5285 3730
571 1964 4600
5155 3552 9592
2115 569 5131
5160 3221 7028
995 1967 3715
4348 4615 4356
4626 4387 9146
1033 5862 2038
1663 819 8341
3330 5514 5499
4150 2975 646
5441 588 3927
844 925 3070
5117 5286 4966
1211 1738 9546
1783 4073 926
3338 606 5947
5368 1259 6494
5086 3087 4475
4538 4878 9614
1428 3582 8733
1657 2669 151
1885 606 9160
5262 5296 4033
5383 986 7432
3689 2363 2396
4172 149 6377
5148 1176 7596
5331 2711 8113
3894 5326 8025
860 2179 4796
3308 689 7317
4004 5661 8988
487 2023 5522
1475 2161 2863
1460 3353 6435
205 3817 2192
397 1207 2859
1625 2416 5381
2461 1273 404
3012 4625 8048
206 3353 9208
1096 2952 3766
2544 4882 9922
2053 4476 7975
4923 73 4437
328 5491 2571
982 1381 8000
2052 2068 9549
3532 2299 925
95 12 8754
5600 2106 8925
5653 5230 1269
5585 496 9091
1690 3675 863
4902 2635 8656
5465 2903 8581
4161 3896 4720
4794 2774 4645
4123 4483 2174
1217 1686 6894
806 1709 9403
1742 1080 1135
477 5750 7539
3913 519 576
4248 2587 9132
1985 3801 733
4164 45 4224
273 897 6114
183 5620 9107
197 167 547
4676 627 4649
686 5320 8813
150 2888 4729
557 1743 7722
1462 5235 2855
1956 5337 9802
1293 2396 7570
1544 1971 5830
1788 5433 8699
5105 837 6158
2264 5525 2613
2114 4340 7071
5671 5581 7661
235 4544 5614
2126 1848 2545
5046 5650 5528
505 2851 134
766 1680 2635
5847 2673 7829
1964 2636 767
5092 2451 6214
2285 2977 5443
3127 2270 6925
175 5596 6249
1414 321 4103
1394 2402 9791
5598 677 8474
394 5405 329
3175 3077 4165
3385 969 6955
39 898 3004
5426 5060 3895
359 2845 6343
5265 2363 5377
961 2595 3010
3163 1718 5202
2821 4033 4447
4060 5495 9806
5861 733 6384
2006 4246 665
10 532 3192
3915 5916 2035
1233 2843 6876
1855 3568 6410
1372 3345 7299
5371 2969 1637
3714 3043 9585
4859 3728 7784
432 3640 5160
1854 4897 252
2373 77 9456
2020 322 2868
4888 2145 6124
1247 3775 6338
3316 240 2134
801 1217 3479
957 4209 448
4900 3221 8381
3382 3052 4994
2025 3357 8294
2813 4789 1256
725 5005 4770
3480 836 1463
4829 3464 2240
4995 1899 2338
577 5220 5961
626 3233 8593
1304 2079 7015
652 39 343
5597 5393 7287
4309 5213 8738
5550 4074 8207
3747 3822 1011
218 3077 7409
5309 5679 8130
4933 2712 8797
1662 230 656
3712 5554 9923
4157 5315 6907
415 5864 3679
1637 1762 7130
2982 967 3671
4761 1092 7701
4377 5033 1937
5076 121 9283
2859 1643 1552
1697 11 1047
245 2679 7430
1058 1042 4127
1725 2995 9810
1857 3737 5557
4230 4608 2247
3459 4355 378
4820 2804 2399
292 4699 9797
671 5455 7919
3748 4443 998
5319 1496 9256
5488 3272 6689
3978 457 1981
1213 4961 3416
2381 2761 1302
3942 2929 8120
5520 5291 6328
3842 3064 7425
3015 1170 136
2646 1568 9335
4241 1963 1869
4615 2970 4766
42 704 2281
515 1894 395
583 2025 8890
3731 3889 4699
3050 4232 3565
3021 4230 1861
4141 1021 2299
990 2351 1906
2982 5185 12
5863 879 8481
4839 3423 7529
2461 4092 2572
2422 4452 954
4593 1237 942
828 850 4336
1172 2371 4071
2647 476 8770
5195 990 7821
2754 2231 5671
3822 4284 3398
3931 2346 3685
5942 3305 3366
2907 2863 6469
2699 3189 3330
34 1716 6233
10 5034 2116
4561 3526 9733
3408 4106 549
1258 3568 9261
5576 2452 2940
4120 2023 1180
4757 2220 8718
1845 4938 4589
5542 3064 2255
1460 1201 9829
4581 3155 7855
910 233 2484
1150 1166 4736
1365 3186 1832
1635 5068 6460
1401 3460 938
1802 1831 8969
5511 4174 4518
8 1786 6596
1542 20 3219
4007 4664 6981
3679 955 7415
4985 2138 1733
3811 2148 5855
2185 5425 7777
3333 788 8122
531 3492 1173
3276 3805 2663
5051 1375 6619
1946 4635 9879
1252 3653 3998
5357 2965 8013
1647 4147 9908
4026 5350 7075
4066 58 5308
1406 1934 8676
3763 4550 6228
5445 641 941
1959 5605 9137
4635 1864 3642
4601 1570 5089
1996 3161 8984
699 4242 8032
3258 5809 4618
5790 4818 1529
4973 5906 2102
4541 1618 3229
2914 3095 3034
1190 2657 7705
428 164 920
2818 1702 4127
3678 5255 1535
501 3819 9855
1545 5987 5684
3715 616 4235
2124 4886 7251
4374 859 6525
1461 1195 8782
5723 4998 253
920 2028 7766
4911 182 5398
4252 1387 5344
4744 4690 1921
2306 3599 3736
3625 3385 6052
4862 201 5906
4546 4686 8790
492 389 7945
900 5794 384
4900 1900 7463
5331 4 8397
2762 4123 6826
2660 5831 7794
981 393 7178
447 5218 9066
3338 3530 2331
3966 2739 5715
3308 5761 9013
2129 60 5686
4946 4551 9090
853 860 6770
3887 3843 1054
4480 4284 823
18 3500 9775
368 682 993
1020 3856 1343
3330 5952 4107
4177 3418 781
1546 3478 1991
531 2207 5967
3057 3181 4702
5971 3948 4165
1087 5137 6328
1623 3403 6708
5603 3524 4465
508 3634 7233
3543 1608 8420
3624 128 1905
4229 3607 4458
1486 4180 8835
3054 3637 8142
4066 4643 9589
4371 988 9054
5916 703 9883
739 1090 7334
618 5295 2677
224 2143 2134
862 3007 1874
4362 3770 3458
1158 3706 4569
4918 1309 7938
4992 3494 613
3921 5012 9788
4577 5784 2871
1242 5450 6884
232 5631 9004
2565 5331 8649
2904 1230 7240
1221 5873 7568
4703 4728 4430
109 4181 6616
5089 87 9046
4409 1222 2235
392 5639 6828
4047 4759 2180
5609 1816 8338
5790 2284 7727
1291 1584 3393
4376 5824 8704
4819 942 3315
4249 5713 3460
627 4322 6009
5351 540 5208
4674 1534 9537
2094 1845 548
2288 5978 6027
1760 254 7315
5440 2042 2091
1481 1805 6964
1108 4716 122
5301 1178 5159
2727 5348 3734
1525 701 5353
242 5418 6460
2455 2784 5884
3037 4448 4318
3855 891 7247
947 5646 5454
1925 4759 9766
5315 4220 6237
249 1686 8159
4950 1546 5088
4724 866 6905
1712 3013 2265
5962 4703 1511
5771 1943 1417
2271 5096 1367
910 3464 351
2190 2237 3388
345 2084 1912
1681 4041 6750
3134 1699 2239
1691 2049 5831
4973 647 5135
623 4044 9749
5756 4751 1995
3412 2892 6584
1643 2356 7003
5806 278 8138
3405 4480 1624
4601 5834 6422
144 3433 5739
3289 2997 7666
4760 3653 7904
3871 4810 340
728 67 6656
5171 3329 9128
108 610 4430
5322 4454 4566
4057 5631 7511
191 4225 7153
2685 5347 2694
4907 3032 3989
1724 2430 858
2006 4352 5730
2374 5960 4954
5142 2699 3328
4844 502 5757
5078 4966 336
5808 1821 6984
4876 3521 4463
5335 3596 2838
3974 33 1158
3263 4286 64
5166 5861 1949
3309 1282 9840
5461 4775 1302
3576 3117 6584
267 3230 5601
94 2563 574
2371 2386 1597
980 2447 9426
1060 2561 9647
1799 2065 2484
145 756 8688
5905 4711 623
2853 47 5470
886 5032 7132
3155 902 722
1651 675 2591
1293 2063 9745
3229 4683 5723
5642 3965 3150
2196 2758 5119
4397 1613 6119
5514 65 3706
1476 2421 8829
3819 2997 8628
5213 2921 9469
3055 3410 6359
5709 2785 8235
3020 185 5830
5557 4201 1717
5530 3024 583
5053 764 7254
1894 1263 4284
4768 921 5741
4509 3654 5034
303 2752 1270
5812 1980 9838
3179 577 4810
2276 5713 5427
1545 3966 8848
4627 4219 6463
2301 3377 6553
4482 178 379
5834 4851 5069
781 866 703
1409 2114 3234
490 5776 9439
5096 2732 4626
719 1748 1137
3209 4099 5531
5900 399 7714
1147 5201 8525
2449 4644 8532
1249 1353 2356
5882 3452 6068
215 3618 8698
2838 404 3357
4840 2516 5760
923 1234 3470
1099 3061 4856
1675 3380 3449
3863 4120 9232
5368 1778 3809
602 4415 4861
2986 3538 3595
3989 5097 9293
5239 4822 8459
1278 2974 5403
4390 3310 8150
4661 5363 3978
3340 2293 2916
5996 5353 9535
5283 5923 1673
1146 4592 9885
4669 2174 2820
399 319 323
477 963 9842
5103 3897 9477
2573 3294 2755
3965 5154 3918
1848 5729 4450
441 5463 8352
1268 5085 8879
5788 4356 2509
1828 4888 5434
2739 657 5529
1186 5275 760
1833 1958 1510
4725 5278 7795
5274 3610 9320
828 4032 1358
2838 5098 4162
5546 4313 948
3666 3934 9391
4117 2795 5349
2059 5715 5400
2241 2924 1078
2283 1516 1321
4533 2508 9203
3942 4184 5204
4474 2040 6737
2850 3415 2009
3785 4443 101
2194 5037 8979
5657 1717 1119
3384 2354 5258
4654 3887 9510
3219 1241 70
2860 1812 1158
5955 3883 4991
2810 765 9414
61 437 4267
744 2583 2176
4632 5861 3853
2781 5315 6983
702 1091 4376
3060 5975 8854
5345 4708 7265
345 3051 3077
1548 4491 5195
2369 2908 6571
4811 843 8112
4537 2771 953
3710 4007 8230
724 1171 6531
128 4923 6304
5891 891 5362
2233 5861 4708
5260 1863 2543
3348 1563 479
2156 4900 4090
3575 608 9874
5564 107 7331
5316 2308 2271
4563 4884 4519
3963 296 6332
511 2984 6447
1569 254 8523
650 1839 4235
1999 2808 7898
5209 3514 2624
5119 53 9797
4432 5740 6823
889 5283 7601
5966 1353 6363
1661 5414 5341
5767 3032 6433
5538 499 709
2272 2401 3309
2654 914 327
2531 1725 7479
1515 1463 6588
3042 263 750
5856 1832 2437
1599 4292 20
5659 4669 7388
5915 3682 3135
1700 650 9305
509 5375 4951
5720 3691 1502
232 1682 7823
118 4062 6243
502 4410 8432
1467 4647 5119
5258 5442 6496
787 2280 9086
3298 2519 8281
283 1507 3050
1228 5629 8869
1893 401 1381
12 4311 809
5312 3224 2211
4233 5598 1830
854 1371 9697
915 2694 855
2482 4501 3564
1024 14 5704
5946 2708 7501
5070 2112 8272
4739 2629 2318
1420 1219 5949
60 3787 6104
4511 5232 1499
4514 5821 8153
1409 4533 3275
563 4413 7058
971 3179 2523
4449 3476 1227
5135 3385 2877
1191 2151 5217
979 4658 4548
5735 1914 2078
1563 2405 2767
1597 4479 7170
5645 3335 8978
2710 141 4802
3778 4381 6174
645 1864 9980
4755 2163 9900
2383 3159 1397
1123 5112 1069
1551 4308 6238
940 3294 9080
1583 893 7943
5543 5988 6190
4462 2408 4784
144 127 6969
4835 1506 971
4530 4671 6336
2884 4775 2134
4009 5658 9855
2355 2973 9171
1651 3467 2372
2246 2545 8242
1376 571 9475
2097 3560 2619
5363 724 4504
96 3152 7807
1758 1783 9940
160 5179 2006
2569 5702 4477
5160 1560 7180
347 4260 9876
1478 1878 4328
3018 4710 3249
2597 4799 1369
1185 5496 2825
4229 5139 8183
3782 4440 8966
3023 2968 9390
3301 2 4151
5582 3612 753
2445 2928 5980
1766 5758 949
1071 5679 4141
1523 3412 1026
41 5259 7407
2887 3675 2349
4752 343 5634
945 5760 1486
1689 5119 5793
4345 1272 9941
3429 2736 1766
143 239 7908
4387 4636 657
1339 4641 350
2147 1832 2697
4568 824 2362
1143 4227 2266
4467 2920 3432
70 898 3907
341 4132 8912
4870 3361 2914
5913 4845 8378
1811 61 5433
3709 128 3826
1678 2856 2368
2911 1588 4464
2650 4210 1665
2523 983 9567
4950 5700 7673
4513 3507 2062
2207 1174 2409
3545 5991 4666
4828 698 969
1639 2646 337
5985 336 1930
3358 889 5903
422 5522 3141
5952 4231 1548
2958 4663 1668
4672 5851 8534
3316 5860 8449
4988 1569 4945
86 2515 4788
5455 1791 2035
4963 2741 4433
754 4658 9872
3003 1574 7817
800 649 606
1969 3014 6538
4963 5395 7706
4743 4010 3138
380 1138 485
242 5048 6689
4847 148 3844
4551 5344 526
1526 4383 8096
5882 3741 768
4949 3349 7992
2754 3958 4827
1829 1710 1450
4846 2011 8522
4280 3204 9175
429 5806 6296
4509 3891 3063
1224 1962 4976
5114 266 695
2011 3439 3094
5101 474 5984
4952 3338 6032
3665 1339 402
4293 1809 7322
128 2710 5433
5209 2618 7568
3184 5081 370
1949 1648 5335
3938 2093 3015
3590 397 8444
2488 3615 127
5548 554 7035
4951 2633 3293
4521 1802 5728
1449 3059 3346
567 1501 9611
3662 5329 9034
5599 5649 3630
682 1656 7156
3734 2446 3297
3700 2516 1067
4505 2692 2248
4543 698 4592
5919 2052 3158
2161 2044 7925
4457 3175 8325
1662 5889 2622
1889 4063 3199
4673 2122 9657
660 4524 5549
5382 5062 5463
3065 5029 288
3444 1033 1163
4043 4172 8553
4597 4877 2818
5699 4446 9394
412 2591 8208
1927 3297 5578
5172 2535 5519
365 3581 5372
5904 4682 21
1163 3138 1246
5237 5285 385
2497 1277 3483
813 1124 124
253 3547 4092
3244 3565 8922
2731 3477 1313
2060 862 8663
656 1197 7093
2330 1822 4037
3425 5616 5224
2902 5358 9392
5013 3293 3102
2626 1175 862
1205 5879 6281
4679 4515 8125
594 1814 6919
2360 760 959
907 3983 3937
5691 833 4229
2881 5105 9483
1143 2046 1709
3042 2509 5330
3686 871 9683
4612 416 6010
4438 4771 2489
4688 4320 1041
782 1520 7785
1960 5159 3398
131 385 7586
3898 5470 7962
834 4027 8947
3090 4567 6046
1808 5554 9355
786 4919 6311
744 5672 3034
4969 957 4553
308 3207 1640
5594 1591 6816
4996 1197 2931
5514 1022 8685
860 3202 4050
2589 1649 9454
764 1985 2998
1214 1839 646
4270 1165 770
1553 5116 1960
3206 3778 5036
4813 2546 8679
2213 4953 3215
2192 1725 1160
1965 1790 5658
3499 4447 8194
4094 4610 2762
4022 2632 3378
5798 379 3245
5788 1126 3728
5229 398 2833
4183 5880 300
5138 768 8703
4645 803 1680
369 679 1921
2180 2225 1911
5852 1854 7583
5993 1992 3049
5334 4017 2551
5573 2648 2012
787 2980 2315
1491 465 3755
153 3229 7320
9 2305 8913
1607 164 767
749 4745 4734
1422 2080 9654
289 1597 7747
1424 4719 9584
5672 4819 526
2178 211 8622
2540 3110 7518
4140 3299 7054
1852 4564 6839
2793 4661 3387
1573 431 6654
980 4140 1546
2289 4512 2291
4150 4009 4232
4192 2031 332
4279 3979 4188
1619 2330 6650
570 2580 2267
5253 3070 993
2654 3383 2624
2075 1365 3202
5064 11 7634
515 936 9857
4694 1297 4194
5129 500 2663
2569 5433 8324
4471 4252 5607
3151 978 3188
5227 53 4875
2678 4354 4367
3568 44 1792
914 2376 4055
389 1180 3348
3868 1756 3001
5261 5232 8771
2308 5358 1085
1708 1716 7828
4871 5119 5996
3571 702 2062
1105 643 4090
5461 5636 5848
2559 2270 5881
822 1680 4735
47 5236 3171
737 927 7294
5298 4228 1642
1236 5217 1848
1424 4460 3186
1568 5683 552
3087 2232 3961
292 3535 892
1904 3859 1987
1098 2306 1119
4243 709 990
2745 3067 6727
4011 5304 9006
4890 5249 8415
3670 4959 529
3670 579 5271
1435 5629 179
5270 4963 1877
2869 1589 5341
3508 4607 643
5647 5957 9685
5270 4025 1215
3822 3839 629
2068 2206 5542
5273 678 9547
3941 2589 9232
3067 3463 8206
3706 3006 1134
5943 3857 3725
874 2691 5683
211 2092 2571
5422 558 4811
4522 1002 504
3944 3632 6841
929 4816 4042
4858 2106 6593
5759 3564 31
1909 5606 5518
1353 2580 167
2543 5358 5430
2879 1979 8473
5479 5967 7009
2907 1098 4304
4996 346 595
5715 2599 7888
5717 2504 3541
537 4842 118
136 3478 3726
4020 4581 3544
839 4284 2264
410 2613 8812
5374 2844 951
2785 132 8932
3499 998 426
783 4549 6906
5575 1967 1903
361 4626 1712
237 3316 4874
661 1458 7161
967 534 4777
3005 2131 9912
445 3240 6614
4554 4935 2220
1496 387 4975
5713 4342 8657
3652 3009 9622
436 3372 2268
1381 1048 2636
520 4630 9189
332 3566 6346
697 690 676
4384 2148 8111
3525 904 2
5047 1145 7679
3841 3233 2495
443 540 5491
1777 3365 8929
5229 533 1983
2354 4403 2430
916 3081 2615
2117 5253 4240
2926 3336 5302
5418 5127 7357
4894 4822 1947
3952 2124 3361
756 702 7540
4900 1650 2144
5185 4009 4919
3568 1777 2347
2612 1033 9222
1675 2774 6257
2791 2084 9061
3711 3846 7798
3635 1291 8098
1348 5778 4325
5982 30 9639
3334 859 4077
4551 1397 313
971 2679 6532
1093 4476 258
1209 313 4752
1555 2023 3093
5661 1201 269
610 2932 3646
1971 1527 1852
4608 3788 9082
1386 5577 9850
3217 3532 8310
4984 2472 3187
3261 4373 3369
338 708 8319
4202 5608 3879
2583 3816 7606
5113 3665 5297
4035 1570 4531
5904 5601 3612
2127 5548 705
4702 1841 6792
2353 818 577
2770 5446 8065
1164 4947 9338
74 2255 5637
3850 2505 5788
2543 3471 918
3169 5428 5459
3001 3648 7141
2827 4146 972
5267 1861 7301
4550 2723 6121
2864 2649 3469
5117 1183 2606
5599 1279 2552
5212 2636 6990
4030 5169 1862
460 5183 9820
3514 2612 2366
3991 5357 4465
1942 1686 7760
142 5334 6126
820 3167 4266
5660 5290 8070
5345 2684 7614
1759 5372 9107
5196 501 4104
2204 2521 5430
4902 2256 5461
1933 480 1641
5423 4133 9950
366 4740 6323
608 3870 730
5850 2037 3995
576 125 6792
1207 3794 1648
5841 2929 5727
3074 840 4536
3476 3198 9483
4858 5563 3675
3031 1924 7380
2365 971 3017
2636 1835 8308
3910 2324 4789
2824 912 732
1892 3444 7202
180 669 8922
2739 1996 1258
5666 3379 4963
822 4289 1800
344 192 1900
2823 1238 1151
1402 3767 5953
2689 4743 7920
473 3361 4904
3324 4349 9865
5896 1851 4311
3196 1217 2803
3802 1938 8053
22 5717 6147
4733 2761 5306
115 1 5012
1913 1414 5973
1481 5977 5313
5944 1079 3242
1098 4460 9109
5556 134 2711
3150 3073 7175
2339 192 9432
2481 814 6270
1759 161 5714
2848 4443 1020
1231 2155 1867
1476 1699 5465
5959 5020 6639
2377 5948 5186
1549 165 7546
1011 2532 8283
2793 454 6496
3014 3532 3258
5903 4368 7658
1765 4229 1020
5827 4502 2438
3533 3654 9594
3359 1243 6229
4327 2645 6373
5070 519 1739
1938 5555 1567
5360 3645 6956
1818 3496 2005
2663 4180 6904
4378 4812 1241
3351 3696 5004
1904 2823 8208
3795 5304 349
2537 5771 7006
3625 3051 6539
4697 1370 524
4468 3824 1609
873 3768 1509
972 3000 5308
2379 1496 6395
3450 2718 762
3404 5016 2148
1875 3210 1037
207 745 8731
5432 3707 813
4734 4139 2869
3827 3578 4572
2599 3224 2720
3197 4084 9189
1697 2542 1856
3060 3860 581
2321 5921 9329
3302 580 2806
5616 3263 7806
243 4593 1197
5475 3942 4155
3056 3073 3598
0 57
0 340
1 260 3421 3052 75
1 2815 2867 3429 86
1 235 3772 3661 184
0 11
0 66
0 346
1 1853 1306 1010 503
1 1592 1840 300 148
0 116
0 98
1 4643 567 111 91
0 343
0 308
1 4055 4973 8001 457
0 407
0 96
0 253
0 17
1 274 2691 9430 99
0 212
0 507
0 111
0 342
0 459
0 137
1 1070 2706 8504 49
0 435
1 24 4116 9438 321
1 667 3213 3773 310
1 2297 835 3742 146
0 128
1 4628 5345 9508 153
0 130
0 63
1 951 4646 352 410
1 5270 4472 6482 277
0 413
0 349
0 273
0 59
1 4762 871 1743 285
0 141
0 382
0 304
0 34
0 2
0 156
0 306
0 225
0 177
0 234
0 303
0 390
0 165
0 335
0 328
0 452
0 87
0 392
0 217
0 323
0 150
0 199
0 403
0 463
0 83
0 176
0 272
0 213
0 481
0 16
0 175
1 4497 3965 1663 74
1 3077 2589 9376 48
0 267
0 297
0 327
1 4971 4427 3896 487
0 426
1 2117 3549 5303 454
1 1376 2460 6470 186
0 166
0 138
0 460
0 28
1 587 4335 7272 334
0 41
0 279
0 305
1 5649 2432 4859 369
0 355
0 465
0 93
1 4413 5246 1303 100
0 236
0 270
0 385
0 438
0 447
0 45
0 508
0 379
1 1299 3852 5568 445
1 3600 5648 3699 159
1 5068 2048 4238 162
0 121
1 262 5486 8723 127
0 362
0 371
0 357
1 3791 1099 7830 341
0 471
1 2030 712 7601 331
0 315
0 142
1 344 462 3778 386
0 147
0 26
1 1141 1890 1930 107
0 164
0 418
0 60
0 477
0 428
0 298
1 3391 1796 4500 488
1 5297 2383 9648 486
0 38
1 4072 2426 8523 239
1 2629 3347 3540 145
0 181
0 135
1 4420 3539 4948 4
0 155
0 133
0 320
0 84
0 378
0 391
0 337
0 46
0 123
1 3387 4370 8291 404
0 9
1 5494 2648 7887 81
1 198 2592 1687 227
0 201
0 443
0 154
0 216
0 287
0 409
0 89
0 192
0 383
1 5790 2902 6155 330
0 278
0 208
0 498
0 265
0 104
0 450
1 1228 5237 158 466
1 1910 4159 2091 376
1 3358 4339 4949 8
1 5101 5049 4901 479
1 1170 1446 8997 401
0 163
0 502
0 478
1 4344 1692 9876 203
0 191
1 1069 1090 9402 39
0 221
1 464 42 1229 50
0 35
0 72
0 302
0 422
0 5
0 20
0 423
1 2447 1782 3251 243
0 235
1 3997 376 6794 53
1 4847 811 4030 10
1 3240 621 2965 309
0 120
1 1393 4930 2527 307
0 329
0 206
0 205
0 347
0 54
0 204
0 180
0 51
0 94
0 140
0 73
0 252
0 65
0 113
0 283
1 5839 5002 8297 472
0 29
1 4667 5438 6673 408
0 444
0 42
1 4901 644 5155 85
1 1936 5657 282 268
0 462
1 3260 5404 3626 381
1 4555 5416 4976 396
0 455
0 224
1 524 178 3817 497
1 2922 2578 2872 190
1 3018 313 1746 294
1 4295 4879 1256 372
0 314
0 101
1 4935 1473 3242 384
0 366
0 358
0 43
0 501
0 425
0 64
0 263
0 144
1 2641 2782 7753 406
0 353
1 4542 5222 2571 484
1 1134 3237 9500 316
0 151
0 169
0 61
0 375
1 1615 3346 625 364
1 3031 1588 7084 411
0 388
0 115
0 117
1 994 941 7661 112
0 237
0 31
1 479 747 6854 424
0 245
0 361
0 12
1 2810 4923 4048 214
1 4126 394 3852 185
0 178
0 434
0 67
1 4206 2006 1119 291
0 102
0 318
0 69
1 1442 374 1208 286
1 4252 1798 8618 440
0 469
0 367
1 3045 477 4061 78
1 4468 5340 1837 352
0 468
0 417
0 338
1 775 2111 2478 456
0 448
1 597 460 9420 19
0 398
0 103
0 505
0 405
0 442
0 275
0 363
0 280
1 1215 2857 7577 473
1 1150 1133 2163 77
0 500
0 475
0 76
0 339
1 2979 4612 3249 437
0 131
0 244
0 476
0 79
1 2119 3496 1199 336
0 189
1 5658 700 7047 194
0 293
0 23
0 449
0 464
1 2315 533 883 179
0 36
0 195
0 326
0 209
0 491
0 380
0 292
0 414
0 207
0 6
1 5454 5998 9270 451
1 4498 5311 5096 351
0 365
1 3842 4463 2622 439
1 4239 3639 8535 397
0 126
0 149
1 4718 5604 3661 395
0 124
1 4641 4462 3071 470
0 251
1 94 870 9321 496
0 210
0 311
1 2190 1984 3747 399
0 218
0 22
0 182
1 543 4513 5192 504
0 356
0 160
0 229
0 47
0 421
0 193
0 109
0 260
0 359
1 1868 4134 6127 183
0 55
0 71
0 269
0 240
0 254
0 393
0 427
0 480
0 402
1 2142 5454 7074 170
1 4632 3628 2247 70
0 21
0 248
0 262
1 2363 5404 9879 284
1 146 674 1366 441
0 233
0 295
0 461
0 211
0 157
0 226
0 97
0 80
0 114
0 453
0 289
1 5854 4940 8042 374
1 3476 4314 4949 373
1 3967 3483 2892 62
0 92
0 344
1 364 3121 4247 231
0 415
0 56
0 241
0 400
0 467
0 106
1 4451 15 7167 261
0 167
0 264
1 3248 2287 1398 249
0 432
0 429
0 387
0 431
1 2188 4912 8938 24
1 594 1714 3638 370
0 266
0 14
1 3345 1773 9445 250
1 2168 1248 5965 3
1 2594 5544 7352 174
1 13 834 9773 44
0 230
1 974 1633 7073 95
0 219
0 360
0 433
0 215
0 202
0 348
0 312
1 2854 1976 8348 492
1 3613 3071 8502 274
0 68
1 1755 356 8982 171
0 52
1 1761 4059 8124 300
1 196 3712 142 485
0 1
0 322
0 242
0 412
0 222
0 82
0 25
0 220
0 345
0 490
0 108
1 3074 5990 8130 122
0 350
0 255
0 482
0 238
1 3788 4384 9607 136
1 430 1698 1198 173
0 276
0 416
1 944 2934 8430 27
0 430
0 257
0 258
1 3424 313 7792 489
0 495
0 354
0 247
0 324
0 494
1 3221 1876 1250 40
0 506
0 493
0 332
0 446
1 2967 2694 5515 368
0 319
0 313
1 3568 3640 3176 436
0 7
0 188
1 872 4928 244 139
0 198
0 256
0 105
0 419
0 90
1 4203 1603 2652 37
0 296
0 15
0 32
0 143
1 4357 368 7289 125
0 196
0 200
1 5533 2822 7918 33
0 18
0 389
0 288
1 5341 2152 3604 134
0 271
0 197
1 1345 703 7041 299
0 152
1 1128 2642 5393 187
0 333
1 4708 2096 116 129
0 290
1 5581 5145 8340 282
0 30
1 735 4399 3839 223
0 474
0 132
0 228
0 168
0 58
0 13
0 88
0 161
1 1784 819 9314 158
1 515 1357 308 281
0 119
0 259
0 377
0 394
0 172
0 301
1 1409 5766 6737 458
0 499
0 232
0 325
0 110
0 118
0 483
1 3725 2860 3176 246
0 420
1 4584 4961 1384 317
