4200 4199 1023
461 1533 5406
4123 3071 7181
2304 1781 8182
1540 2234 3618
1100 1383 7131
2611 2414 5312
2172 2556 1209
2501 4196 3025
81 3734 7715
302 2788 632
1165 1013 9090
116 318 2729
197 1693 5980
1244 1410 9564
1745 3946 5652
3156 1820 3817
605 2432 3872
3059 3629 242
2080 1767 9481
3300 1220 3749
2576 1085 8931
2050 3660 185
1017 2322 4135
2212 108 4571
2136 2668 8179
2097 1692 1034
906 2797 925
1817 2901 1928
1734 994 2191
2343 3928 2
3760 4093 2598
1528 4064 2728
2572 650 3125
2150 656 2188
683 14 1010
586 2558 4229
2935 2333 6005
825 2194 3431
389 3171 1056
993 3801 8911
1599 2225 6064
1374 1967 2031
3703 2270 8537
1482 3443 1330
1421 2101 9154
2382 200 9457
2297 269 1587
2152 2632 5387
615 342 8817
2995 2401 6513
2277 18 1906
3796 3631 5944
2773 1360 5530
16 3098 1844
156 3556 2549
174 642 3574
1751 3052 9878
1392 226 6627
908 1550 4639
117 555 2786
1076 1665 9658
2129 2992 884
1877 139 7763
1554 1915 5354
4069 879 1518
1991 3997 7478
3366 221 4114
1589 629 9151
1512 42 4270
3239 2742 2328
1685 2549 7564
3707 3734 6295
3662 3719 2668
2911 2843 951
3042 3027 358
3135 575 8895
2716 1966 9101
319 684 311
1518 3915 363
1089 2106 5686
2940 3872 7820
743 3980 3770
743 71 8321
3915 1206 6936
3576 1381 2802
2233 3653 5858
354 3810 1219
3732 1993 8787
3387 1911 1618
3654 440 1285
2991 4110 4854
3378 791 8024
995 3332 6275
1828 2092 1097
1561 947 7068
1451 2943 6621
3406 3578 7859
523 2270 7428
3071 777 2800
315 3157 4362
2778 1993 1723
498 2815 3886
2298 1978 6941
3217 883 9198
786 2665 6275
741 3965 5715
3256 1829 6065
1525 1145 5597
2384 3463 2340
253 702 1325
3395 2543 7271
3674 931 4214
3005 1239 8517
3889 54 3705
2904 2408 2025
380 2124 4976
1915 3639 7808
4162 861 3048
449 294 6806
245 1002 6570
1368 849 6909
2984 1462 4571
570 2182 9341
981 2934 2977
3184 78 9120
612 3599 8084
3606 1033 3212
2350 1734 9745
2220 1598 8074
784 2442 7040
827 1481 7783
1702 1267 9638
2447 3441 6930
1141 1644 7037
2696 2022 6052
2099 1972 5147
510 4099 6853
1680 2705 1423
1073 4022 542
3979 2348 78
3258 3139 34
1090 2118 8206
2408 789 4415
2507 3927 4072
4065 3112 2023
3643 1405 867
1393 1868 8594
463 1863 2964
4087 583 7101
3554 2032 7983
2804 53 9645
755 833 7016
3086 2871 9212
1683 2472 86
959 786 8611
1541 2317 2595
2799 462 1298
2208 819 8050
2754 199 8931
1052 3756 6419
4072 605 8295
1227 3155 4889
626 3096 1301
1034 729 4704
1492 539 4203
1694 1684 9298
2798 2010 9099
2075 3143 4254
2534 2537 6834
3046 3278 2004
3376 1970 6418
71 3600 1676
1969 2343 1001
1360 2722 4042
3392 2901 1862
1719 977 9039
2910 279 5395
698 1832 6926
3986 3613 5129
4129 9 1670
3102 1124 707
1130 2028 9030
3383 2697 3847
1330 21 3609
3672 3214 6068
2400 747 2785
3825 557 6238
342 2441 3176
2830 3659 305
77 3363 9567
646 1171 4461
629 2187 3489
2830 822 799
851 4083 3371
459 2498 1213
3625 2268 8602
3758 2957 7571
3376 576 406
3731 3984 1122
4110 3631 6922
165 1201 618
2368 559 6535
3578 1499 4558
3549 1135 4756
3260 1591 5780
3460 1691 2458
31 282 4375
759 1957 9039
1197 1385 9813
3641 1771 6201
3695 1248 8526
3662 2986 9331
4169 3549 2234
773 1228 3716
1646 779 3127
2478 1706 3026
3565 2621 2640
91 3742 3242
4185 1728 7089
1799 2665 6236
3399 3231 2789
4093 2809 413
1444 1676 8789
1647 2103 4827
1824 3099 2104
3474 3138 5675
2592 470 7334
1288 3483 9485
1690 3549 7034
1404 336 193
1317 1556 7660
3947 3942 941
3551 1867 8775
2468 2929 5955
2711 1063 8074
3187 2222 1370
3259 1079 9000
3605 1721 7
3350 1084 9752
672 571 6581
4110 2332 9423
953 3906 528
65 3243 345
1427 3087 781
4199 1111 6452
2111 4032 3002
4020 852 8948
1099 2094 6331
3930 4123 1599
2443 88 3731
687 3954 3969
3001 2143 9585
3190 1120 4922
1819 4016 6372
3435 1773 7920
1075 1774 634
1473 1043 389
4194 4150 1187
2094 733 4822
4142 2113 3092
3479 810 5666
3553 3769 4422
2659 469 8915
3145 3755 8240
4173 176 3389
179 1937 7997
2104 504 3397
1805 1653 1572
1291 2788 2963
517 1985 8363
3846 237 874
3395 806 5307
831 3156 5971
2021 2415 946
3166 1355 9849
2850 1666 7108
1270 2457 1426
3645 1682 1209
3384 1057 1557
2489 1007 1588
1200 2422 7736
819 2305 3807
3281 3442 1315
3540 110 3248
4027 3352 9524
375 768 6095
4141 2842 3399
1397 951 2549
3187 3497 2987
974 867 2369
2134 1481 1978
799 2947 8258
612 3566 1230
3063 609 2660
2926 3699 8232
2079 949 6025
252 1370 6160
3637 3487 2337
2699 4159 6341
2349 3228 3701
2745 954 2824
3233 1481 2396
641 3831 3672
1320 161 4629
1696 1678 234
2080 886 3709
1772 5 2348
3236 1891 9784
3306 278 8307
4004 2682 4041
3490 719 9694
1959 4159 3155
2038 1524 3028
2594 1464 3359
1278 1325 5291
1306 4004 132
2688 696 6348
1129 672 6734
3733 2339 7275
333 515 697
3182 2764 8617
494 1320 5929
1686 3753 8295
3575 29 4486
53 981 8610
953 2574 568
520 2919 3659
1015 2663 9933
548 311 9095
3775 3821 9155
3955 1789 324
3505 506 3563
629 3528 9751
3152 513 2152
3370 882 5160
2476 502 2707
3532 3755 705
3083 2317 7631
3220 1077 950
4022 3261 9218
3773 541 8718
2967 817 8410
240 917 9200
1577 225 5800
2018 2898 3099
3855 2860 3465
3205 3044 4017
3301 723 3368
1614 1051 1045
2995 3626 8830
3206 2826 9813
3684 2636 6766
3720 3691 7035
1020 3575 5145
1565 2329 5628
289 3051 9109
4012 1648 9485
862 2096 3205
2751 2050 8351
767 827 8012
3034 99 5589
2440 2113 8153
3317 1696 2831
749 1792 6421
388 2952 322
2235 3566 9440
2366 1187 6473
3656 2521 9746
923 947 8002
3944 4066 2332
2032 1172 9787
3265 4110 8024
3022 1168 2114
3121 1933 6284
4162 2798 9299
1693 3524 4263
1349 3259 3116
640 4153 9600
2138 1680 8479
1153 1263 3842
4188 3057 3518
2639 124 5155
2401 821 4243
591 430 6593
2451 3881 1982
487 2019 8077
1500 2829 8800
1045 2841 3145
3526 3732 1435
1858 1716 1891
4089 1197 4815
199 1185 7498
1235 450 7108
426 3280 5274
1957 280 6435
1269 1856 6487
1066 2858 5952
3504 2521 6765
3624 2339 8230
137 2884 5138
2825 4007 9116
1778 1466 7593
1629 4091 8778
2875 18 8202
3915 2175 7556
226 1481 8716
2967 3373 6715
798 4031 3800
964 2569 5810
126 1212 9878
3355 2048 493
3466 569 2658
2850 418 2983
1920 1664 6309
3114 1547 1145
2931 1009 1645
513 807 9690
1282 905 6569
2897 3416 6098
2093 1645 3598
1573 2015 3941
432 2775 6110
1810 3139 1598
2836 2894 7130
1777 3539 5879
3386 2284 8172
375 365 1712
595 3611 2937
3231 2039 3891
2501 3452 8561
2743 2990 2922
1864 2627 3317
679 1370 539
464 2836 2769
413 1139 6850
4193 1765 4311
3232 1530 6277
3989 1041 7273
2468 2546 4613
2128 181 5551
2549 841 5561
2251 799 7197
1062 2022 4509
558 391 2306
221 486 4809
142 2002 22
1058 2170 8390
3419 3813 9347
908 1312 7897
1063 998 6565
2835 771 8231
1788 4110 1796
3850 3592 5005
423 3328 1782
3869 28 3981
1579 2489 2306
424 2934 7355
806 276 8497
3258 716 3373
3696 606 7360
2024 1728 1681
3498 4107 2203
4144 1766 9068
1146 1663 3726
3836 1323 6764
3083 855 6299
137 1865 9431
2387 1242 5928
1766 1294 8425
580 997 4091
587 435 4450
1522 2778 1415
2211 3597 1307
633 2128 1743
3380 3742 1535
818 1586 5156
3322 1231 6373
4072 2751 738
1033 1405 6378
2023 2791 2019
2283 3588 6270
3533 4171 2483
3178 1911 7809
1579 241 6002
77 1941 6182
3612 3411 2048
3427 360 7380
1660 4031 7879
3585 2879 4531
73 3187 9412
3130 3640 1273
3928 1552 36
1188 2436 6489
2176 2939 5552
709 29 2083
2445 623 8674
170 3724 4016
2728 583 9637
4131 3976 2624
3227 1499 1109
1968 599 5773
3581 4101 5297
730 3574 6995
1195 1140 2436
540 510 2214
1936 744 6151
1500 2428 3276
1821 1932 1389
3558 97 7704
679 1486 3061
202 1352 9638
825 2737 3550
1290 1881 3577
577 1071 2796
327 547 5052
644 2909 5810
1758 54 983
1714 980 5562
4173 3706 2081
393 875 7490
2728 1670 8276
1827 116 5619
2960 1721 2162
3608 3683 8040
176 1149 5733
223 309 4703
3257 2599 9856
1498 224 3149
2297 2128 2001
1108 2118 7413
1410 1085 974
1222 1095 2768
632 808 4693
2508 4128 6894
1753 1185 4252
998 1923 4599
2563 2296 5299
1901 1773 6516
3458 3524 4408
2458 2482 5771
3572 704 9008
2570 3851 3862
1063 806 1796
1330 204 9838
1349 610 6937
471 1783 8930
3811 697 8817
1621 2079 8064
1017 528 3277
2601 2030 5079
4013 2125 4495
62 375 1948
137 3208 4522
3511 263 3942
2247 2163 7542
1206 1003 6397
3216 1584 79
2732 4042 6266
3987 2037 2672
1363 183 8289
1483 1830 74
3817 1898 4508
1080 1815 9838
2261 507 5691
432 2803 4531
1924 218 2281
1527 1226 9543
2927 2968 7934
3004 688 3747
1330 1487 4109
2204 3193 5409
79 3328 4708
289 3656 3497
155 3391 2344
1298 2980 9772
3867 2921 3639
92 1563 3159
1256 4076 3644
3126 1815 1816
3059 2744 1705
3465 2021 1829
920 147 3934
1620 3439 4738
3546 3073 3367
2553 1879 8705
3078 3249 4866
2238 3509 6866
875 1163 1240
907 2081 1263
175 2208 2766
1499 226 6128
1415 173 2867
847 1020 7029
3237 4024 9368
772 1491 2708
3578 2787 7528
1679 1201 4537
1816 3639 2450
1516 2690 7977
1786 2799 4291
472 6 9090
2799 3446 1496
1197 1117 7153
3668 2511 8766
1976 3580 5445
2143 2208 2001
3977 2622 9030
1686 3121 1381
1527 315 9161
2088 3410 642
821 3882 2298
817 3729 1938
3573 1465 8202
460 255 6846
4195 1370 6934
3849 4125 8570
2494 3656 8757
3176 2361 1684
575 701 2155
2023 1675 8994
3827 82 3470
1429 3578 5639
3328 3997 3126
123 1509 1786
2023 1650 335
129 1915 1757
2755 133 4837
111 2059 130
669 3295 4433
915 2683 4223
1719 952 7952
1335 1167 8404
2198 1496 3383
1103 225 1715
2024 231 2107
2241 4156 2181
1472 3089 3435
152 2360 6174
2382 3354 6247
3932 3920 9864
1088 2692 9721
584 1906 5477
2126 1951 5275
3558 4152 1997
594 1421 1613
1235 2007 1431
3438 695 9852
3766 3991 9857
20 3044 9348
396 3073 9918
3102 249 2891
4124 869 4763
2341 829 1921
36 4135 7143
163 4063 1522
788 4159 938
2731 1494 2466
1753 2864 4782
3747 2324 3276
2635 639 2702
1589 3680 3291
577 1825 2103
3293 4116 609
484 974 1363
3288 95 4931
2643 1785 5864
2838 2607 6695
3747 2574 9416
1269 1236 6734
4181 1820 7217
957 3158 8548
3299 409 8274
829 2191 7643
1436 1668 8329
3710 2042 6215
1940 3361 2171
3744 775 7729
2712 4130 2574
1325 3449 7410
2327 997 8105
1633 3884 4113
3181 1585 1332
202 1028 5978
1163 2750 8174
2155 3932 8641
3898 4146 4762
3026 91 4486
887 3351 9894
3899 2142 6251
3256 2728 9364
857 1355 8631
3103 1985 6158
3399 1770 7402
1818 2692 8155
3750 981 6733
3977 3333 3630
4020 3286 1044
1281 2705 6732
733 25 3983
2328 726 4367
2878 2340 9373
1296 1920 1015
549 694 7884
2828 1393 1852
3808 2267 4151
4001 723 5920
1201 196 7983
2288 922 3624
2969 2507 3123
2027 2391 9720
1637 2097 5764
2949 2029 569
3865 2550 8234
2109 2049 7488
3309 1839 8193
836 2542 4944
1902 2113 2030
1140 3224 5972
1787 234 1856
2541 3783 2346
3033 1947 1489
3505 3896 4655
1466 3770 6823
1826 1178 3259
1926 2106 8383
2384 3743 8501
2284 700 725
3111 2350 51
2173 1411 8416
785 1416 9036
2628 1581 5471
1537 1461 466
718 1467 3197
607 820 715
705 2036 5041
1462 610 1062
2280 4129 9703
1039 3813 2689
3969 1122 9959
994 3918 2303
1782 1418 944
632 1581 7785
433 679 9583
3685 597 9190
3437 3833 5050
344 2468 1309
3370 1450 159
615 2731 7171
3351 1884 3697
249 1883 2266
2340 393 4392
1150 601 4450
3419 2252 3590
1423 1295 548
3523 3645 9885
3879 1994 8827
2391 4019 4254
568 4116 1362
1930 777 1083
3336 408 3968
3187 2820 5204
3793 1463 3539
1907 1236 1960
2354 236 2356
1964 3304 198
2041 3717 5387
3293 718 4864
909 20 6264
475 3673 5405
2864 1214 3519
1538 22 1987
3405 939 4156
3687 3455 6002
2927 31 6937
1804 1557 9803
3645 426 5593
2736 2606 1360
1179 1223 475
2325 3635 566
2084 631 196
2709 2619 4730
754 777 948
1164 633 7997
1019 2048 6502
955 2549 5991
895 3458 4725
2632 1758 3799
3875 3677 6507
1198 2874 7625
4194 3548 2406
4142 3831 9319
684 1561 8576
3113 2986 7727
4068 194 9040
3007 3884 7915
3689 2315 1665
160 4055 9479
2428 3491 9394
4118 1028 731
1688 3051 9965
3448 2995 7348
131 2748 4908
2124 1255 9693
2983 302 5562
102 2189 6905
44 4110 4659
2296 1269 7612
1852 3728 8059
488 333 3794
3319 410 116
3015 3800 4301
3626 2459 5921
1085 3328 470
4079 2220 8173
3388 2747 9293
1615 1000 9347
3354 2370 4512
2033 870 9028
750 1257 5965
1179 3738 2355
2570 4015 2363
1013 3536 6459
1380 2483 4516
2719 1945 604
2519 69 9051
664 1798 952
1629 2515 4448
3117 1655 7501
965 396 2641
1632 3437 4837
2133 3660 1945
3210 3600 9553
2069 2731 6746
2608 2929 2617
2385 888 7967
2225 1641 4364
1098 2524 9061
894 555 3441
3917 1590 3760
3524 1627 8231
2800 3842 2418
2514 4018 7240
166 1341 6076
3218 3868 1163
1138 3403 2626
2284 1078 1484
46 1220 4192
3601 2199 4439
474 1360 4148
3128 3571 28
3334 2218 3788
622 2841 598
3435 2947 2747
408 3018 7712
2650 1229 138
1515 4111 1218
3870 959 1469
3129 2946 1343
2520 123 7095
1456 3655 868
4092 4122 5992
3069 1802 7734
3984 2899 2130
1965 2291 4016
3097 712 2132
3750 401 9682
641 1902 8242
2310 3740 1987
3970 1092 2380
3138 3967 7821
2039 607 3792
262 326 8370
3665 2211 630
3472 2486 8048
3955 3923 1927
4043 3597 736
4174 2700 8455
1274 1774 5966
740 2655 4466
418 1896 4237
4032 2224 939
1714 40 1414
2246 1711 4477
3365 1712 179
3568 3895 3287
2556 440 4174
2838 2957 3075
3946 3522 6904
406 2460 5134
2760 2401 3145
2849 1445 8920
3727 302 8043
3136 2586 899
1345 3696 4119
3010 3877 5402
909 3370 9834
528 57 4426
2191 3268 8014
3697 1742 9822
1041 394 8064
2592 657 8165
398 3520 6085
994 2094 1746
1405 3426 794
770 2401 2870
1476 1155 4058
1414 365 9797
921 2059 4521
3314 3902 7252
1307 96 8163
2402 1572 2016
3935 3215 429
2171 2503 8887
680 2451 585
2125 507 3837
3793 4051 3882
3194 1954 4394
1441 3258 2484
2973 1820 2260
1118 1673 7836
565 3127 4631
2434 4019 2899
2746 187 3433
85 1356 1519
3922 3985 4629
3822 2555 1520
3841 24 9356
1734 4151 9716
317 4116 8026
2111 2108 4408
1174 1955 6233
2562 2296 8410
2801 2506 3305
3509 999 3264
3928 285 7829
1225 2952 5374
3108 1985 7462
1130 3550 3710
2211 571 6626
3218 430 5999
4160 257 6809
2633 2007 9777
3361 221 6194
3342 4119 5473
3736 388 3752
2920 4179 456
3114 959 6866
849 2616 4888
1222 1645 4977
32 3455 2170
921 758 1134
3503 2928 5414
3924 3750 5802
3124 1684 2605
3292 3917 1944
1815 2210 5692
1863 3926 4374
3966 2197 2820
2633 3623 3908
2739 1700 9647
2884 621 1885
3214 2369 1618
607 1587 871
1331 3282 1833
891 260 5192
2116 48 9232
2336 2134 7651
1291 2481 2664
2887 2629 7344
3719 16 9503
1187 1421 4004
2640 4058 9428
2625 243 3898
2587 3139 6796
702 167 4165
2943 3482 1210
951 3477 486
3480 2981 5255
2011 3352 7681
3848 458 2411
406 1682 3624
3579 2970 7421
3198 214 3592
3039 1919 3029
2634 3979 5158
174 885 3122
316 1547 2426
2048 1588 7686
1005 3983 1330
3626 1226 6056
1484 232 8606
1444 2219 792
3380 3777 7788
3616 1720 6486
3034 413 2846
1456 109 1489
3836 443 8908
3113 1529 7234
2717 1259 2215
2265 819 6518
1803 845 3446
475 752 3094
533 2870 2893
3410 2952 1750
426 1469 5067
3623 3874 2518
2611 2879 9991
2943 2298 3408
2995 3660 4401
2252 3873 1201
855 3802 7938
941 117 9047
3741 3710 6993
2787 2557 7324
2027 619 2399
1404 3906 3398
3978 978 6057
1191 1568 8391
3497 3652 4645
794 527 2434
670 186 8894
3079 297 7899
1211 2572 785
2168 268 5116
3564 3161 420
1395 2000 5546
3883 2471 5709
475 3400 2615
4109 3424 9624
3855 1421 725
838 2925 6771
2131 72 2879
841 1113 1593
3567 92 3900
2495 2352 1383
1937 3335 2400
2911 3177 252
1217 1886 5662
99 2481 6628
1797 2238 2046
2712 2759 3663
3235 3203 1738
4100 3197 5681
2221 1026 8915
3786 2063 6776
3194 3276 5586
3725 3884 309
2486 1936 1843
2704 2869 5767
659 429 982
3177 51 3888
4093 3894 1084
2928 3978 3066
1429 1219 6823
951 1120 6499
777 875 1121
3789 721 7253
887 1342 1729
4085 3326 7252
590 2081 6847
1713 2028 9662
2820 904 7561
3265 3622 7323
3867 465 1864
967 3723 1946
2736 64 4073
564 2550 7194
2163 2924 926
3624 3277 5567
562 4175 3996
199 1669 1086
2806 2545 4845
2946 2503 4829
1277 195 8007
3355 1718 4314
3756 212 7027
3861 1337 4720
3188 1307 5340
3646 996 3401
65 3713 1544
567 626 2764
1005 2660 8757
489 1212 1842
506 42 1402
3752 4136 9988
1819 3218 5799
2980 397 6658
2879 1466 9612
1106 3065 6984
3240 3035 7080
2917 1083 7902
983 3321 4151
931 2048 649
1008 2522 4848
3215 242 3533
2801 2155 4779
2846 2165 1786
2460 3109 8973
3180 989 9239
741 2906 4933
2355 2163 9724
369 468 7183
3401 2708 5472
153 2383 4937
321 1853 6035
3736 846 6374
311 2803 2319
2589 2452 2931
1287 2288 4381
2181 16 3115
474 215 9636
779 189 7900
1732 1968 6664
4136 1304 4329
510 2866 6852
3230 61 8629
2453 414 6415
945 654 3315
2634 2701 5967
2694 3817 9500
1346 3078 589
781 2976 2575
2308 3828 2822
196 1906 8644
446 3488 5157
1858 1848 3311
1629 2488 9337
1939 1966 3147
1078 3014 9374
2994 3239 4100
1290 3094 7116
2825 1246 4379
1265 272 3534
3495 4002 3999
319 2975 3969
1147 3392 6837
3071 2102 1965
2380 3874 5129
2975 3236 6634
2775 1224 71
510 2556 7967
2959 3229 7386
3495 1389 3754
1286 403 8493
1899 1197 6192
1628 3818 6777
1481 2254 9512
2757 1243 3373
2380 4091 8229
987 2603 5490
1945 2373 5377
2463 3059 564
1548 1639 6295
3288 2417 2653
419 1723 6293
319 3911 9821
3040 28 30
2646 1058 9937
1775 2893 6881
527 1079 7840
2456 1887 6993
1597 110 5029
642 2786 1936
1604 2145 6710
658 1605 8460
3648 2472 4757
451 2433 193
1336 939 824
209 63 818
2344 275 2394
3216 3178 744
124 2980 7871
2080 2750 454
4045 2461 925
1790 2604 8700
3197 1067 771
1241 3301 1685
2627 2546 162
119 3121 2689
719 1242 6894
2445 1825 4854
1824 2242 5799
4028 1826 1996
4137 1628 5639
1965 2974 8666
2643 3970 3291
2818 1741 3049
3005 3629 128
4174 3541 969
87 1145 2798
1040 3559 2553
3559 625 3780
2028 2885 1844
3399 1773 730
1315 3336 6634
1624 1115 7909
2817 1413 4669
3023 568 3958
1823 4057 7908
3460 103 9034
1576 1059 7716
3484 1849 1920
664 792 8936
659 2697 7777
2326 3237 4241
183 2680 5437
240 300 318
2116 1140 1062
499 2125 5748
3349 2577 290
3559 1914 5199
1020 58 4091
3177 322 5060
3726 2612 9009
2064 355 5747
3153 1075 8403
2666 2216 3324
2889 201 8795
372 2373 5391
3319 1143 5901
188 2997 1115
645 197 6716
4013 2356 7708
3170 4123 9423
322 1816 3637
3454 1391 8026
3303 742 5594
2908 1990 7783
3657 1688 7444
1911 3675 6682
1762 613 7477
1782 3710 9838
2497 546 8762
2967 3604 2879
1141 3440 1485
2100 848 1873
2552 3350 286
3351 1046 2275
660 1427 7902
2876 2361 6074
2655 264 5666
2889 501 5388
496 427 7242
2162 2739 6014
3024 85 4965
2099 965 697
3554 1639 2306
942 1131 8509
2681 3946 4509
2896 1864 1218
186 3179 6621
1902 1649 4516
2095 720 778
2689 490 8759
185 2312 1748
3659 1726 1405
3425 2472 8977
2650 583 35
1962 3152 521
1773 611 9264
1150 135 3252
2996 1382 9932
3493 2890 6097
2977 269 5199
2958 3230 8686
4106 72 5307
610 1308 3233
4130 1459 6974
110 1932 3949
10 1550 6806
3600 1203 5526
3779 1631 969
2706 3583 6770
1468 2577 5072
1757 2800 8709
2579 250 8075
4174 1950 5137
3746 4100 1338
2026 2830 2053
3402 3723 6649
3899 1000 741
1907 1177 7180
2737 3872 7247
1797 992 4919
3833 2333 9350
4024 532 4776
1583 514 4385
814 1837 879
1264 1422 8822
3251 275 4711
3991 3203 8183
1852 3399 5667
141 2428 1275
1009 3412 1465
1197 383 8809
3462 3728 8345
224 3356 8653
3551 739 3015
3615 2119 7748
2526 3677 4196
1664 2839 1506
1639 86 7805
853 1563 2428
1643 535 9371
4171 4013 2196
2247 1678 8334
2157 1620 6793
395 36 4063
3058 3236 8302
3718 420 7191
496 603 6672
687 1869 6935
536 857 1063
3950 1931 3160
965 946 1284
3838 1008 4018
552 3937 7832
3138 1041 827
4070 46 3473
3344 2801 8548
3020 2454 3730
1681 4135 4179
3242 2306 2808
2276 4002 9028
449 68 1792
3494 825 3850
1132 826 9659
3940 1140 7864
484 3597 3648
1609 480 2058
495 1386 6636
2879 1027 3467
1530 358 904
922 1470 9339
1903 1545 7945
767 3311 4685
2339 2982 4993
1277 1987 3907
3833 2544 1638
3790 3311 4796
830 861 2394
1495 462 3948
400 3886 2716
3431 1554 569
3242 3046 4896
1878 160 6802
3952 2763 8617
2946 3294 534
1529 3724 3300
1588 3263 2256
2638 4082 7266
424 3084 3693
1 1131 2902
214 196 6613
2964 3338 9027
1362 844 919
2496 1267 4655
1236 3292 493
2727 2697 4419
360 1157 4512
220 102 4721
1741 1481 7697
1797 254 6489
3492 815 3264
1577 3611 1885
1763 849 9808
4166 1767 9678
2227 3433 2907
177 234 4546
1096 3371 3604
663 666 8007
1980 1130 6014
4097 1984 3119
2401 1855 4601
1097 3417 473
4107 3129 5679
482 3857 472
1639 317 5648
3767 2297 1040
1677 3233 1134
635 3997 5659
2800 4044 9972
66 2120 8089
459 3417 4643
2721 3258 5534
120 34 8698
570 2979 4534
3628 1987 231
3170 3713 2669
3818 666 3317
2728 3578 8876
715 503 9315
4145 586 583
22 380 7552
1449 3774 1440
1899 3518 969
3810 421 8698
561 3652 2880
692 271 5085
2154 3821 5559
3859 1516 7382
2761 899 7426
2135 689 1561
1645 2473 7591
1536 593 6873
993 349 8391
3392 568 3962
4191 746 1042
1844 2344 8702
3754 1861 5963
1138 1544 7575
949 1908 2271
620 1745 9419
60 3490 3016
3198 3824 9560
1684 2486 4492
3956 1032 8291
2000 3521 2920
3358 2481 1852
3149 1134 9822
979 1821 7286
535 2611 5343
2882 302 1776
1976 3733 6491
829 947 1367
212 1638 8632
2107 2066 1086
1789 396 6340
3970 115 7866
988 2011 8959
3859 4094 3949
670 2950 1207
2897 1700 700
3854 108 646
140 1706 1758
984 979 341
2476 613 5219
2800 757 625
229 2138 5664
559 1633 2258
882 781 2555
1737 3698 5737
1040 1638 9486
1332 1082 5519
365 1051 7647
24 3136 6901
3270 2170 6530
2149 4040 4900
376 2748 6006
3766 2754 3182
3579 3173 5152
1282 1493 4556
2207 2760 9604
2520 293 351
678 734 9780
235 1252 2266
3855 2312 4320
850 3867 4618
1797 6 1927
187 774 3577
2960 2744 3306
4090 2060 499
3700 208 6476
1557 1794 49
2310 3408 545
3074 3157 9933
1110 669 2303
123 4107 346
3473 2886 4148
3939 2881 2122
218 4129 6624
339 3608 719
2854 1349 9950
655 2154 6503
1296 1932 4286
250 1934 6976
3924 2491 7043
360 3137 9370
1611 1356 5160
922 3734 206
1416 518 4811
4173 2415 891
843 949 8429
2560 3264 4466
3349 3485 9451
902 3284 7190
3624 158 7216
2803 1976 4622
3711 2849 4095
3386 132 5885
381 2448 9569
2994 3177 3016
3212 3168 7491
605 2377 5162
3627 2065 8286
3452 2981 9658
2965 517 5841
3213 3428 8845
1388 825 1661
458 2793 1829
2539 1914 1269
2808 3671 2686
3080 297 2048
1043 2405 8580
1698 1014 6953
2078 2275 7896
2676 30 589
3055 2791 6957
1363 3645 944
3566 25 8009
3692 3051 2323
983 520 7993
2639 3086 6156
1619 3624 6779
2252 164 6400
2068 1608 8232
2575 1214 2137
4169 3411 6106
3327 3011 8320
2146 2006 3567
831 113 1438
3571 2487 6873
3082 1193 8733
4111 1381 4166
3078 2203 7845
664 3452 2018
1633 3531 6859
1765 3969 5828
213 702 6055
2541 905 4810
2823 144 4807
869 3972 9053
695 1363 3044
3095 308 9546
3969 1174 4770
2335 636 5288
1619 1873 4657
395 3812 8525
3159 806 6518
80 1091 2423
1272 1066 5931
3198 2388 8893
2367 1153 5862
3298 3465 4716
4145 2123 8730
1829 492 3157
3702 1705 5826
3171 3115 7017
3773 2389 1956
394 1947 4977
3637 738 7106
3282 2587 6291
3572 1419 3433
1167 3730 9825
250 4119 2637
3821 583 5364
2755 4114 1695
2783 995 4228
2774 55 5246
1056 2458 3985
3844 1070 5199
1159 2021 4631
1496 3891 4288
2701 4004 3873
1322 2870 2264
2957 2424 7799
2712 1361 3703
4009 3854 9187
3873 3696 4928
1552 1392 4187
704 1823 9233
388 3312 6297
2621 3957 928
3349 1460 5055
1760 3745 8089
3671 1440 9566
3556 1333 1288
1208 3085 5446
326 843 1933
2491 161 7158
1770 519 5635
2181 1863 4122
1517 1418 4328
2341 1446 8052
1158 1014 5065
3157 2381 1748
3620 766 9345
3018 2353 1183
1373 3826 5610
3850 1895 8257
3433 2752 2295
887 4055 2097
416 993 7129
2185 321 9533
1235 3474 1276
3655 3501 3747
1069 1813 501
760 381 9200
736 577 6122
959 2322 4013
929 3967 857
3998 829 3796
3061 2831 8307
2005 2349 7326
3410 1599 2057
788 3392 1918
1060 2371 6865
4073 3479 2093
3980 498 7101
1388 3107 8907
2103 481 811
2970 39 4909
40 1571 4483
3140 151 6262
573 969 223
4130 2744 3252
3730 1 6444
1764 368 1627
2700 346 4703
2574 3721 5766
552 2583 1593
1022 3444 7093
3835 807 8765
3383 651 6201
1806 1818 7386
613 3695 9652
4028 200 1719
2481 901 1894
4084 376 3994
2636 3116 8613
1273 3575 4673
3052 4023 5972
677 1693 5622
1056 793 6456
3057 1481 4144
1694 1438 2676
1804 3823 5024
2856 1165 8810
1283 1999 7946
2613 2804 8062
2176 1695 7374
1581 507 5661
1663 2622 6938
3159 2828 8877
1344 841 1622
2691 280 6500
1841 733 8896
1127 1357 5921
2145 1797 9252
1606 2755 3829
3095 2395 6137
344 1789 8866
373 1392 7433
294 596 1212
3465 3866 726
2895 3202 95
854 1538 3789
215 2948 9257
4021 1063 7172
2690 4188 7315
1391 1170 7489
1225 325 5871
3843 816 1033
3963 76 9189
65 2758 3653
242 2298 4983
190 3093 5189
2569 2326 3426
1139 162 2922
3290 408 2682
3933 439 6098
3506 699 6907
4067 3091 8214
2249 811 5004
2173 1118 3033
4008 1141 7423
2270 507 5359
439 1156 7639
442 3204 1315
3306 3336 3147
504 4021 5415
3554 1441 8567
2977 1640 760
2020 846 7939
799 3989 9647
754 104 9400
3045 2185 5058
3700 3685 6939
1194 2201 8618
85 2357 1068
2182 1295 1421
2341 3676 374
2829 1593 8211
1494 2912 46
1324 1885 6506
4153 2313 6610
1972 3532 664
1977 855 5774
3272 4054 7969
3714 56 248
294 791 9090
163 2067 2809
3595 2129 2962
2312 792 2609
2145 846 2956
2660 3022 190
2848 291 1217
3909 556 3146
1768 2062 2417
1704 3374 9872
2676 2505 2484
1326 2028 7827
2121 1265 7168
3872 1057 4759
2911 1825 5416
4080 3342 7862
3766 2129 2518
1073 1920 1299
3698 803 9908
3641 2144 1318
1787 2246 2965
444 3695 5588
32 1358 4870
1541 768 8564
1051 2291 7853
744 1006 1386
2195 1785 764
1375 1594 7216
3231 2067 7076
381 509 1131
2742 241 1187
3529 256 338
502 493 3715
3080 2276 384
1307 1861 9397
3661 1294 8351
3830 1215 8453
2623 1762 7886
2245 3156 6783
3768 1738 6669
2659 1354 6677
2988 2765 1470
2400 2880 3676
316 3933 5609
2483 2466 683
640 3844 9227
3728 2887 8440
3751 3067 8306
4144 2691 5499
2440 2970 6497
3437 373 9314
3114 1501 4529
2400 941 2512
777 175 8786
3277 1170 148
705 1815 513
1805 854 6670
325 692 8476
2598 3527 4108
1341 3924 7867
1087 410 7044
3140 145 2881
3583 4070 1077
200 2576 8882
4021 2408 995
1102 710 6625
3620 1211 1726
1150 715 684
3565 1585 5343
3948 1023 9644
3296 4161 9277
3043 924 6023
962 3625 8665
121 4004 7047
2288 2149 2041
4072 3882 3574
2626 4171 3124
3865 2336 3811
3602 4085 9147
4046 3998 7363
776 2332 4893
2521 3308 1348
2813 2378 4575
4191 3886 9584
1587 4041 8484
2697 1404 8024
3847 2711 2338
248 2204 4747
2237 122 5944
482 252 3689
17 2868 5304
3876 2067 3450
4038 4077 1162
1500 1006 2139
1874 537 5308
256 2250 3273
4115 519 7850
3655 305 7985
2408 647 4997
2330 481 4052
928 2219 947
3354 3227 5263
3632 3606 9196
4143 399 3898
661 970 5568
930 2812 6409
3987 3930 8394
4174 1434 474
444 3545 2126
2235 3923 1523
1815 3617 4134
3653 1203 1654
1185 1324 3873
3683 2064 8725
85 692 195
3602 3284 9829
3953 2506 6580
2262 3693 9926
3383 1818 415
3886 2369 845
2999 2883 5398
720 2928 5303
1503 243 4813
2311 2896 5073
3856 2864 4906
1796 2771 8888
1789 363 4826
2570 729 4865
84 2197 8479
1878 2443 5313
1254 3262 7881
3318 1997 3546
3761 3926 4974
1206 2202 11
1827 1773 5872
1549 3082 3753
1804 884 5226
2926 721 3322
1470 923 8729
379 691 5264
3044 3275 9123
2631 3978 9893
3204 3656 696
806 1647 5466
1696 3578 88
2196 3476 7112
3762 3887 8224
2736 1727 2965
2628 2215 9777
1679 3495 8250
1084 589 1798
1638 3101 8815
726 1885 671
1498 1312 1288
3957 1665 3205
954 1480 7140
2873 1751 1334
875 3721 5247
1931 211 5051
261 2331 9473
3831 4068 944
947 2983 8749
2351 42 3004
880 1147 9058
85 855 8916
1509 4029 2098
3068 1787 608
381 2199 3884
1860 512 5418
3237 2082 666
3984 1910 7819
3129 1868 6363
2658 666 2123
1236 3186 143
3238 261 1724
3405 2510 7750
2678 1220 5900
2813 1053 4291
1602 1366 9405
4092 2359 9103
1805 920 3311
3400 570 8682
316 382 4683
3460 3446 4715
3817 3920 3801
1872 722 1125
2931 234 3096
1202 2011 2345
1456 1364 1549
379 182 9307
1835 811 7350
74 2469 5577
1769 2124 4666
3864 744 1769
657 1927 9076
3399 1073 8368
3077 1762 6774
1563 1581 2605
3954 2586 945
4081 2069 7798
3729 3150 2373
1383 3131 9024
3119 1060 5214
274 1988 6967
3094 3948 487
1282 1346 6571
2489 2567 4202
1007 464 826
2952 763 2933
2620 462 4042
2875 3536 8295
4171 1628 5533
145 562 586
368 1275 6984
2902 3190 524
3893 991 1818
3819 4163 4205
2822 3531 9444
2525 242 5006
381 4134 1716
2087 2134 6759
1460 481 860
2527 1777 7187
3922 488 5889
918 3656 7406
261 1657 2749
3956 959 6653
2139 1840 9836
2707 3144 4209
841 1822 5243
2072 2583 7231
1283 1926 8192
1937 2532 900
3888 3732 4674
3301 1186 5851
2396 2448 8728
4071 2448 4728
1496 2036 6230
1590 3759 9321
2071 3401 7907
591 4069 1224
3362 3694 7759
692 2993 5877
2501 4057 4931
3883 222 5752
3310 2040 1805
2787 2156 9556
1459 2794 8418
2403 382 5137
3592 3924 3317
872 8 7119
3997 1289 6492
1016 2748 1843
2233 3253 3155
3946 603 7154
3794 3941 5138
532 1097 4358
2559 3765 3520
3399 4051 8622
3146 2547 9853
880 3092 6975
2533 3337 8697
2496 889 2027
2493 3536 3870
1713 1932 3208
2195 1836 224
2857 3128 3129
1317 2459 8241
1197 3037 3082
1849 340 7727
2444 3471 2581
310 3066 4533
3167 4077 4247
4121 4177 2559
1205 2690 7128
3556 1423 8549
634 1211 5035
2039 3498 3545
3935 3641 2590
604 3117 3474
581 3027 387
573 211 4268
4029 3044 6847
1922 803 1773
3442 1710 2552
298 2467 4
3946 2790 3724
1442 1454 7539
781 83 392
815 1462 4661
1482 2501 969
2037 1904 274
3012 2850 7650
712 4133 1689
2103 167 5303
3114 1064 6769
3606 969 3843
713 3437 5116
1709 1708 4186
919 355 2388
4051 2674 1279
1645 3308 9901
7 1098 2430
2873 1825 3553
3664 717 43
379 659 1334
1457 1215 6308
3247 766 9914
1285 1471 7940
2724 2317 9412
1139 2371 5130
1070 3893 9001
550 1878 5132
3776 3269 4493
4028 4032 3237
990 1475 5071
543 87 4311
2590 3085 5509
4108 1096 3401
1633 483 4271
1351 633 1507
141 2679 4163
1353 2197 6450
3565 3837 1647
3026 3633 7193
880 3227 8255
3475 3134 7028
3773 763 8091
2767 448 2391
3596 2059 6362
954 3269 11
1187 1454 7301
3773 2032 616
3802 2583 1959
513 1382 3512
2845 2580 3711
2871 2704 7213
1472 3070 7355
2550 2327 8867
3098 4187 5513
2780 773 5557
2488 3563 1399
1630 1670 2828
2787 1706 8195
632 668 9338
2611 1888 7848
4121 2531 6794
3911 2639 544
1748 2857 1209
1501 290 1813
2958 1777 2534
3883 3315 7165
176 2760 5293
1043 3779 6119
191 1128 8874
3522 1107 20
664 3641 6937
3619 2406 4309
399 562 7959
2080 705 2646
2791 503 2830
1300 3044 7488
2408 4150 8174
2021 3698 4209
2469 1178 7802
1989 73 415
7 2913 9706
3028 3614 2866
838 1314 9439
2640 771 2530
2445 2875 6103
370 1835 4315
4008 4051 7343
4015 3849 2774
4050 1553 8155
2373 285 1775
2236 1130 1494
1090 3297 505
4133 3687 9163
1591 1071 1636
4171 4032 5279
1670 3565 218
3238 4159 8888
25 2340 5754
4070 3447 1733
1863 3510 5070
117 3702 9107
1018 2678 881
3819 2377 4141
1039 2866 1729
19 1109 6054
3979 830 5232
1808 125 4767
3204 2694 4862
453 2729 3514
292 2593 8135
2329 1919 6326
2125 3826 1549
1645 3918 2413
2140 2034 900
3342 2305 7512
2567 2005 3271
112 1970 5891
2829 3556 7804
3163 3696 6989
7 3510 5975
2439 3901 2433
1312 2702 8657
2696 1498 3718
2525 1125 1874
306 1487 2573
3636 2600 1573
2914 1834 4768
2689 1118 2001
3012 4159 2633
2514 474 9241
1677 1795 3300
1641 2927 6122
2452 2143 3106
1154 686 5247
1588 2486 5720
1745 3929 4082
2849 207 910
1331 3188 8431
326 2655 6389
2514 2101 2059
1540 2050 1841
377 1235 2942
1349 3676 2532
1452 906 227
1277 2000 9707
597 1302 7731
189 3902 9517
1588 1544 5752
672 278 5975
1319 2413 9616
751 2813 9970
2993 4001 7264
2899 1614 6743
4000 3902 3732
129 1871 9168
3898 4168 3930
1743 1085 3622
1364 2751 9329
737 4000 2390
1364 2516 169
1105 1637 8526
2014 2839 8384
1558 1077 9085
1820 900 264
1879 4079 6938
4013 1063 6973
2446 3767 9991
1382 4130 2645
1660 3514 5702
2094 1306 5693
2599 173 2385
3767 3832 4512
4080 2951 5581
3660 1058 2987
609 4050 5343
821 2149 2099
250 2921 2310
1651 1230 2589
3987 1026 8674
3408 511 8034
2117 1826 6295
173 2569 9274
4124 1359 983
1645 2193 2719
2517 3216 3301
1796 3639 8497
1321 2886 3242
3116 2704 5951
3987 2509 3093
1742 716 2168
3671 4025 4079
1144 3598 4883
3760 2903 1302
4177 2199 7528
220 1102 9759
2511 3253 5013
3307 3592 3087
1972 3486 2211
3818 17 5827
999 2668 8905
4080 1720 8669
2540 3048 960
2063 2349 3380
2361 3545 4262
1146 3840 5527
1878 857 5797
176 3720 6673
2878 3705 857
2547 754 2816
3095 1001 6849
3697 741 7376
3892 2566 2360
454 4135 9206
2738 663 471
2336 1423 8136
3060 3533 2145
2843 968 6659
3946 2638 4073
516 2227 6647
1334 442 2472
2344 2729 177
292 803 729
988 3252 8573
3988 294 2649
2296 3926 9603
702 1220 8765
2965 732 9055
2716 1711 4411
96 542 4403
3929 3129 2175
3954 868 949
1670 2872 7245
1617 290 6785
578 2409 4893
3288 2123 4050
1496 1366 2298
2692 3139 8272
500 3555 986
2877 2171 1232
1618 3591 6896
1562 4102 3893
546 3668 6192
601 2635 9209
2828 1295 7290
3214 3175 1734
1633 3309 6669
1049 199 4950
3818 2506 5061
2014 2333 6157
648 3830 3517
191 1345 4625
518 681 1708
1666 3548 6401
2905 200 7100
3391 2962 5232
3143 1241 615
1048 1249 6974
3716 995 8309
3201 413 4659
625 105 469
1196 391 7611
1613 631 2098
1097 2592 9143
3636 3655 6578
1286 3418 6001
1303 4021 8985
2293 1065 5338
4198 3120 585
1315 2869 4328
2314 2555 9579
1152 782 7173
3515 3608 688
1566 3222 6568
4169 2848 6323
1095 2887 8320
3968 3430 4829
2484 1164 8504
4127 604 1298
1741 3487 4093
2068 2420 4919
3202 1260 5545
1945 449 1756
2759 2336 7791
217 619 4765
1876 385 8882
1932 877 5794
3687 902 7126
2901 1554 8027
783 2688 1583
1739 1486 513
3857 834 5645
103 2998 136
3558 3846 9338
2244 3232 3348
3979 2961 4562
3146 2822 1093
3949 1969 3806
2241 3859 3377
2047 747 6691
1999 1039 1536
3506 456 4700
3643 3733 9560
4184 1247 925
2908 571 9496
3708 61 6662
2656 2878 1994
3224 2547 5766
548 3244 5647
2618 260 8763
1352 4158 38
1785 2891 4295
3691 3626 2232
1911 3410 1454
950 2715 7507
2646 373 7932
1336 3924 3162
2496 2315 829
2523 3972 1335
2803 2214 8222
3250 2971 7938
2517 4094 3955
913 3635 522
3115 3458 1556
91 2231 8789
1807 1891 3659
2989 2783 9540
2370 1900 3726
2866 662 2494
2223 2511 501
283 208 779
3593 3210 2376
1695 2712 7920
1762 91 7157
4040 1867 9996
3048 249 7627
4056 2946 4018
2351 488 5838
2081 483 1409
586 2734 1350
2730 103 7142
4168 3310 4432
806 2878 5392
742 324 9710
1277 580 4530
691 125 1816
4188 3515 7030
2310 1647 2361
52 3781 674
3767 2486 6136
1588 1171 4263
58 2503 5593
2155 1576 6297
275 766 7706
3641 2512 8289
1997 1708 4496
2321 3516 6054
3202 4019 4628
2588 292 3143
1037 555 5438
400 2873 3059
2914 74 1401
2258 1126 5342
3707 3545 4076
892 1061 9772
2105 698 9207
1089 2556 6063
207 2623 529
464 3915 9327
767 93 1918
3643 1723 7421
3086 3324 8924
1463 2552 4350
125 3601 4989
612 1225 6749
2627 2715 336
2812 1657 9790
2835 1421 4622
760 4199 7319
1396 845 2394
551 937 4685
2889 1724 347
708 562 5578
1022 1832 4274
2085 234 3329
339 1099 6853
2790 3302 4557
1298 2324 3319
3895 3710 3385
1988 3533 5846
3096 3054 7226
3210 1870 764
3289 2001 5736
843 3184 3804
1512 916 2646
32 759 5168
3311 3841 3404
2516 1213 6649
3482 1765 5782
2356 2524 9742
356 3758 9962
2459 2240 7889
1049 1406 6054
856 337 4115
2756 4014 1767
3426 2106 1772
1965 873 9097
812 1275 2669
3929 999 331
725 3571 9693
2733 476 5422
2704 2663 6110
1739 1915 4788
2743 3414 7549
4053 3105 2746
3235 1827 9769
842 436 6157
151 871 9616
1226 2304 4954
3569 700 7033
3276 2357 8903
2981 1731 8964
2468 3050 8868
851 1328 72
2249 802 3691
877 2759 5715
3005 233 1845
3958 1093 6005
1655 4191 6543
3848 3225 5753
833 2664 733
3392 503 8861
203 1551 9473
2114 2754 7787
805 2082 1785
600 421 7374
449 3440 2336
1114 520 4690
1562 2484 5263
3800 3772 5729
188 805 6153
1147 3739 8046
848 1994 6268
2520 3739 5145
2649 1724 172
1411 3148 9269
1582 293 8490
3040 3485 9927
2347 2924 9455
2549 1253 2912
1060 1828 3611
1699 2454 6774
1503 738 2150
3990 1700 964
3380 2130 9593
1847 1559 3623
1630 3699 1755
1850 2280 1877
744 2315 8264
2665 1507 8590
1117 3676 3085
1639 1948 229
1946 2802 6641
335 2667 4021
303 2348 3246
1563 3978 8530
2580 1762 9751
3118 2913 6972
1776 1985 3270
19 2977 5885
2624 4042 6946
1688 376 8920
266 2064 9563
2556 2128 8971
3073 1206 5582
2563 61 3815
1238 4151 9653
158 1251 897
984 1831 1127
3373 2650 5402
2315 2312 2886
655 3508 7467
1217 3393 1800
2739 804 8168
748 3273 5725
2215 181 2827
1230 825 3360
3215 3508 6432
3251 3445 1515
1674 106 9554
3595 3044 4186
843 1880 6879
2939 1964 5208
3992 3713 418
3514 2922 4132
2924 596 7751
1520 2755 6742
1676 3615 2623
2204 346 9818
242 4108 2814
1565 607 9249
675 2558 8757
3118 2755 2690
3842 2141 9578
594 3168 7867
3153 2060 2625
1108 4028 5351
2057 3219 4910
706 3569 7716
2073 2561 458
3727 1704 321
895 3282 6140
186 2335 4863
608 3303 4669
345 366 1166
292 1103 6525
2987 1098 8774
713 1209 6099
634 212 2074
2017 372 5955
3226 653 1527
2239 3767 8976
2565 411 5330
3075 1967 479
3025 1858 2011
4130 2161 5600
3135 1293 6589
1448 3547 8477
1273 1716 2884
4158 3617 491
2952 155 8099
3492 3803 3034
3733 1960 3631
3298 2335 9725
163 2964 6145
1873 1492 4012
1548 1203 920
293 2543 5374
1035 19 3858
639 1388 164
715 2454 1605
1406 1960 780
1578 545 9557
3774 433 5496
710 573 8649
527 2259 305
3426 1583 7334
2022 417 5536
327 571 3710
1064 3167 2152
261 658 9369
3548 1798 5217
691 4154 8163
4067 2482 8684
415 102 2871
1156 2044 9900
2131 854 3207
1695 473 834
1148 2615 3468
3088 121 5903
3802 3865 6747
125 240 7693
4067 3453 8023
37 799 8385
741 155 3405
2919 1852 2598
312 15 7982
2580 245 8449
1407 2701 164
3614 2997 6189
1237 1419 515
1940 3534 7108
670 1760 1181
4025 579 995
778 3344 22
2551 3972 9906
1881 3339 7186
332 1506 6740
3601 2713 6926
2032 2047 2211
4128 3572 1885
4188 1201 7026
973 3700 4292
1436 351 7022
1940 3999 5348
2014 2977 8471
1661 1650 4747
1628 1026 4353
2495 1990 5802
639 233 4601
1653 75 7198
2506 3483 8318
2789 1056 1237
1566 420 9648
949 3556 4159
1216 4009 8508
3293 3167 1215
3553 4118 9201
1696 3346 6035
2013 2738 6669
539 1489 8973
2706 105 4493
2457 1535 1380
99 523 3621
3260 137 3391
2620 986 6194
387 3219 61
1112 2891 2601
31 2085 1178
3316 843 3945
306 1702 4902
3969 2383 5273
3778 264 334
3792 3470 3098
3592 4183 9931
1670 3812 9111
3857 1613 1644
1233 3899 1886
705 3035 6398
3582 1903 9038
3378 634 3460
1822 1267 1358
3229 2576 4045
3572 172 1290
3170 279 4880
2673 1027 2517
3464 3896 4585
4127 3673 4050
1672 1497 5945
666 1460 5285
3620 3283 6703
534 4048 2331
971 3796 1964
1106 1240 3021
3536 1113 462
2900 2048 9271
3906 3224 9294
3492 3007 8764
1100 1882 8583
578 473 8396
116 1992 647
26 1370 5104
1261 2863 8604
3396 2341 4047
3858 625 7261
1076 3473 7657
3667 3213 2879
1022 3441 5366
1316 2286 8067
3545 1351 1612
2235 1370 5648
1521 1098 5117
2825 1361 2676
3716 281 8365
216 3581 8518
170 3366 1056
4041 3602 523
3772 3814 4003
3182 2022 2022
2064 3239 9866
3431 347 6803
3741 3568 9148
2704 324 3155
1338 3259 4997
611 1008 3686
1673 3509 8588
259 2754 4749
99 2236 8137
503 2869 796
1040 1438 608
1359 1783 767
2190 3132 61
2228 996 2135
4 4197 9402
1986 8 9192
2302 2033 6543
1749 1420 7471
3718 3214 6688
3902 947 806
3720 1224 6687
3254 515 8391
3184 1561 3064
670 2088 686
2162 565 9869
3961 2440 6178
2996 2262 4558
910 3710 4973
2367 755 42
215 107 9347
2067 2558 1502
1176 3766 9234
1506 2824 3056
1933 147 7982
3791 2539 6668
3351 2954 4754
102 1552 8790
580 819 2099
3099 458 8854
1017 1392 7318
3203 1205 2371
2273 1163 9519
3845 3347 7918
505 514 5065
3175 3178 1503
1342 1468 6891
1560 2867 9098
1151 1530 2727
510 1883 7219
609 2835 3108
3400 3360 5882
3488 630 2542
1901 1569 9809
3341 2253 6832
2106 1413 5937
1561 1562 1686
3825 1458 7327
3271 3935 8806
3305 3657 9766
1984 3804 4845
1631 3084 4423
3727 3320 2893
2408 3114 3921
842 1588 7142
2274 661 5745
1226 491 5557
2440 3214 4986
3059 415 7787
1886 2312 2582
531 1656 1252
4184 2214 8606
2919 468 3064
2510 2202 2423
3148 3150 3174
1018 1313 4566
1032 249 5735
365 1793 2571
4121 2254 5038
169 1151 6986
2018 1523 4041
1117 2604 2510
3241 1373 9788
58 3774 6677
3169 4130 5739
1935 721 3538
2484 322 6895
1152 2689 8155
3396 667 8447
2067 834 5699
2231 3035 5774
294 2370 9629
3692 1052 6214
456 426 4249
1425 479 1542
2689 3310 9017
3648 3548 8354
2957 3170 1170
3890 1591 1317
3480 3853 8957
1957 206 5753
1069 201 9090
3339 491 6326
4 1001 8305
1218 2016 9170
3021 652 6560
3123 2647 9229
2599 3316 1688
3503 553 612
3039 1666 1844
651 72 1754
1869 1421 9759
394 2440 4701
2363 2183 7209
195 888 3576
3340 3301 9867
1325 1013 9985
272 1887 3925
2832 538 5384
3644 3378 8746
2600 1518 6571
2375 4100 4548
2874 3605 8822
2567 742 2022
1979 3564 6270
3800 2566 7812
920 1312 556
2362 3290 7997
2259 2031 9831
3732 1129 8384
366 92 655
1732 1278 6254
3091 1940 1797
3928 3966 4438
2660 2025 1385
817 3539 2150
3624 143 2247
1235 2123 7211
2973 2389 6850
775 1416 3358
4023 29 3777
3879 2446 6676
1341 1436 1316
3772 788 2886
3648 2557 3497
2250 2371 9196
1815 1818 9399
3163 3342 776
2738 3531 6594
3125 3068 4484
4154 1468 4416
3950 2347 7537
2409 1424 9315
261 1416 9966
3326 516 6026
3362 3254 346
3393 2701 4737
722 3730 3414
2075 2215 7700
3711 3357 3072
1369 1502 6489
346 1411 9039
3145 915 7310
817 1520 6785
2010 3440 4649
2175 3049 7372
2702 345 7279
1738 45 5966
1047 136 2258
2135 681 2888
2021 1345 2233
2189 2556 989
3980 4138 5193
2231 2612 1083
3728 3097 7874
3146 3481 3675
2085 2572 2822
3734 1515 2988
1918 1816 2557
1422 284 2720
2580 2431 3559
3315 1277 3225
3216 1843 3228
4039 2536 5046
3387 1386 1486
3063 1105 9111
3236 2736 7922
1770 744 5125
2595 4168 6711
1094 2800 5535
3227 3414 9696
2098 4137 8289
349 3001 761
481 2152 4253
2920 2598 9545
3288 35 2511
1185 862 251
1593 83 402
1893 4008 2449
1611 3738 2134
1915 1754 8784
3356 2661 5386
4091 3125 3448
484 1160 7407
3555 1279 3808
328 2092 6157
2844 1644 5817
2137 769 7525
1182 2065 8293
3435 3115 4936
230 2927 4570
2302 1987 3208
1817 4006 8603
3359 888 7933
1389 2556 260
3794 892 2140
3919 2541 1999
3146 2683 2851
2555 3735 3738
1125 2152 4695
3488 2943 1881
2787 2912 1382
2782 3756 4191
3323 1117 3172
248 833 9395
1645 1303 6894
866 1128 3628
2942 387 9562
3442 16 284
2049 3725 3684
1171 1935 3729
2168 3419 4986
2565 1548 6723
2970 1270 9183
1421 2395 7187
190 780 2400
252 228 3160
1176 2122 3153
1746 3916 8712
3771 3480 7773
2769 1075 4782
1670 2401 422
2125 3361 3394
886 1729 4462
1247 3404 7271
554 2514 6973
3525 935 5746
216 721 9642
2664 1147 9220
3680 2427 2833
3691 401 7389
2899 2965 5219
98 264 1613
3378 3564 8268
3537 1658 693
1886 2570 6504
1505 2398 2045
4098 1369 672
4179 4050 7832
4067 4181 1634
410 1689 1673
2812 2017 829
916 3387 9780
3432 2152 4067
1164 786 5107
689 1207 5057
1960 4042 776
136 3504 9512
1652 1686 3260
3278 2311 974
902 3257 9015
3475 2339 7423
2149 3963 8703
3631 3799 9051
3057 3186 5758
1308 2607 6077
3790 3168 9426
3376 1589 2297
1749 2205 9193
1254 3076 212
3424 632 4080
1423 4005 8339
2435 537 583
3064 983 3220
2892 3794 830
2129 1505 2310
3169 1631 8322
337 1048 5971
497 1152 3393
1075 4136 228
4025 3013 3851
2311 2478 191
3165 1298 3396
2053 996 5788
2301 2464 8835
1916 1897 9712
2305 2997 4074
2580 1447 1031
4172 1984 1628
1185 3812 3391
1972 1163 2313
981 1739 2080
3977 1929 2569
1144 1721 6825
2358 2806 6016
1522 30 4661
2006 2320 9731
2474 2639 4613
453 2400 8557
1761 2768 1574
3411 2906 1180
1244 2645 4791
2619 3905 6201
2735 2305 5264
4076 219 2502
1558 952 4672
3433 2236 5584
1884 3739 7481
777 2290 7141
2917 2211 5162
339 48 4056
1796 4051 6132
2109 2226 5853
2976 3132 7781
2784 1261 4980
1732 1858 1201
1457 2194 7540
1431 864 7271
1045 826 8977
734 365 6614
4099 4106 9703
879 1853 1710
1300 3594 3553
211 516 4878
2984 1978 9641
3621 1652 582
4034 3891 7342
2205 375 2746
3290 3119 3181
452 3046 9123
1281 3353 6454
3574 1830 9321
2490 3786 1209
1565 1408 9770
1176 1064 4582
130 875 7708
3602 3789 8321
3910 1506 8167
2485 3651 6026
2995 3654 6565
124 775 593
4140 1331 4013
3822 2555 6478
3538 4022 8461
179 3300 3255
2088 682 4439
2088 3690 1753
1084 4189 293
2447 3951 2902
1851 1161 5079
1593 3456 2859
2064 3928 6007
3474 3433 5485
1167 2353 7085
2127 1823 38
4128 2634 3934
2142 142 5428
4075 1054 2659
3468 3481 6890
3258 579 3712
268 1757 7498
2177 1290 7058
973 1122 4123
2734 2982 1509
2208 2277 8444
641 3421 7542
3130 1447 6819
689 4111 1042
583 4128 4873
1690 293 7858
1346 563 9239
180 2628 7774
1569 1856 213
3596 165 3822
1507 2733 2167
4041 1227 4168
3423 2111 1682
3553 2215 8541
3050 3069 8486
3289 4006 8197
3698 299 2178
3685 3761 6432
468 2596 9857
3254 2687 8334
961 144 3482
1440 505 5130
3466 2906 9574
2833 2749 9448
2995 2117 9342
3555 1203 2529
2518 2610 3292
3638 1549 4478
3218 1466 4808
3930 1475 9635
2797 2237 3379
1176 2984 4450
3680 3088 1670
214 25 2334
2382 171 3199
886 3544 7646
43 187 2534
1315 3862 2309
3634 3288 6748
4129 2408 5347
35 3192 3597
4163 788 2929
1486 3754 4004
3313 3549 8046
1311 2495 4184
1398 662 3750
1172 1350 8821
2802 523 4794
1167 1729 3336
1304 679 8246
2397 2714 5574
3024 402 2699
2339 358 7550
1104 2240 9595
3572 2347 8452
42 3462 7023
1325 1625 4801
897 588 6919
1125 3186 63
2889 3920 4200
2802 386 2304
526 3575 9671
2333 3582 6312
2140 1978 4368
1444 2614 8218
1248 1894 1934
2601 3476 4154
372 3720 1748
2248 2707 2055
1779 2710 6106
3605 660 3010
3421 77 4687
3381 521 1782
3267 2311 6594
2849 1546 3410
1014 3382 4196
38 725 6000
3174 3526 2738
2786 2209 4634
61 3735 2695
2951 2546 1216
973 248 4589
183 2799 9796
514 775 4046
437 168 5156
1082 1145 5806
2689 2179 1227
697 3303 8925
454 2096 6345
658 765 2719
3951 1669 5059
3701 2205 9439
2324 2054 1716
1029 1767 3403
3707 467 9463
3622 4072 3627
2094 2101 7707
1323 1824 1626
152 1311 2744
2388 1745 2866
2980 439 9088
2369 656 2695
2888 4128 8843
426 750 782
2867 154 5793
2837 1103 1823
1267 2162 9844
2870 141 7524
1429 2480 9445
2765 2534 3041
2717 3265 2063
1170 955 2067
2158 909 4087
1522 1952 8042
1446 1274 274
3474 3580 7072
1626 3655 5119
959 2147 8978
1048 509 7658
3745 1975 1304
992 871 3050
1861 528 3828
3828 1019 5063
2991 1797 2651
1538 1957 8014
2459 4122 1182
3160 1881 4505
2380 1681 6122
1518 3123 3707
757 3270 9764
3754 410 2418
2235 2945 6061
2300 709 2170
199 1650 8230
777 3271 3025
15 206 7542
2247 3762 2546
1078 646 8649
740 287 7975
1608 3982 6671
151 3518 4885
4019 2359 826
3735 1637 885
1399 2119 8673
3199 2667 4639
2037 1835 882
3389 1644 6799
4056 1695 6666
3512 3472 8163
2066 2662 8864
966 2920 3476
1588 962 8750
2019 2298 6835
1993 1043 4414
2063 1785 5789
3108 1507 3325
2929 4081 2121
2693 3081 7193
3964 3460 9074
1906 214 7994
2235 3616 4831
1433 3100 570
901 364 547
135 4028 2768
1509 2410 1651
2344 783 4086
3706 191 1114
656 2273 5681
802 3458 1335
4035 194 2903
3143 2930 3950
4101 2918 7251
2968 3674 4088
3172 3863 6681
1654 3872 172
912 2598 6607
2447 1149 4274
348 960 2781
1271 3999 3190
3977 501 712
2379 2386 5748
1289 3108 773
3707 138 1107
1316 765 9173
2962 2126 1965
172 70 5901
3557 3541 9096
69 2297 9888
1480 2851 1061
869 67 5330
399 654 9431
1533 1931 5247
2697 3523 655
3727 1973 2758
243 84 3170
525 2845 8522
444 2327 7212
3089 1000 4687
1349 3791 3146
1537 2074 3150
3947 1423 7551
3734 3278 1635
4109 3744 5184
3677 1089 718
3123 1587 6673
1258 1949 6728
1801 893 4327
2961 888 9954
840 3730 9638
3084 3570 3329
2677 2177 2523
3104 3682 4538
788 354 7184
193 1006 8797
598 2347 8330
2363 108 6463
1546 1960 5241
3689 2337 3269
2865 2053 4309
407 113 6309
549 1355 7329
1593 80 6334
1696 416 2046
2629 1874 1863
2744 1118 1039
895 1352 8418
3276 665 8617
1481 516 8484
1539 190 1385
2166 2793 7063
1200 257 5501
40 2583 6993
491 3985 9402
1082 4014 5059
3183 653 1744
1064 3035 2723
4112 2137 6145
3947 2113 7425
3858 2129 457
2288 3199 2622
3656 2409 2176
1035 3391 3049
3039 1902 2821
240 2841 7951
3924 2538 8932
3296 2971 8083
630 699 607
3687 3249 6371
310 2898 3557
1927 2766 5390
2818 2001 3460
533 887 5221
3673 77 2780
1237 3976 6753
2258 348 3190
2561 1979 6506
2356 418 7995
1075 1038 1974
4170 605 1563
3145 3998 8967
1808 3468 5626
3443 2459 4390
1020 1045 4971
595 2010 7804
1915 596 9520
893 2162 1699
3570 1549 7229
2024 3125 9702
653 3052 7166
2312 2050 4716
3058 3262 6075
1261 3342 7768
1410 2973 1830
969 573 5275
2600 1797 2743
3084 1383 4515
776 3125 1319
456 181 2590
277 2022 7480
1672 2330 6596
2566 815 9294
1871 2634 9517
302 3774 9551
124 3289 4435
1777 2742 2257
3137 573 6436
3738 3765 2614
1230 3382 2461
982 4118 3438
2255 1473 4879
1807 909 5590
1815 3925 3812
1188 3885 1516
569 3256 5646
3178 1659 2701
391 3896 7708
953 1145 9823
1371 837 746
2875 1946 4154
963 658 9666
497 462 942
4188 2533 6641
2713 1150 6506
2725 2811 9132
3137 3014 8814
3652 679 1462
602 2026 7452
1862 105 6202
1237 2091 4890
4074 250 6395
1014 1963 9737
3540 2392 775
1084 1448 960
2521 571 1459
384 241 5651
764 289 446
3646 1777 6543
3185 3227 5118
15 1135 6262
2578 4003 2164
456 2655 479
3746 2596 6679
973 518 5267
554 1537 9497
3926 1449 6719
1022 1607 8056
3006 283 8197
3749 639 7104
1270 1685 8010
434 126 3560
1798 1098 5392
1221 3052 9366
1859 1210 6185
552 3402 7130
603 461 3108
1266 266 8170
1910 2226 7607
4010 1930 7190
3516 2245 6222
619 978 4266
2082 2135 5608
2519 2709 7555
3198 1086 7171
1966 1120 2835
3582 2349 847
2151 1667 8620
3800 2693 6416
2921 1283 8120
2326 3495 7266
1578 3892 3854
2058 880 2534
4062 631 1711
840 3766 4116
2755 334 3366
1365 1860 5235
3846 2859 5056
789 1511 6627
3630 379 9846
735 1352 8992
3911 1343 9904
2715 2639 6351
3032 1030 1736
234 490 2893
3193 2376 9752
36 699 3586
76 1480 8558
585 1080 181
3395 1202 2772
2357 42 300
2853 2234 3578
2170 1292 67
3566 2326 6644
560 4059 9831
3004 2766 5119
2409 3444 5925
457 3086 5588
1979 730 6983
3597 2000 9210
1651 3447 5431
2068 2379 252
268 1192 8122
2163 4075 9377
3666 3479 795
105 734 6172
3483 4160 3352
3607 3559 104
818 3331 1300
4046 1279 9348
460 3004 2640
2305 1451 6252
2300 227 3135
134 1031 8927
889 3621 2686
2512 3799 5275
2723 2071 1355
78 1623 3956
2691 2444 6498
257 3483 6607
1228 1234 7899
3529 1342 749
2384 488 6516
306 2625 4412
1124 1608 8735
4173 2790 3780
509 3075 2583
1254 3259 9690
2000 2853 1924
2945 3419 5625
3090 297 2282
870 3083 4154
319 1341 8730
2769 2426 1288
1028 1092 9753
2173 769 7348
2186 1946 7459
3083 2015 8862
3654 1318 9195
1084 1744 8076
3771 3776 1541
2092 880 4651
177 2845 932
2896 618 1298
3455 1409 3746
2233 3101 7350
3185 2085 1996
1250 1506 362
3920 4111 9375
2568 270 4780
589 1063 2938
905 1945 9393
3254 2065 1457
349 182 4655
810 212 470
3173 3652 4290
179 3556 3224
2647 1491 4886
1600 1334 2713
1150 3514 3848
185 1185 4431
1887 3806 1672
2179 742 7629
535 3436 805
3730 4142 4359
291 3000 8049
3561 2541 6370
1567 1573 1990
3716 2139 2677
3165 4036 1854
1706 1785 2025
2388 4172 3541
2495 2832 5380
416 3590 3459
3648 1644 6402
1313 3530 4057
752 1895 636
3912 2953 7525
2172 1482 480
4027 3609 5325
1736 3648 700
3686 2428 1439
2166 2318 1829
3633 3347 8702
2338 3073 6543
3966 130 7018
1531 2565 1223
3252 2863 9360
967 1924 2760
2449 203 3172
2878 1580 7748
813 1592 1325
1799 3345 6986
2703 198 8243
1615 3815 9420
2472 3553 5771
2480 1101 7179
3598 1072 3296
3576 2345 132
151 3860 7270
2214 953 582
3817 1185 3599
461 3174 4321
199 910 7082
3924 186 2356
94 3588 711
2891 2911 1220
1140 3246 2622
3173 2158 4993
1147 1805 7625
2038 1920 6297
2998 2711 286
3737 2067 2110
722 2046 7145
793 4145 3965
685 3550 4119
2124 1256 9575
2182 1289 7055
268 1708 1073
2310 1151 2710
3341 4155 7786
2855 912 4808
4052 1317 8453
3887 3538 9010
1982 4153 9145
299 1872 5515
153 1235 7903
2433 719 2713
1459 45 9530
2987 2427 2879
2541 328 6009
312 290 7936
3637 2328 9069
2867 1072 4729
73 641 5268
2980 1163 6317
328 3647 17
3450 490 7896
1527 1720 7761
3556 1507 6038
1941 3301 4918
1008 892 3639
4020 1791 2098
2468 3080 8888
2198 312 4038
3990 4053 3203
67 2089 3733
1838 1230 4305
2993 232 7335
1815 3644 4196
1336 1241 5098
3403 1539 798
2418 2189 1458
2879 2320 9952
2236 2818 3358
1002 3963 3960
1809 744 4962
2208 1415 68
3386 1688 9115
3631 2894 3920
777 1444 3015
1440 4186 7297
362 559 5079
1894 1172 1793
1903 2389 5125
3381 3804 169
322 2666 7828
1611 946 4879
1193 840 4478
3843 3919 2503
2818 1154 3854
1319 2667 1479
2754 4039 7289
486 2908 3062
1063 2852 8078
467 1940 5659
2240 3721 7883
1949 1495 4859
476 1366 5521
3154 288 119
3061 3771 3579
2094 1202 8841
4056 3368 7503
2531 2624 5349
1555 920 9116
1455 3640 4910
4052 2883 6171
1195 359 4936
3608 2523 1960
428 586 2143
3984 553 6288
3491 1926 556
1411 424 2154
1138 1243 799
2114 3975 1194
1465 3594 3614
3566 2328 879
1380 1411 3068
1233 3717 7194
3741 2987 8661
4092 759 1340
1178 2794 4647
1218 980 6032
94 3633 1918
1054 3438 8029
614 397 9125
2244 3693 1501
4168 2275 468
1714 4061 1461
3432 3212 470
3805 1912 7
4195 2042 5141
1365 2570 3096
2057 954 521
3464 2182 6618
2991 1079 7397
3917 1684 8813
2609 4086 9172
3501 3356 9760
2583 2394 3815
1812 1111 8524
154 741 8491
3086 2449 8022
1052 2561 1229
4091 3840 2059
3645 4001 8893
3469 3450 6440
2065 860 9774
2293 3307 704
3188 303 9318
3771 1901 9590
1930 2670 1962
4173 2196 9634
1186 2310 6763
2311 323 1807
2342 3381 2419
2803 1131 2906
2051 277 6244
2464 1637 6727
1223 2415 9794
1043 3782 3610
2417 3963 3002
123 3369 6273
1977 3445 1741
1212 2742 9654
3511 1119 1534
2517 3550 9503
2506 3668 6183
1018 3099 876
2203 2350 5601
1330 324 4779
2628 4149 4509
1893 2655 2936
1339 2413 2335
782 4015 1335
970 893 2530
3617 3012 5357
1202 4184 4818
1807 3452 5891
3175 2525 1951
1655 3094 7102
3932 346 3856
398 413 7765
1910 244 4526
3434 2429 9362
356 1662 4314
1161 2224 3913
652 3650 6554
2763 114 1853
839 4088 8361
3831 3442 8720
922 799 8626
2489 3406 5260
4123 962 3638
3411 3496 6259
3469 557 2398
1186 2776 1469
1820 3237 4765
1275 3749 422
2480 1338 7274
2813 3509 9461
187 1387 2761
940 3306 6360
2041 3934 5346
2591 1430 6427
1315 812 5090
437 1375 1455
4181 3630 7417
409 2704 7621
474 3257 5594
392 2770 1575
430 1140 1145
1322 807 6842
3403 3943 9021
1189 3598 4216
1265 362 2338
1399 313 7729
64 3436 7029
3397 2266 7422
3038 2745 7693
671 3950 7599
3383 2202 7352
1044 3337 885
2560 2668 5807
235 2127 1294
3573 616 8987
1035 2804 3974
94 1204 9147
1615 3144 7349
813 3274 81
2061 456 9491
617 2889 8051
1979 1682 3756
1613 1468 1221
693 1282 9523
2531 1725 1439
2820 3258 5833
159 2664 2992
130 2340 2007
3878 2275 7722
2180 1998 5176
2422 440 5511
1173 3021 1909
2406 2626 5600
704 3865 8257
1257 1470 3965
3794 1400 5456
2125 2294 8627
3934 1892 4604
769 1658 1903
803 486 415
758 1631 1483
866 1710 4027
886 756 5333
786 2283 3357
3336 3448 1430
491 1493 6045
424 2277 1272
1311 3957 3524
1602 1181 245
3036 3482 9775
3122 710 2375
3981 3103 3738
3110 3797 709
3512 2172 8381
3781 2179 1343
1720 1263 8566
2367 2258 9796
4005 1193 9663
1434 1112 2464
66 766 4249
2270 3827 3645
2046 2235 353
2087 766 2988
2058 2144 666
3911 2750 3741
2403 1765 6721
2396 3661 8380
469 409 6846
1698 3795 3130
2993 3976 2524
1799 698 9396
2056 1534 8730
3466 586 3607
2052 3139 3478
3329 2365 2809
793 1924 3512
3872 257 7789
3629 2587 6724
32 1409 1185
3616 3650 8268
3054 4039 8795
1282 4061 710
888 3222 7979
3585 769 387
3076 4008 9144
261 866 6388
1339 2693 2138
775 315 3221
442 538 3228
3600 3318 9298
122 234 395
3640 2653 606
2335 2501 2589
3817 1628 2179
1325 3508 1423
2670 3944 3400
4126 3066 3130
4054 4045 476
2487 686 7621
1143 1812 2225
2708 104 5925
1941 1139 3819
323 1035 3691
3588 385 6805
1037 1270 9052
949 1054 3135
3941 4001 6987
4081 827 5422
3983 2770 7795
1096 2748 600
1283 2633 9399
13 1698 5420
323 2349 9550
750 1324 8159
2796 3259 7995
2539 1203 4830
1648 2367 7316
3323 855 2614
1387 3083 1360
1469 316 254
1091 2583 465
1897 120 6422
1726 2447 3150
77 483 482
3204 3402 6847
3081 1685 5872
2570 318 7841
3618 543 1801
852 3138 7640
3297 2675 5240
1683 769 1686
2855 340 4568
280 1896 8158
480 3021 1668
1312 4182 2526
3960 2984 796
3076 1050 5549
2442 1475 7438
3465 1529 5154
426 242 9986
1276 2058 9271
1276 2874 3862
671 2947 5732
176 2652 1216
1006 1746 8197
4079 3872 8387
64 657 9036
3842 346 2980
908 608 7217
680 3051 1840
1291 3171 269
747 1986 8712
410 4106 6576
1094 2830 8230
2696 2593 4159
2870 3073 9693
4151 360 9962
2989 3011 2621
1649 705 7745
2991 3745 8187
1378 1937 5227
2502 2344 2691
2491 725 3118
952 1672 7137
1405 61 573
1292 4004 6643
2329 615 546
1377 2335 4814
1453 1452 182
1497 1341 2814
1511 1901 5549
2223 1565 2749
2921 2886 3730
3463 2554 8134
2405 84 6936
3680 981 4787
702 3516 5940
286 4172 4649
2779 1445 3882
4175 3404 8643
570 801 5173
3190 3478 4992
122 2602 3467
2718 4007 8090
2746 2960 8552
2087 1098 9756
3468 1325 3128
752 3455 9033
737 1678 7424
2350 3283 5909
1130 1269 4576
1695 1775 2027
3635 3816 7521
2953 1677 2315
3447 3150 1296
985 1039 9501
1662 2368 6020
4097 4194 312
3479 1681 5179
2659 2126 494
3168 3433 9120
1355 820 1279
263 3689 8230
1499 3209 5643
1296 3971 44
23 3321 8176
2374 87 4695
178 1422 8038
825 2597 1514
1227 2819 7910
3441 683 1939
1903 3070 4837
149 1435 4230
3641 1695 9230
2639 2014 4931
3594 989 7503
4124 781 7937
1714 2293 5325
3714 1908 3361
4183 2505 4527
3234 1773 5350
1324 3588 3137
755 3921 1007
1030 1938 9872
320 3713 4827
1300 678 4267
2604 1162 9853
2011 2950 445
776 3298 4975
204 2727 6185
571 1981 7735
2085 1446 7153
3311 3393 3926
1658 2488 8636
3290 3654 2637
3678 1152 5659
1139 282 6458
903 1189 9480
3920 4031 802
1473 453 4024
2819 2231 6022
1984 4135 3124
3451 234 9631
1873 1340 9145
3439 2646 2886
3175 801 1010
2504 1281 353
3228 1446 4343
83 250 9986
1590 1058 8978
2384 1100 2530
3403 2191 2669
2042 1175 3014
2939 2251 3440
521 711 9826
2724 375 5803
3634 1647 2924
1679 2138 5244
1037 1901 1145
1623 2337 2810
385 1558 2265
2990 1477 9912
455 757 337
2591 4001 7200
3146 2353 9688
3025 314 1087
3562 80 8920
1798 2722 7539
441 3475 1619
2633 3202 5540
2066 2423 3789
1208 3649 8078
831 1293 7656
2174 1084 976
504 3856 5114
3242 1684 4995
486 1591 2979
2773 2898 4977
1096 564 3976
1872 3022 7894
3209 1897 6960
423 2021 147
4135 3767 4616
295 3120 2529
3819 630 1153
3327 2739 3044
3248 918 6001
1220 4163 1284
2985 3222 132
677 3823 3359
2496 2636 4702
357 1733 4530
306 1087 4544
1117 2346 7676
363 3436 2393
3450 4175 9197
1077 3692 2687
3198 679 4003
3432 1347 2630
174 456 7116
218 470 4711
112 3233 3255
78 1070 4216
70 3710 9718
566 2672 3649
1262 2730 3025
4033 3176 6217
2863 3282 4085
4011 3242 8832
422 3950 9473
219 279 3559
1226 3913 7859
2250 3422 1824
3612 995 9009
2439 1561 9460
3776 3291 8521
322 1852 1383
3201 3791 5927
2984 34 3330
3974 1876 1952
3430 3018 3302
890 1407 5264
2747 1397 9834
2636 1524 2697
3303 3777 1791
104 1901 9652
2032 3890 5978
2683 2877 2345
3278 775 9247
702 2442 2737
2188 1809 5394
2306 1329 9279
1404 3464 5482
214 3476 8127
3874 660 5126
554 1390 7892
2611 2880 7106
2081 1707 8991
4107 647 6580
339 3603 2606
3639 178 618
1671 3064 4118
836 3709 3359
2810 2096 4729
587 3138 7752
4180 3109 8239
857 3205 376
4194 2512 8693
2610 859 8101
3687 471 9059
2424 999 1426
881 3768 4548
2118 838 1644
311 1455 9189
746 500 8009
1829 4126 2591
3468 3065 2331
2238 800 2913
224 129 5270
410 3439 8885
725 2679 814
1730 1888 8999
2597 819 4392
1810 3406 5800
2318 147 6604
1575 2968 6721
1127 4153 4073
3800 1959 7098
1845 2265 9180
2130 155 2258
3771 2088 7952
3702 967 8303
1468 735 7868
2434 1000 6409
65 1525 1420
2530 422 2841
2469 1372 4079
4033 1931 7060
2182 948 1876
675 218 3285
567 2748 3505
3901 4063 5388
1216 618 5195
666 283 7663
3726 1016 8466
2395 3862 6041
2829 224 7079
1303 1539 486
745 448 6755
3883 3283 5105
1400 2331 3369
3498 4014 4602
10 1937 4774
2384 192 9286
845 1426 4304
2616 1028 1971
1508 3359 9270
2746 3079 2958
3340 3007 5746
341 1459 778
3735 1528 8588
2724 1909 8878
2721 1261 8957
904 2011 9014
617 1801 2582
1803 470 7492
4138 3730 4103
3492 929 6395
665 1412 3023
3391 1112 9689
1103 2761 4399
1613 3249 4297
2082 2827 1341
1733 1646 2891
3048 2936 7388
1174 823 5813
3522 3656 6532
477 1788 3191
3467 1796 561
607 2097 8355
3250 2381 4138
510 1224 6237
2774 2640 46
1685 481 5518
2855 1226 1616
603 2999 7938
3392 3699 7607
3359 811 175
4138 1404 1036
912 1444 1082
1045 2587 2739
1839 2670 9991
1303 3564 9167
3667 1155 1837
188 871 3772
1746 244 8271
3950 2704 3353
187 1927 8898
2923 4044 1095
3877 493 408
3516 2760 3189
3837 3831 5242
1237 1258 4459
3579 34 7755
3733 1081 7620
1281 393 80
2532 1556 587
3796 2783 7960
1422 4091 2550
619 3715 5345
3127 745 5242
4028 3899 6442
3833 1966 8041
1050 2062 8845
1792 2387 1025
1365 1299 6743
3621 471 5159
2448 2032 5974
799 2940 311
3313 2166 4678
3661 3958 7597
3304 3323 5679
2926 458 8256
452 1160 1152
4029 311 8294
206 3544 3342
400 3716 5245
4138 2000 4232
2364 2747 3439
972 1837 5335
3364 1999 1877
307 1 6070
2613 2547 1852
3919 1098 5067
4115 2535 5015
1681 687 4850
2289 1938 4352
1884 3118 1374
1736 725 5367
3879 2172 4337
2034 1413 1638
4178 3229 9933
1327 742 5950
733 2609 9065
2168 3248 313
2405 3841 7436
302 3800 6290
663 2612 5522
553 2921 6070
451 3613 9418
1158 1548 3013
1496 1506 5848
1781 3007 3584
2157 2349 2330
2551 2899 5126
1919 2025 6899
71 3229 1497
2176 1208 7235
3939 2248 6353
253 3604 7145
2664 569 4194
101 1363 6663
2004 3063 2064
1477 2261 7905
2210 3687 3127
1797 3017 3364
947 2800 5802
2899 3258 6976
575 1356 1664
1723 1867 6424
967 51 7800
938 189 8555
153 914 2331
0 496
0 959
0 1
0 713
0 856
0 227
1 1658 3510 5736 341
1 2166 1453 6091 891
0 369
0 601
0 819
1 1183 1858 4074 811
0 995
0 72
0 324
1 3620 2099 591 153
0 913
0 599
0 119
0 972
0 69
0 958
1 3290 1145 3974 940
0 92
0 569
1 82 2217 6229 322
0 966
0 420
0 493
1 2514 2730 1157 486
0 481
0 952
0 734
1 1345 2850 7038 730
0 166
1 2621 1140 6579 525
0 492
1 765 2225 3350 620
0 212
0 980
1 1219 3147 7021 629
0 265
0 123
0 122
0 101
1 3555 1724 8626 934
1 1020 1382 412 40
0 444
0 339
0 624
1 439 389 6658 461
0 109
0 964
0 580
1 3706 3875 9595 688
1 1890 2587 3021 245
0 464
0 623
0 96
0 665
0 560
0 941
0 124
1 3169 4132 1709 830
0 221
0 204
0 468
0 346
1 2165 2481 6241 76
1 427 3069 792 971
0 637
0 887
0 174
1 1749 297 3995 284
0 393
0 462
1 1697 2495 4607 702
0 173
0 849
0 951
0 548
1 1547 1460 9279 326
0 614
0 427
0 818
1 3133 3857 909 701
0 579
0 825
0 52
1 2998 3872 4632 156
0 385
0 621
1 3303 2896 6690 214
0 206
0 746
0 840
0 918
0 852
0 627
0 1001
0 388
1 2470 3817 3579 924
0 681
0 61
0 46
0 211
0 236
1 2375 384 1444 593
0 978
0 597
1 3993 161 2498 233
0 498
1 364 3272 6828 258
0 49
1 654 1894 1806 757
1 1444 2383 9181 877
0 487
0 756
0 1014
0 30
0 157
0 936
0 475
0 235
0 93
0 231
0 591
0 127
1 3139 471 3881 318
1 714 3765 3578 514
1 1198 3512 3900 390
0 736
1 2278 2603 1966 697
0 154
1 56 3285 4862 570
0 524
0 921
1 3910 2816 4120 923
1 2622 3568 5184 855
0 262
1 1055 2278 3120 965
1 2922 1139 5676 917
0 879
1 2563 905 1969 482
1 3457 1917 5689 645
0 115
0 398
0 217
0 477
0 1017
0 266
0 755
0 506
0 638
0 507
0 480
1 768 1642 3388 474
0 34
0 998
0 433
1 3879 1309 7753 417
0 412
0 210
0 354
0 622
0 955
1 1651 2746 3486 33
1 3461 2332 1407 824
0 509
1 735 1563 2155 167
1 1426 562 2703 595
0 773
1 3449 2139 9690 596
0 329
0 749
1 626 1107 7218 751
0 967
0 310
1 2177 2060 5496 649
0 105
0 215
0 80
0 476
0 488
0 788
1 1642 833 705 894
0 916
0 104
0 857
0 142
1 2063 356 8177 763
0 716
0 208
0 668
1 1854 153 1572 946
1 181 1944 9630 75
0 664
0 6
0 191
1 2612 2596 1905 864
1 3562 3321 8108 676
1 1127 2911 8242 406
0 136
1 1479 2286 9091 70
1 1905 657 3417 117
0 304
1 2212 1999 5954 325
1 3370 734 1175 510
0 554
0 882
0 352
0 552
0 232
1 2478 644 6214 338
0 602
0 831
0 559
1 2918 3780 351 600
0 357
0 293
0 216
0 777
0 643
0 537
0 764
0 953
1 483 3650 5279 21
0 370
0 892
0 586
0 11
1 590 3255 9161 1002
0 287
1 772 3494 8943 47
0 471
0 744
0 778
0 447
0 970
0 373
0 99
0 458
0 59
1 1288 2060 8970 635
0 4
0 1003
0 868
1 3100 3001 7601 353
0 32
0 861
0 375
1 2050 1552 5198 869
0 392
0 719
0 935
0 792
0 425
1 277 207 6928 143
0 264
0 652
0 254
0 536
0 1016
0 3
1 437 581 9066 912
0 827
1 2315 2777 2982 613
1 1592 3274 6096 16
0 62
0 844
0 469
0 319
0 845
0 14
0 27
0 1009
0 933
0 194
0 508
0 657
0 743
0 24
0 82
0 436
0 557
1 518 3287 2271 653
0 956
1 1156 1092 4828 656
0 919
1 3886 586 2650 1019
1 3655 2755 2906 454
0 399
0 799
0 699
0 130
1 3756 3201 7877 411
0 565
0 783
0 313
0 817
1 1334 1293 6236 158
0 724
0 422
0 770
0 619
0 356
0 974
1 3599 616 2662 428
0 706
0 685
0 31
0 152
0 301
0 103
0 413
0 56
0 769
0 732
0 97
1 2430 1504 4397 321
0 335
0 686
0 121
1 2202 3287 1343 603
1 904 3019 2613 883
1 2641 1280 4697 330
1 1753 3604 6216 257
0 150
1 1946 976 7937 149
0 107
0 478
0 687
1 646 1268 1140 371
0 135
0 1010
0 648
1 1791 1234 2575 495
0 277
1 65 818 8724 414
0 209
0 246
1 1165 968 7593 874
0 731
0 336
0 29
0 942
0 789
1 65 3826 6773 344
0 733
0 499
0 598
0 424
0 189
0 862
0 513
0 193
0 225
1 1590 2683 6276 452
1 1549 2768 6077 504
0 902
0 670
0 990
1 3083 1218 7413 800
0 679
0 858
0 100
0 195
0 83
1 1836 1165 7549 806
1 1699 1361 9640 259
1 403 15 2533 25
0 781
1 2539 1035 4795 847
1 3408 1065 4289 198
0 658
0 51
0 836
0 545
0 241
0 35
0 485
1 3265 1708 2379 240
0 377
0 931
1 1259 4176 6330 682
1 2112 845 7476 628
1 3875 1935 633 140
1 2415 3492 7070 128
1 1817 829 3067 612
1 330 1742 7075 630
0 850
0 494
0 673
0 898
1 264 1137 2176 350
1 2030 4095 9227 179
1 395 2583 5201 269
0 270
1 3645 3710 3100 512
0 896
0 182
1 2011 3700 8512 692
1 3327 1663 1064 333
1 3549 3335 919 534
0 607
0 708
0 914
1 551 2378 9005 48
1 1617 585 6060 703
0 981
0 272
0 889
0 178
1 2756 1595 4856 765
0 566
1 3128 3662 5699 794
0 1000
0 86
0 930
0 962
0 677
1 631 3134 8787 320
0 584
1 3935 3875 2979 378
1 172 552 7826 400
0 517
1 2412 744 5937 786
0 720
0 263
1 2949 2017 4700 74
0 327
0 467
0 292
1 49 2947 9108 251
1 2156 2174 6965 886
0 426
1 2001 188 3327 362
1 437 161 2707 343
0 644
0 948
0 963
1 338 3755 5199 539
0 120
0 453
1 1179 2789 8664 556
1 2274 2843 494 717
0 809
1 1898 1103 643 84
0 945
0 37
1 2835 1630 1027 533
1 4019 1451 6872 776
0 281
1 3185 840 4461 291
0 106
0 224
0 421
0 906
0 575
0 528
1 98 2628 684 81
0 307
0 146
0 698
0 403
0 441
0 785
0 897
0 408
1 3895 2604 6187 39
0 873
1 3275 1698 7975 483
0 249
1 748 1733 1482 793
1 3219 986 2076 911
0 239
0 928
0 8
0 615
0 549
0 45
1 206 2244 7410 907
0 704
1 2488 2623 5629 472
0 901
0 748
1 2626 221 1752 332
0 1023
0 113
0 616
0 551
1 3806 154 4789 618
0 747
0 787
0 606
0 176
0 252
1 3339 2830 8413 110
1 2173 2288 7060 543
1 2627 2529 6467 164
0 550
0 846
0 448
0 348
1 1040 4046 4961 675
0 522
0 979
1 1399 3738 4374 523
0 380
1 651 3448 1845 578
0 880
0 418
0 691
0 296
0 275
1 1192 1072 7186 409
1 792 321 7366 609
1 3862 1648 3092 833
1 2436 3004 8526 118
0 973
0 363
0 814
1 2488 3219 5210 26
1 4120 1780 7596 306
0 342
0 131
0 784
0 177
0 655
0 175
0 144
1 983 1396 111 993
0 605
0 1012
0 758
0 396
0 795
0 1013
0 909
0 67
0 205
1 2978 3855 7985 574
0 663
0 394
0 722
0 435
1 441 555 7974 181
0 954
0 531
0 10
0 279
0 884
0 538
1 2234 3808 1011 88
1 1078 2627 9963 808
1 251 1810 1773 700
0 9
0 975
0 43
0 520
0 139
1 3571 3721 4543 797
0 572
0 859
0 737
0 141
0 839
1 790 1085 5300 992
1 145 797 9580 762
0 650
0 779
1 1241 62 8241 267
0 91
1 1403 3900 824 308
0 79
0 260
1 3159 2431 8038 694
1 22 861 2947 446
0 561
0 899
0 518
0 943
0 988
0 625
0 812
1 4200 2259 6099 546
0 960
0 695
0 299
0 64
1 222 1787 1043 402
0 782
1 942 2420 840 314
0 721
1 1770 231 9924 230
1 1166 2008 2578 982
0 939
1 234 2322 1029 160
0 745
0 430
1 229 578 9163 529
1 1761 2293 2812 1011
0 801
0 738
0 871
0 775
0 451
0 805
0 715
0 274
1 2644 3140 8066 379
1 3142 1280 5088 667
1 2342 1741 89 415
0 885
0 359
0 878
1 2687 2895 6741 53
1 3361 1213 9224 23
1 1960 3945 8349 991
1 1226 1871 3359 77
0 870
1 730 4126 7239 604
1 1728 3098 3359 810
0 994
0 562
0 147
1 1034 2061 509 872
1 2574 778 5607 440
0 669
1 2503 717 4947 460
0 662
1 186 2173 7307 804
0 710
0 382
0 407
0 521
0 44
1 2337 3582 1672 466
1 984 3569 1711 114
1 581 1096 1857 479
1 3509 612 7724 19
0 592
1 981 1123 7531 577
1 3135 1054 1019 42
0 366
1 976 2688 4387 57
0 384
0 323
0 497
0 431
0 188
0 768
0 423
0 822
0 848
1 511 89 4462 315
0 851
1 2799 338 9011 725
0 282
1 2757 3865 4176 368
0 838
0 456
0 449
0 977
0 780
0 581
0 223
1 2714 2344 9733 816
0 183
0 727
0 255
0 159
1 3633 3258 3079 470
0 949
1 948 2467 5016 364
0 582
1 3903 243 2874 589
0 826
0 984
0 248
1 3430 2353 7638 626
0 102
0 922
0 735
0 305
0 129
0 672
0 256
0 807
0 247
0 690
0 608
1 3099 2851 1241 594
0 996
0 666
0 707
1 229 3916 2981 372
0 376
0 927
1 1557 1955 754 684
1 4111 3624 4517 915
1 1609 1555 5352 723
0 90
0 242
0 540
0 527
0 1018
1 3768 2577 767 938
0 365
0 416
0 903
0 41
0 639
0 661
1 841 3456 1500 450
0 671
1 319 1052 1190 437
1 1539 3506 3617 828
0 404
1 1723 3404 5666 197
1 2039 774 1617 841
1 2369 682 6221 68
0 18
0 360
1 3185 2156 6035 1007
1 1062 3577 6537 50
0 641
0 634
0 201
0 303
0 726
1 3623 4038 5578 98
1 1918 2766 8306 300
1 4055 788 4596 854
0 73
1 1405 3766 7478 443
0 243
0 689
0 610
0 563
0 680
0 17
1 3196 280 3976 58
1 3100 3698 7244 278
0 13
0 674
0 66
0 950
0 760
1 533 2175 5064 12
0 222
0 905
0 646
0 331
0 347
0 489
1 3908 3089 5632 834
0 842
0 774
0 7
0 71
0 200
0 929
1 3552 194 8840 395
0 651
0 294
0 741
0 636
0 491
1 1719 3830 1399 541
0 234
0 85
0 893
1 3738 1063 9489 516
1 4070 325 5134 20
0 311
1 470 1212 3171 288
1 16 423 7318 705
0 632
0 184
0 383
0 502
1 2011 1803 2557 280
0 345
0 647
0 547
0 866
1 554 2085 9464 419
0 611
0 957
0 519
1 2057 3372 33 790
0 796
0 261
1 3843 2157 64 94
0 2
0 192
1 1705 2887 3107 823
0 588
1 331 3180 3561 585
1 3736 1851 5873 459
0 863
0 1008
1 2792 1982 3052 285
0 750
0 583
1 3380 3242 2723 297
0 168
1 1246 1810 585 134
1 1860 1987 7055 442
0 171
0 759
1 703 3045 4333 268
0 290
0 172
0 503
0 803
1 3082 1791 6701 238
0 888
1 1824 2265 8764 771
1 1699 450 1782 162
0 718
0 289
0 617
0 250
1 2733 1347 5946 515
0 1004
0 367
0 920
0 659
0 683
1 3345 2468 1099 693
0 38
1 2828 2684 6741 535
0 218
0 401
0 860
0 553
1 4027 3180 3391 65
1 3867 2833 8712 220
0 926
1 4171 2980 5094 286
0 381
0 87
0 890
0 54
1 3026 1843 4998 276
0 895
0 820
0 186
0 567
1 2855 2823 326 590
0 405
0 429
1 2867 697 3547 925
0 126
1 3320 1747 7039 226
0 22
0 36
1 3604 3952 6071 712
1 2376 1722 3162 568
0 463
0 148
0 445
0 283
0 728
0 791
1 2337 2943 6640 798
0 89
0 802
1 3412 1495 6162 766
0 969
0 813
1 628 2689 2436 155
1 3984 201 6885 865
0 351
0 660
0 501
1 732 2892 5203 853
0 202
0 753
0 137
1 235 2135 7587 505
0 207
0 316
1 3435 1601 7451 875
0 111
1 2838 75 3902 355
1 2845 3305 5715 163
0 391
0 340
0 631
1 553 2040 7877 709
0 908
1 1309 3624 3014 678
0 654
0 947
1 3900 2199 3384 576
0 273
1 2749 808 3931 742
0 1022
0 337
0 358
0 387
0 968
1 81 2083 2501 187
0 767
1 512 907 3715 112
1 722 1346 8040 125
0 989
0 386
1 939 2843 3753 55
0 511
1 748 828 5915 432
0 108
1 3099 2982 2521 633
1 3445 1299 681 587
0 199
0 5
0 484
1 264 3486 1188 389
0 837
0 961
0 711
0 983
1 336 481 2528 558
0 63
0 196
1 624 4106 6667 78
0 410
0 95
0 729
1 2648 3243 2015 932
0 564
0 309
0 438
0 500
0 457
1 4020 1036 6077 904
1 3002 750 8450 213
1 1024 2461 3288 829
0 772
0 832
0 986
0 132
1 991 2809 5741 642
0 138
0 1020
0 544
1 3753 1445 8284 298
0 228
0 1006
1 2180 2016 338 253
0 1005
0 740
0 473
0 835
0 244
0 180
1 3364 29 1434 815
0 761
1 3936 3753 8125 237
0 532
0 752
1 4079 370 3016 997
0 976
0 434
0 219
0 15
0 439
1 3754 2530 1789 465
0 312
0 455
0 133
0 821
1 3804 1970 6763 361
0 229
0 555
0 60
0 271
0 28
0 530
0 754
0 170
0 490
1 1610 3228 1999 999
0 571
0 349
1 1627 2270 374 881
0 1015
0 145
0 714
0 397
0 696
0 185
0 937
0 190
0 640
1 3876 125 4837 161
0 900
0 328
0 876
0 867
0 116
0 573
0 843
0 987
0 317
0 374
0 151
0 169
1 2334 3359 861 526
1 822 3406 439 910
0 302
0 334
0 739
0 944
0 985
1 653 603 9141 165
1 2076 3324 6879 1021
0 295
0 542
1 2861 4146 3223 203
