5000 5000 2241
4423 2076 613
689 4223 7289
4715 453 6785
2124 2071 2136
1249 727 3512
1842 1012 7298
3151 2258 4311
1687 3948 6689
2073 2573 9997
989 3955 1374
258 555 8570
2708 214 6841
4343 49 5097
42 2685 4814
628 2348 5498
4039 196 6086
1947 3023 4860
712 3033 1893
1465 1979 300
1557 3940 4801
1323 3292 2437
3971 1951 1083
2270 1341 3805
246 4196 6129
4861 2729 539
3367 3986 2881
3006 2115 6082
691 1276 9330
1303 4071 6772
1241 2492 6186
2848 4219 5214
2069 2160 7722
4203 492 9088
2365 4723 107
3130 4000 678
4775 4559 8438
2798 42 1570
2540 1634 6913
2332 1268 8464
3116 57 7117
3895 3929 9517
2522 1791 2965
631 1467 4600
286 2682 7779
3596 211 6670
2343 1788 2837
2193 1296 728
2773 315 1557
3186 157 6714
2271 1190 3588
435 3758 7664
1366 2078 6745
3652 4197 7387
1842 2491 2396
2120 3446 534
1515 4114 8473
1126 3791 717
4779 4675 9882
1596 181 3802
35 1346 841
3796 1575 6656
3045 1881 5303
3777 4740 2571
4928 2559 9169
55 4036 2066
3863 4126 1729
3152 2603 262
1438 3357 7747
3414 4077 1925
4010 3243 5303
4747 3640 5449
4977 179 8623
1895 3845 9697
186 592 9549
4587 115 7159
3187 3057 9554
162 785 1879
3417 4273 5054
2582 1054 455
2931 3404 5333
2717 2414 7803
133 2749 4807
1972 1141 4831
4340 1413 9893
1590 987 8319
1288 3042 2515
1182 4795 6180
1771 3767 4386
131 3211 4771
1005 1497 4921
3645 529 4361
257 785 9079
2771 264 3988
1930 1327 7092
3490 33 4174
870 4642 7714
580 3557 5711
4672 993 3414
4924 1112 8450
2165 3773 9932
4277 38 4752
80 4604 8565
4371 2675 6706
4995 4479 697
3846 2935 9225
2394 4889 2872
4664 4817 445
4845 4712 9898
887 1006 419
2316 458 3618
78 2118 3999
1705 2290 953
3030 2487 2496
2202 4635 7235
1799 26 2144
404 3493 71
4535 1408 7572
102 3031 9783
819 1635 8550
653 2637 7970
721 2057 8291
4456 4222 2324
1679 785 7658
2804 3141 4920
169 4460 3600
2425 3892 4262
2926 4958 8078
4457 3412 9592
2771 3849 69
1959 4934 2954
1223 1198 1911
452 745 9926
1146 2574 318
1561 1552 2290
2305 568 7890
3673 3604 4519
1944 2556 3597
499 1 9727
1113 4008 9322
1379 2471 828
1731 4655 5759
3448 1763 997
1059 4928 3743
3165 3583 1762
1975 580 6957
892 4429 6643
3152 4960 4218
3346 2401 9939
3878 1797 5745
2874 4121 1599
4061 3436 7267
4152 2554 878
779 3914 8330
1149 3803 6773
4054 2649 1624
4201 3378 7533
212 2429 8598
543 1021 5647
4327 3931 8528
3875 1926 475
2985 4218 3978
3549 929 9125
1513 425 3840
3641 1880 8921
937 4279 8092
2754 3667 5908
2981 32 2091
4530 1614 3296
1637 1620 1950
1684 3121 4319
4057 2423 4109
1010 474 6806
4000 1703 2657
1117 806 8499
4184 2705 5289
1573 4507 2282
1543 630 21
1131 2583 5454
1722 757 8850
144 4131 6720
3636 1226 538
733 1484 5559
2482 3410 6691
3765 1215 2182
4370 3804 2582
1845 1750 4786
1442 299 8925
2561 1038 4480
642 2585 5107
2047 724 5583
1294 4353 8200
1192 4482 9754
3218 2160 577
3295 1948 3582
180 625 1414
3961 1512 5354
2058 4867 5950
3397 1776 935
2196 4254 4006
3165 2172 9249
2290 1838 977
2693 2454 3543
1386 1443 5058
437 1373 1996
217 577 2062
3513 3584 2307
313 477 8117
4586 2380 217
4396 4884 2758
4258 1850 9498
2898 70 2158
461 1756 2526
3978 3876 3784
4895 3082 1799
2286 1729 816
2974 2278 5038
3843 135 8691
4662 3955 7582
2536 3457 910
3501 4836 8784
824 1586 2807
4772 479 7547
651 3144 420
1803 3318 3541
1889 4958 1460
3449 4621 7472
4709 1454 414
2267 4309 4423
4578 4078 547
1584 4706 8926
1405 6 9051
3180 3149 8276
3560 1214 628
3101 3112 662
1859 4678 7812
4759 4499 2969
625 3322 7682
3293 950 694
3053 4302 2489
2821 2076 6551
1321 2040 4955
4140 36 1141
4299 3414 5739
1849 2241 8591
2282 3252 8199
269 2154 4349
975 2840 9538
2283 1420 1410
4794 2821 9525
649 2845 1279
1533 3177 4490
1492 2005 6088
538 1156 1859
4361 1304 6762
3719 3602 4413
3234 563 4287
1594 1226 2305
72 1245 7735
1196 1338 6378
2297 4245 3640
388 2056 4197
4763 2191 5898
2788 4123 6256
4523 2450 2135
971 2712 9549
3023 1221 3105
2771 917 6157
3078 2501 5618
515 953 8124
417 1636 1100
4798 2683 3934
8 581 51
1136 1937 6054
1601 4796 8090
2180 2152 1720
2370 1386 4853
4132 4059 7932
3644 3363 6954
3132 3832 3427
3303 11 7607
4138 2542 4446
1194 4580 4700
862 301 450
703 10 8005
1941 3120 5840
2482 395 5788
1381 3639 3200
3991 4684 2167
3005 1426 8363
1430 1525 189
3607 1889 8744
1999 1474 1393
571 2274 1424
4131 813 2136
3467 533 8510
2397 2286 6711
2235 2957 7509
307 3898 4285
438 1723 6675
4112 2155 9886
1150 1914 7133
4833 3532 8468
2856 3497 872
3170 715 5404
3178 3520 4680
4370 3253 9569
2108 4840 3908
4919 4157 4800
2671 2698 25
750 3905 6390
1750 2480 2932
1073 3834 3504
3027 109 2598
3630 2773 4203
385 3700 2127
34 2287 6816
4152 3489 1194
276 466 4626
212 1503 8545
4196 225 7025
1954 3913 9994
1162 2742 2363
3586 1202 7066
2415 4085 3926
2046 2853 3980
646 1918 5099
3523 1375 5713
2967 2000 6578
1651 1276 7604
2570 2272 9860
785 1937 8772
3237 4060 8013
4616 749 4657
1032 3989 3121
2421 4097 6510
1144 4379 465
2927 643 1410
4411 2334 3174
726 3372 8041
987 2270 3625
1693 2266 2946
3063 2639 1545
3066 901 2233
2787 3334 2915
1871 3824 280
3917 3074 6564
2970 4999 2433
148 4165 2429
4473 2936 1636
1167 3219 3237
4340 3541 4027
2048 4278 2916
3229 3821 5955
4772 409 3341
3455 453 2846
472 4120 2378
3927 2173 64
2585 4090 9461
1339 77 8196
4382 3305 3572
2674 1974 7578
4402 121 694
1821 3502 4730
1081 3793 3502
623 3792 3938
2360 3144 9114
3408 2236 9331
3656 3443 9906
3007 1591 3240
1032 3856 6020
4776 268 5337
1405 2963 4602
492 3142 3424
3428 178 2794
2830 4796 3007
4854 1563 4582
933 1295 3523
4501 4968 8276
3621 2998 5836
3394 3253 5728
1183 4737 7286
1064 2851 1578
4619 2189 7551
279 3011 3287
2982 1223 937
687 721 930
2415 4717 7010
1222 2775 5806
2761 1250 5764
4055 1727 3097
2727 1992 2397
983 3664 5006
3850 3473 4650
313 3938 1073
3976 315 2284
3887 1845 8657
1801 1984 1818
1336 3775 2375
2356 4692 4482
2175 4217 8907
2882 3156 7009
2845 1857 6649
2495 3622 9096
3181 1314 9615
4498 717 5689
2134 2946 1540
2595 3344 4356
4114 3184 3534
2753 1625 1424
4040 211 5000
518 759 4861
2946 546 3234
2664 1067 8654
2970 1010 1557
1603 4599 6071
1150 117 545
4236 292 583
3248 4133 7285
400 829 5967
2165 966 5380
1090 1693 9395
4277 2955 2587
4148 1181 2558
1089 990 3903
4773 4987 2089
3113 422 3558
4048 645 7008
1794 3263 3766
1246 1346 7904
269 3746 5237
3766 401 8353
3259 4565 9921
2978 1807 1550
2473 2541 6286
4025 3995 3006
2771 4211 5890
3311 3073 6383
1295 1282 1523
4279 3710 5330
3359 4175 5921
2504 3599 6293
4845 3736 3134
4383 3477 225
3654 233 9937
3617 3147 6180
545 4377 3768
2015 3568 552
1595 4425 9975
2357 107 1057
2276 3428 2468
2888 2271 2539
1069 4835 9291
665 3499 3970
1496 676 9185
3306 1179 7694
588 4772 1357
866 1425 325
2323 1229 900
633 1888 8512
4517 4493 6327
861 2187 9120
3969 1636 9761
3265 3821 7108
2146 4065 8528
4136 1406 1881
4989 3600 3582
283 4544 8283
210 3364 131
4387 4581 1818
2731 2966 3468
3389 4018 3355
603 4850 6691
25 2303 2273
3267 316 4014
3434 429 5137
1796 2127 9626
17 3330 5611
215 2063 2193
3594 500 2865
4601 2807 283
3516 1151 4565
996 1916 3803
4601 497 3000
2438 1907 8904
461 1239 9725
4232 4778 2234
647 4601 690
2370 834 7162
3801 1095 3967
2780 2682 6919
110 4845 2964
1411 4939 2142
4692 3373 8563
1109 953 4119
1585 1711 2316
155 4674 5802
4937 3157 9679
3083 3943 8994
2208 1010 4083
3339 1968 2294
1185 667 7036
3852 4589 8562
928 4455 5713
3732 2360 9936
2967 4950 8739
1766 1698 9235
4031 4201 3914
2337 3118 9056
2677 4598 3590
3137 2400 6328
3542 1595 5286
4647 4675 1166
4671 4688 8723
358 1659 3916
491 597 1681
682 1739 5780
3906 1943 9513
1131 186 6223
3542 264 2408
4951 4704 7098
2288 605 8846
2016 1525 9717
3330 3409 8497
2486 4807 3010
2257 2580 5610
1679 2289 8094
1090 4336 3205
2860 3863 9629
1812 1262 5013
260 1293 2525
1921 2554 3478
2190 3133 3214
1383 2932 3100
2343 3378 2545
647 1940 2600
950 4423 7362
4843 3546 4395
3884 4325 4177
4275 4090 1753
3704 2239 6192
1717 245 3203
3827 4208 9724
3584 2077 4258
3813 4386 8197
2092 3599 3227
2032 2487 2214
380 2606 1842
4420 1995 7649
1111 4087 7409
3172 4882 8851
3182 2667 8994
1962 4443 699
2499 2879 6105
2191 51 6900
3789 2282 9579
3529 3445 2707
4042 4078 4135
4944 1877 2556
1006 196 2352
2706 1046 1399
376 4983 9260
932 3570 8727
3070 1383 1786
3469 4064 5178
4705 1972 5551
1329 4699 7561
3083 948 3371
4298 1779 3630
3129 4445 7784
4489 3656 4717
1294 4949 8875
3151 4610 6672
4141 2442 1570
2128 2129 215
4450 4987 8177
3923 3623 84
29 1925 3193
3913 1827 8875
3128 787 9030
20 3959 2497
2421 710 3578
4704 2415 711
1728 1127 3678
4057 4347 400
1027 1995 1297
3932 2438 3619
1564 3349 2316
1369 4538 6439
4034 3485 4553
4401 2083 2502
2796 3027 1554
466 2355 1692
142 1715 1367
3332 2488 2003
4461 111 5012
3624 4992 9724
4841 4297 476
4535 4784 5173
1380 815 3978
3902 1024 7923
327 3394 5391
4769 3382 2891
2116 1059 9914
807 3304 6963
3936 901 2834
3821 4218 596
1384 72 2190
2318 2964 6811
500 3781 1846
4651 2557 331
2180 93 8719
2455 3453 8909
3007 3812 3616
1707 119 4592
4386 332 6407
3369 726 7614
150 4940 184
359 3336 5013
4899 3885 46
946 2908 5909
3458 1207 6247
4848 3717 6649
1061 890 1688
2620 2721 9075
4004 4693 475
4047 1227 7687
2022 1770 4317
3375 1554 838
2892 2884 8676
3806 50 6567
4249 3093 4752
2199 279 7848
1573 2559 2791
1820 1682 272
4547 4697 3950
4735 3347 6975
3539 607 2539
4924 4157 4081
3300 4748 7890
394 2203 2530
4790 3327 8649
4597 3742 4984
2353 1032 1044
4143 2462 42
2783 4099 7617
2758 699 2258
2834 1642 305
844 43 7670
4072 4309 9960
4702 2703 9192
4969 1684 9304
167 2867 810
1177 3558 2157
2209 4774 340
2543 4214 6019
1939 4851 3366
4048 724 5238
3261 2186 5222
2440 439 2926
4556 4618 2211
2575 4223 3039
3890 1920 912
1173 430 7367
2274 2385 772
1057 3034 260
3434 430 7719
3396 4624 5434
3341 4778 7547
3710 3053 3808
1016 3474 6679
3706 1331 6702
740 710 433
900 4682 4796
585 1030 741
2933 2894 3693
4027 1457 1762
244 240 265
1399 3998 2001
3284 228 3829
2290 214 4103
522 1533 4314
1252 4552 8736
745 4876 6724
1281 1916 9199
4180 4633 6373
515 1746 6401
268 3002 9461
2653 3290 4150
2839 2053 2490
301 750 6913
1637 1628 2074
1069 3196 5758
4396 3925 6239
26 1902 1324
3 3549 5192
4040 3502 4747
597 2365 9774
591 4786 4524
2299 3899 3734
1418 3414 8516
2289 4058 9980
1025 1209 809
357 575 7986
3857 2452 9042
2671 2292 6229
1581 1232 3657
682 1480 6486
1089 1326 5621
1801 1068 38
2405 886 2813
925 2155 7693
1948 2914 9656
4504 662 9983
2580 4148 530
2812 572 1720
2005 4423 5721
264 2501 5038
773 3102 4582
2755 3818 7892
1593 859 8215
1449 4520 6951
720 2412 173
4249 1746 7527
4693 2752 8693
461 4845 9932
3281 4902 1806
1645 3804 9878
2653 4874 8298
549 3199 112
1930 800 1183
1053 1548 8209
1978 1936 3299
1996 2888 7825
301 565 6611
4253 3640 8786
3367 4589 5178
4930 4504 1973
3134 3200 6546
3976 1178 4826
4336 2164 361
2605 2101 2639
4062 3486 3635
862 2427 3299
3961 724 2889
304 2864 9632
1820 4890 3085
4500 3372 9400
465 2284 2243
2456 649 8911
4218 4297 9643
1828 2668 160
1284 4961 6241
4303 1702 4176
2943 313 1020
287 4983 1330
2439 881 9526
3169 2233 7180
4178 450 9661
129 1376 5593
3652 699 2942
2015 1329 5468
3597 2385 8151
886 4445 9553
687 2823 5584
3280 3753 3455
1276 3787 2060
1544 782 7045
1317 2795 3074
305 3830 2084
1333 3145 4801
4959 2537 6880
957 2822 1362
2326 3241 3910
2207 3981 1112
4554 339 4537
4209 4991 5864
13 3675 1221
1051 3022 1792
4396 4385 9481
4352 4956 1484
886 2447 6301
1459 137 6034
1417 1007 5406
1738 4886 7930
2992 3964 132
2161 1789 9578
684 2081 3752
4353 3749 5241
4299 2984 6035
1019 3732 1176
917 2596 4793
1817 3020 5936
18 3826 6036
1503 4657 5019
4792 3563 1522
3662 2720 3676
772 605 2494
3230 2487 3116
4088 2365 1665
3525 3211 9915
3171 4096 205
3637 1665 8492
1829 1559 3766
1331 4788 2087
4573 2740 5774
1961 3848 5967
438 3991 3011
1074 3538 5736
327 1808 2547
3872 931 5106
415 1371 7879
190 4475 3284
329 4536 6924
4580 2193 9220
4970 1489 7725
450 1455 5896
2897 4613 5343
1238 3280 658
118 3396 549
3654 3003 5349
3512 3003 3012
3411 3856 4878
3350 2631 6135
2595 3084 8256
1015 3691 8877
77 2421 4331
722 4567 8090
3339 1849 2118
4200 3025 1796
890 4552 4296
4842 817 4916
3491 4027 391
2487 1957 8735
1874 3509 38
63 743 2784
876 281 7379
1142 224 9874
2802 4943 6486
2389 4546 9624
3630 1945 660
1689 4193 5483
902 3979 2410
1074 4171 6711
4327 4043 1473
2909 800 7425
2413 3044 3945
4395 3787 5414
3601 3640 8991
1188 451 3834
170 542 639
352 1140 6812
2548 3561 3262
655 3671 6863
3763 270 9100
4790 4981 3200
223 2830 7936
2040 2722 1766
1104 4396 3855
1043 796 250
4763 1420 7823
1165 4210 5721
444 3029 6069
2189 705 900
3374 3923 4539
4670 3432 9027
2254 2788 1158
2074 1743 611
1747 966 4432
4577 3812 8577
2592 1749 8871
120 2983 6418
3735 2014 4331
2511 4644 3940
495 4936 1576
473 2284 595
1450 1435 9842
4977 647 8847
1681 1863 3830
2591 3940 2242
2108 2639 7789
4158 2980 3250
841 508 3574
2517 2139 8784
564 1466 1565
3358 2083 1144
873 3590 5470
4972 561 386
2740 135 2338
220 183 8566
4022 2265 2866
20 2545 6592
162 2693 2073
3805 4687 2523
2603 3302 57
3326 4169 4629
2311 631 42
3381 4709 4532
4596 2480 6337
497 939 7391
822 2966 4459
3061 1433 2803
129 3407 234
875 1596 1709
2531 3226 1792
4328 2257 3280
2951 2491 7218
2575 1646 4248
5000 4553 9149
2781 3096 6323
3906 2091 8319
1954 3657 8599
2831 213 2435
4005 1805 1636
2848 1487 332
438 1391 8625
1290 2469 1898
348 3752 6601
4483 2645 7104
4263 3758 9822
1118 4344 812
3136 1027 6281
2762 4927 6390
1187 3989 3381
420 1953 9872
320 632 9868
2970 3900 6878
2742 3495 8586
4827 304 8578
2965 318 5015
384 385 560
3309 2684 8509
3467 4304 2661
2627 2563 7798
3885 60 4006
1631 804 9863
2607 2714 7955
2907 1559 7419
2013 1991 1275
3059 3810 8945
1358 3054 1727
3835 111 3233
4360 3627 6715
623 4645 7628
205 2332 6291
2094 4997 4642
2237 3884 5403
3396 4079 6736
588 3946 3451
2353 2670 2808
702 3933 4028
2519 1241 6216
1385 3419 2667
3053 4347 827
3337 4907 9453
620 473 5291
2847 3379 6430
22 2473 1564
1041 686 4485
3228 4608 9441
482 3883 6808
195 736 7237
3232 1662 997
400 662 5527
4316 1325 4506
2079 866 1860
2368 2635 9316
4687 3766 8203
2136 3334 9038
2516 1334 8874
534 1673 1040
2788 1773 8173
4990 2032 3254
1442 2694 1235
3161 1776 8854
2814 1104 7334
2467 4009 1011
3076 1571 4741
2371 422 7423
3368 925 3714
960 1947 8956
3842 4543 4558
4638 1924 6704
4549 4526 7706
4089 4863 8612
883 1419 1677
4201 3182 1852
4660 752 3397
3371 4537 4639
2324 2109 9129
591 2166 746
1351 948 8482
212 4835 7022
2636 772 7840
3861 3264 225
1354 3618 7424
2851 2028 7938
4805 1453 4608
468 2242 6304
4399 4883 8165
2049 4100 5183
3819 1003 8804
3548 1971 9197
3297 2130 1979
1576 2880 4841
904 818 9337
2802 1568 1868
2709 327 6022
432 4285 586
815 320 5581
398 4128 6849
3022 2296 6801
82 361 2958
3807 467 7918
2526 2787 2100
3524 1759 3488
716 1092 6616
3653 344 9419
2442 1264 3324
3612 1312 2172
3366 3309 8205
1568 985 8178
176 2541 4880
1576 4172 6790
997 2200 2544
1552 4099 7971
3151 298 4485
616 4152 996
29 1291 2862
3388 1691 2662
3895 4007 3504
1443 4650 4222
3868 3130 7534
3893 2242 4251
3214 2792 2120
2454 1968 6390
4615 2552 5849
988 1651 7626
2398 4284 7398
2071 3800 7241
3519 1572 1289
1040 4652 9863
4837 1849 7015
36 2599 7666
4653 1119 9405
3477 3470 8268
79 2749 21
686 1559 8275
696 1380 5839
2738 3194 7672
734 2906 8318
2076 4841 5141
3556 2773 602
3021 900 4518
3321 1566 9644
1258 2963 3887
725 3727 7067
3929 3521 6579
2835 4620 9165
160 1436 6244
2865 1676 5460
2955 4457 7795
4276 1794 3142
982 4111 7821
291 2651 9099
885 2149 3338
1691 3957 730
2205 1648 2320
1133 4002 9430
1981 399 2748
527 4452 722
877 4720 886
1772 1163 6419
2896 2006 4536
4492 3413 2789
672 3616 5060
2122 3841 8387
142 3008 6898
4337 1889 7750
3812 2449 7904
4248 2856 8507
3671 1316 6969
221 2557 7006
1129 1112 600
3036 678 2053
418 3069 8376
1655 4009 1731
4040 47 4924
2387 1833 7539
4682 1247 8813
4882 508 8511
1846 311 8372
2485 2955 2457
1468 4265 9124
1104 825 1657
481 3258 3836
4997 2513 7251
4047 455 137
4698 4470 6731
3488 4640 5977
4805 3514 4747
1298 752 7884
362 90 4113
3852 4651 289
3878 1743 4979
1727 2260 4753
4356 1301 764
704 4527 4478
2008 3455 1210
3473 1494 6029
3854 4608 7946
2344 2008 3248
505 3083 8874
3093 3306 9537
4272 2105 6382
846 348 6881
2778 4795 8106
2927 1805 182
1982 4140 4612
1534 3259 1278
2808 2016 6691
2674 1299 9843
3572 1792 656
3980 850 661
1983 3341 1334
4974 1299 1024
3394 3914 2883
4868 469 4449
405 518 4517
1332 1113 51
2282 3721 1378
4114 3403 1907
480 866 1619
1973 1260 478
4627 3213 2403
4079 1503 8294
2505 2337 9255
1611 4809 7723
486 2776 388
1421 4396 880
3405 3361 6766
3439 1217 5745
1604 2952 4819
1177 2122 9412
4230 2034 294
394 2613 6184
4467 2000 864
4990 2752 7311
4768 767 9164
1399 423 7184
937 693 85
2151 1362 8290
429 3644 8652
2854 4672 2836
2946 1813 3024
1279 977 7788
2137 4626 3929
2383 911 8095
123 935 5431
1782 1887 8754
3404 4573 7481
1250 4054 1123
937 3759 3404
4705 1054 4273
4010 1945 5019
2674 1438 365
2891 399 5931
4824 4941 8507
985 2481 3172
2815 2820 7619
4092 796 9159
2976 3209 5898
1841 4484 3478
541 4399 4634
3662 3420 6148
4179 1719 4823
671 4469 3983
4541 3277 5518
1462 816 3228
3367 4657 3464
3957 3793 8732
3747 1982 128
404 3283 8587
708 4845 1622
830 825 4134
857 1248 6770
3394 2303 9274
1618 2472 9602
226 1788 8102
1118 3290 5838
4440 3391 4717
1284 4628 7178
3393 2097 4718
2360 3274 1789
71 119 2344
3072 2172 5778
2972 4844 6200
15 2305 4711
4010 3541 3793
352 2039 4445
1056 593 9296
2832 2029 9230
2780 3565 6402
31 4208 5972
4840 1269 4942
3191 141 5079
3742 672 9842
468 4419 9839
4116 1119 1682
4601 1520 7280
3014 842 9053
4735 4379 704
4701 4850 5187
3042 419 555
1210 1628 6038
50 2901 4178
3004 1929 6138
4737 688 1943
1974 4262 7840
1096 3873 5787
3608 3541 3500
3637 510 2292
3902 2321 6871
121 2843 4085
3989 3212 2391
3848 4672 3332
3564 661 358
4332 11 7108
2785 2262 9625
540 239 7506
1936 3276 9297
494 4995 789
4120 4489 1746
3530 531 9614
3624 2739 9041
3243 2171 5690
2471 2691 4745
3436 685 7495
1057 4238 3084
3357 1608 5088
3470 1547 1536
2649 4578 5434
3169 4117 5571
2040 480 3746
2916 3171 2594
3378 742 1072
3259 2113 6328
4024 572 4892
1800 1089 7435
2759 4769 6712
2117 4150 5332
1973 4265 9281
4134 136 410
2920 3407 74
2021 2028 6895
150 885 3895
2017 3153 3406
4185 2319 9441
2733 4282 613
2598 815 7301
1725 3290 9038
520 3897 1893
2745 3557 5790
1341 3279 8227
3147 711 4343
4890 362 4776
4707 3699 9363
3755 1967 9057
727 3640 8579
2264 3873 8892
1609 3874 690
203 3859 6405
2219 1903 613
4119 345 2361
283 1646 5704
678 391 143
2551 4337 8868
3344 4520 9601
1291 1735 2900
4456 1499 664
333 2874 2149
2313 4281 144
908 741 38
1352 4351 3473
2893 2283 348
3523 3387 3789
162 392 7894
3421 1441 5491
3566 2563 3836
4114 4001 8775
3862 986 1937
2800 1312 831
610 3143 6839
1190 2379 5390
3747 2686 9694
1530 53 9098
2104 422 9273
780 286 7684
3681 2468 4957
1777 2771 8769
4900 3626 9595
1279 3689 9457
4132 1115 1411
3318 3918 6908
1836 4770 1647
1886 1066 8987
1811 197 2819
870 1396 9524
2791 2112 3725
1074 4944 68
3401 4629 4054
2173 2191 3793
1558 3656 3537
284 239 346
1736 699 4220
3352 234 5091
2314 1713 8815
1297 510 2437
3158 3014 2402
1517 952 3126
2182 2642 2020
2816 4240 3687
1512 4738 9003
3046 4777 2604
1625 4266 3220
1278 4932 1291
4398 4536 1797
775 1499 7156
344 3884 1565
3081 698 3411
1860 471 3209
3134 4251 8559
1373 3695 4825
3719 2051 7396
469 4965 6348
2609 1927 8298
1661 380 26
2582 3869 579
3777 3566 5608
4194 2805 5976
1721 783 6144
268 3496 2732
4367 1222 4562
3683 4311 4124
1889 3806 1739
4934 2001 1402
4583 2367 4120
470 2020 6362
930 1956 5519
890 3430 4603
4508 1291 9606
1550 4199 3713
2598 1099 2028
4941 4619 983
2055 2754 2511
2176 4296 3842
2654 1868 2448
4647 2459 2264
432 4070 1620
2395 3527 7992
2039 3715 9897
1876 1458 4598
2128 1672 2217
1665 2164 9568
2074 1335 7509
3097 2274 9642
4372 2163 6489
937 4982 7185
684 1045 2654
1495 3198 1031
4190 4361 8149
2260 1064 3328
2135 1635 3835
4951 3751 6462
2608 1324 4901
3735 17 9151
3809 3207 4967
3784 3044 7322
3293 4605 6730
2879 920 9454
4984 307 5472
2972 1825 9322
2810 3205 1868
901 641 803
3199 4374 3759
25 2370 7737
660 4585 3238
1956 4228 6257
1343 4961 2484
3218 4670 7783
2330 4511 8257
3970 1130 7881
3936 1887 7963
489 3432 2555
3662 4110 4988
422 4968 2084
1210 4757 4457
3442 4608 7562
493 1558 1922
2721 1203 5839
1554 757 1671
1114 946 915
2992 3959 839
2946 3309 8008
4512 4647 262
1575 3011 7247
3160 2003 7541
2906 2400 5974
2045 2071 3093
4958 1872 9025
757 184 1370
1947 1935 3640
369 3738 9458
2034 2783 7924
2348 3550 4673
1307 1395 9255
4180 1138 2102
3325 3006 9706
4313 2849 1717
26 1740 1122
4881 4763 9526
2270 2246 430
3637 4290 7934
859 3450 2554
1476 223 8332
1646 2435 8509
4309 1452 6946
4069 850 6237
1543 2874 2579
2957 431 8916
848 191 2239
4392 769 3288
3971 2887 8850
4856 3223 8767
4259 136 4725
4601 1953 7064
2866 3601 7810
4258 3181 9590
1979 1278 55
3753 851 648
3762 3851 4677
4139 3810 9299
2534 459 3804
3165 1931 1943
3358 3360 1469
4588 4844 6918
3787 4653 7986
2123 1347 1164
4985 260 3416
3327 1506 1736
646 1826 3935
3297 1921 5705
2169 4606 1944
1353 313 3094
2249 3304 5868
4932 2447 6355
3365 1686 5088
2611 1669 4083
909 628 1428
4572 4138 7293
1253 2492 6354
1118 1283 8686
3243 2754 6606
1311 526 1239
2478 4114 7945
1665 140 8361
1270 2183 8757
4938 24 7189
1182 4823 7918
4357 4256 4885
283 127 5095
4919 3863 9792
1419 4545 6307
1370 1248 1448
3052 1213 2609
1680 2596 9377
3061 2088 8234
1677 1042 8619
26 3426 3654
2644 2113 2119
1579 3241 6757
615 794 2104
2550 198 5953
2883 473 3658
2854 1669 4609
117 4560 4096
454 1300 796
2411 4585 1296
1055 3634 5806
4415 1096 8341
4859 1598 2150
13 3212 9375
1059 3892 678
4495 1745 9872
2986 2951 1662
932 1035 4273
3483 240 1148
3728 3274 8706
3974 3942 5087
4847 2356 5167
3927 3936 8173
4901 1940 1756
4934 2071 6395
2608 3728 7281
1711 134 5126
82 2475 4428
2314 4960 1174
969 2975 3697
2063 4397 2035
4307 177 6192
2849 962 8735
4849 2789 1196
561 973 5357
4749 2647 7914
2164 2964 75
3312 1758 1953
3704 1584 8347
4693 1173 1547
3564 230 4371
4297 3350 9342
3144 2242 1594
1299 1464 6644
2406 1498 9441
3716 298 3984
2834 2674 3231
3236 2988 7613
2872 3463 8490
310 2962 1664
3544 2816 7155
2722 4503 3987
4503 2914 387
2715 449 8450
215 2257 2281
4721 4012 8682
3976 1453 7278
957 1215 6890
3284 1684 5824
845 239 5899
4555 1376 9392
1933 1527 9188
1687 4216 318
3323 2844 1102
3312 1069 1284
3006 3807 4706
563 2994 4532
797 4349 824
2403 3319 875
4206 1251 1907
2755 1491 1106
2862 3064 7100
1750 50 6775
1314 3880 7567
1343 3591 3594
1246 4960 9105
3208 4826 4773
2483 201 1715
1046 3042 1453
3194 3328 6603
1292 4910 4583
4239 4234 3878
2654 2269 9135
1957 3419 158
1320 4869 2764
1337 1252 3483
8 4865 300
3420 509 9707
1524 2268 5363
3245 3705 9336
1286 3390 1084
1356 372 3467
4721 2873 9777
4763 3387 8250
2376 2721 3328
2607 4688 3258
2483 1965 2686
3678 4260 5912
3303 2705 2551
1222 4025 7773
4797 3832 572
3052 1730 1829
3168 3137 7812
2122 3268 9499
4965 4754 1237
3126 29 8773
4946 4400 9052
4047 4788 3720
2751 1583 2595
1529 2394 9691
3080 4276 7279
229 2720 6059
2870 1319 6232
3304 4579 3370
1512 1824 6540
3720 1442 5007
4493 4559 5465
2618 2806 2157
1508 3499 3302
4493 4460 1484
4893 3855 5191
3717 2844 6109
29 4154 1318
2383 2210 1195
3196 1645 8198
4785 1445 5638
1477 4180 66
3326 1319 9471
532 1008 8141
2591 1369 5377
3856 818 421
2901 1960 8880
4723 3822 7365
966 3329 2384
4770 1125 3120
2448 4619 4873
3380 4435 6887
2787 1349 9507
4660 3587 876
1528 2651 1751
1298 3863 8054
2304 1452 2520
3445 1598 8892
3640 3093 1794
3250 252 8276
4854 1031 4396
2528 3026 690
136 1571 9027
770 2905 4811
3939 4092 1046
1666 1563 8180
152 274 1920
102 4218 3099
44 525 3445
2907 1577 9837
866 156 8289
4043 2420 9609
1838 734 6894
1439 4274 6677
574 1781 7780
2736 3268 4396
3460 4308 801
1116 4786 463
1146 468 9427
4263 4069 4787
1579 3925 5165
3737 318 2191
1081 3550 1320
3317 2586 4400
1267 1516 6064
4083 2224 5505
3680 4356 2428
261 2980 1109
4229 249 3906
689 4346 3095
4510 1083 6559
1197 2170 9147
4694 2776 1172
3783 4031 4939
764 3333 9262
650 792 8504
198 4572 4885
872 495 4524
3792 2086 144
4550 1268 9848
1329 2359 8564
4457 3953 8148
3299 1586 2501
721 2764 1505
4523 4089 7074
366 3632 1819
1762 1360 1094
2421 1284 5986
3912 1309 7535
2983 4550 620
785 1923 1074
2937 1330 4161
1787 282 3049
568 1176 9751
603 3228 1402
3113 4627 9927
487 1445 3263
1007 17 3012
1382 801 4183
1688 3251 927
1657 4603 5821
2948 2411 5097
4142 3485 2236
1311 1485 7871
689 782 5012
4814 2888 9552
3846 138 7587
2731 472 280
3919 537 2871
4330 4916 7427
4520 464 7
1846 2335 9159
1242 1493 7668
1563 3980 4757
3749 1076 3531
2004 597 9077
3281 3774 9414
2782 3439 6397
3045 4135 5433
3715 1218 116
3911 1570 4755
1925 2933 1933
93 420 2223
3140 612 1020
4468 4458 7941
2210 1837 1053
4500 1881 9488
2175 3701 2427
4185 4254 2522
3631 3100 1775
2304 214 444
60 4946 7422
4728 1195 8773
499 72 8136
2895 2988 3303
12 3253 7601
1529 2236 1299
4807 4268 2704
3229 4246 8835
3031 2144 9405
4229 1749 3880
256 4200 2872
3359 3471 8706
3565 955 1833
2866 4406 9982
96 3331 7688
1730 3846 2805
1844 4630 8588
1078 4410 4435
3735 1498 8312
1026 1210 3438
1353 3353 8583
3717 2939 2163
4871 1885 4836
2182 3658 2532
4951 129 4798
4384 3846 5281
4142 829 287
3015 4877 8530
729 2525 3652
1826 2698 2234
1955 4258 297
887 4861 442
4974 1111 6387
3641 159 9477
4099 3893 8496
4102 2735 8034
2783 1932 7697
1593 4265 2019
2582 3175 3502
4295 2681 7274
3144 4503 3288
772 3656 1776
901 262 8492
345 4379 1447
2225 2946 2659
290 4333 8093
397 4669 2896
637 775 2615
1294 3807 2337
3428 1270 1659
4741 410 7111
4541 1671 8643
3869 2230 9561
2951 3919 8956
4210 710 3672
480 2745 3838
3721 4818 8083
2715 1215 1363
4038 3330 3806
1360 3393 3261
273 2332 2401
1372 2035 7777
3745 38 6187
749 1543 1475
4673 2048 1013
2233 1603 3103
4853 45 4931
235 4811 1273
3488 4848 9554
601 4334 9865
3655 1191 7957
1269 4979 1147
4653 3735 6043
2278 1495 8452
3217 4382 4836
4879 1639 7356
456 3723 1946
3284 1384 9894
2120 3596 4628
4732 2444 8881
3539 2359 2406
888 2917 3389
2715 459 1830
1612 1669 6023
1600 2615 1395
1224 3218 6696
4854 1592 8750
478 4691 6666
4516 529 2461
1976 1649 9517
479 868 6828
2805 2022 1650
1716 3803 4717
4204 1452 9404
689 748 8906
3522 1362 9152
4416 373 6961
1438 3193 3022
2819 2163 8953
1469 2739 1160
1045 314 4622
4633 4866 2128
4281 2380 5226
4004 4150 1135
1246 1855 2445
1750 2713 9845
4457 751 1953
151 1122 2003
3452 1440 350
1463 4047 4692
2846 4962 4257
3017 3138 5024
2701 3513 2837
4075 631 8576
3794 886 4202
3522 1354 3416
3266 873 6144
2017 924 5586
596 2977 7983
567 1654 3563
1202 2013 4653
2091 3499 3191
3346 664 304
1895 426 4082
394 646 1609
4036 3648 6527
1341 1941 2507
3033 3512 9403
4526 3803 5485
4796 4007 874
4853 2488 4523
2364 2284 4576
4499 56 9579
1460 2367 4530
1803 576 2308
1775 4477 7082
574 3748 4255
3781 2225 9842
2433 4857 90
1090 1018 6742
421 1099 363
3219 2648 6221
3926 748 7982
3559 1179 1491
3962 251 1630
1549 183 7168
3210 3131 4216
777 4299 4513
3511 3016 6380
807 538 1051
2969 2488 4366
2961 4839 1917
1944 1461 4623
3824 875 5087
4866 403 3334
3782 281 1358
4710 1467 7990
4174 4870 5625
2710 3087 5684
3246 486 3862
2050 945 8135
2947 1331 9778
4600 2411 3448
753 2724 2480
3662 3358 5948
3655 1770 6588
3913 2622 2085
2232 501 6271
4427 1968 5898
2649 4210 7445
2652 2169 6146
4197 2656 6796
170 1498 5592
4399 483 5912
171 1892 4437
4213 4387 6109
1607 3304 2009
457 3181 3296
1299 4524 4622
2625 32 5902
2620 2068 236
4113 2497 6537
761 4510 8934
3326 2581 3292
2744 3268 5946
4495 4168 7766
4805 1729 586
4951 4283 9396
1094 131 8561
747 1134 7235
4449 4095 7894
3827 4829 5407
3709 1213 8310
3452 1920 1058
3477 616 2703
1978 3592 6547
2369 3876 6640
2576 4649 1306
1519 4000 6640
1081 1790 4202
2313 3465 9649
414 4363 2815
3182 362 4813
3284 4874 1490
3775 722 5620
3284 172 5286
390 1258 8168
602 4517 4271
2843 4079 8985
2451 1189 25
3157 4022 2823
3826 1461 6783
3726 4137 7718
2818 3537 403
2517 1911 5515
3817 1030 5145
2274 3475 2175
2019 1558 2218
180 3082 2871
1310 3413 4384
131 28 9532
316 1676 8908
4747 2605 4034
4982 2211 4458
221 167 9375
2472 3531 9840
207 875 4101
3495 3303 2211
1877 2167 887
4955 2463 8939
1418 3745 3264
51 87 9608
2123 1040 2167
4092 1097 530
4640 1609 7038
3597 1860 8464
28 3988 6077
455 1295 3409
3183 342 2113
1158 3992 6431
1025 4495 8282
4736 4263 6325
3452 2619 4544
245 2356 8942
1645 160 5137
972 1505 8739
4161 3133 2035
2667 2355 7470
1011 95 1544
737 3339 8768
4844 1279 6131
4388 1601 1126
2752 4915 2910
2051 3940 1597
4728 2577 3382
3516 3572 8425
2239 3435 6267
3924 1600 6887
3446 1805 5969
3482 4748 6210
921 2556 2451
2654 1943 7000
2064 4248 5085
561 4466 61
4444 2001 1772
2076 2239 6855
704 3320 2392
970 4918 5277
3128 118 1376
300 2908 6657
2334 3748 6058
3420 4549 2746
2647 4914 9617
3516 3015 8396
4234 1274 7943
3591 4184 995
1211 820 4783
799 470 1069
98 808 4680
4363 746 9364
3321 735 1015
627 3912 158
4008 1781 6065
3007 3122 8541
3116 3966 346
2288 2013 9650
2654 2038 9687
1542 3638 3451
2745 4094 8418
1861 2293 1488
1038 272 2615
873 2865 2400
440 1820 7736
3576 1813 4052
1951 4051 9915
4634 1582 8966
4913 2008 9857
3204 2649 3430
1029 3020 962
3380 4068 3058
2773 1090 426
3873 4024 4713
3119 2043 629
552 222 5201
4292 4988 8710
2501 622 9567
4128 1709 9660
1930 1512 1329
4463 1670 9223
4007 2274 5032
1655 3825 9017
4030 836 3306
4358 3435 1262
3251 3605 9910
4822 2348 4951
918 351 7860
4232 3115 1995
4396 1163 9694
2671 4758 7756
2889 4140 1336
200 4075 5222
4805 1653 8369
512 2036 7988
4760 846 620
3849 2167 9633
4745 3599 8954
833 3269 9366
2226 167 1669
955 2519 1854
474 4961 4193
797 1586 1758
653 548 6090
4308 1726 6196
267 4295 8643
2440 2525 3231
1738 2221 3642
2992 3087 7812
3764 834 3058
2280 2687 4990
385 2896 8434
2385 3439 3488
4693 1161 1847
4593 3145 322
3159 2056 7026
2600 3330 4006
3047 952 6473
3494 3991 9835
1921 3705 7917
755 4167 7378
3914 348 3887
456 541 9673
881 4209 443
1959 3284 5282
4151 4789 9645
1034 1020 1507
3370 1767 2232
4920 1023 5216
2010 3977 6565
4336 4450 2727
2906 1962 6123
675 286 8113
4177 985 9731
908 4363 506
956 3862 9012
3984 4006 5012
4664 2322 8887
196 3856 424
2677 4671 721
645 238 5352
796 4072 1958
4235 4136 250
2423 3719 3691
3968 621 4861
4023 1914 4855
3031 3507 6297
3080 3789 445
49 679 593
2023 384 3830
1391 45 2320
20 379 5317
4973 1378 9878
1693 2269 4404
3587 2134 5325
2376 4561 7017
549 1769 7692
4514 800 7867
2641 2719 3585
1793 1166 7501
2317 1810 2719
2966 390 2319
2208 885 3143
4633 4021 6219
2977 2415 6838
4079 3068 2606
1484 2252 8724
1628 2511 9505
4768 3699 8473
2786 4475 2221
1937 1850 3051
4440 3530 7887
1188 4748 6689
1713 1106 7951
2202 3152 782
4003 3791 1539
4543 4581 3051
604 4111 2797
3641 2803 2806
535 3931 8668
3664 2137 5339
2545 1240 4856
2934 1754 8091
4034 3603 9635
353 2353 6158
1273 285 1961
1305 1013 6349
3325 3642 4487
2926 4765 1743
3406 2009 8635
378 546 5898
3373 2626 4551
324 2565 9546
4449 1760 4823
2696 999 6817
2471 1892 7242
2240 1919 8013
2756 4140 6091
4002 2354 5651
3702 1329 4110
2923 3879 8367
3845 1381 1925
4087 2233 1591
1803 3781 914
3927 1121 8106
670 923 474
1767 420 4808
4854 1368 4106
2070 630 258
1844 205 613
4403 4353 4013
2385 2163 6454
3078 3630 2910
4834 4893 3624
310 2619 9985
2773 3255 8843
3989 2672 9591
1891 3659 19
1551 1530 9911
4199 3839 6862
1228 3490 2907
4860 3879 7471
2975 1755 7019
1026 1773 8627
1869 3102 7206
4207 3653 5774
4664 2486 7302
2459 981 5513
1476 1095 9901
1564 978 1069
782 1290 1384
370 1495 6666
3287 94 9259
881 2331 6993
280 1214 9206
2538 1148 9348
3469 1889 2979
1158 3305 8002
3734 2530 8219
1356 1893 7008
2873 4823 7857
1820 172 6711
2989 4110 2789
1946 1069 1029
1107 2418 2366
3107 3618 6840
1186 412 8502
3246 1794 1853
746 2358 4590
1962 2518 1501
3345 4819 8186
916 4579 2029
1693 3092 8333
3496 4597 8487
854 4380 9946
1576 1318 5096
4868 2620 707
4477 3664 3567
3519 937 330
315 3998 1154
253 3237 2681
3815 155 7245
1099 1612 5147
4782 4191 1788
4125 2822 7173
1563 3021 6553
1024 1063 8449
4115 3970 3827
879 3538 3777
2174 3709 6323
4035 1322 1939
643 3524 5080
3192 3763 9624
433 4732 6895
2779 3513 1130
659 39 5434
3489 4971 8399
625 3912 4452
2892 60 7580
3387 158 6174
2898 3944 6600
485 4803 9759
2305 1106 4265
4191 3521 5859
3726 3250 3360
3518 4584 3892
4528 4995 7885
2192 4847 6886
3119 3759 9508
2156 3418 2144
122 1192 941
4050 3113 5593
797 4697 8342
234 4782 7560
2897 1814 5033
2467 3151 2979
71 495 8320
1543 861 8774
3256 1779 8126
1743 2666 8070
3483 954 1963
430 2530 5087
2866 2520 5623
988 2583 4948
2015 1853 3811
3866 1881 720
3447 3650 67
2861 2631 4450
3716 1256 8967
1229 2952 55
2127 2721 8854
3902 4790 4111
2174 1198 2221
4279 2556 2965
4722 2672 1840
877 2535 638
4180 3649 761
803 153 6465
1767 1231 5267
2439 1086 7895
396 3424 7775
831 3865 5099
329 374 8091
1414 4379 8539
240 3204 22
3634 4965 8723
820 1819 3047
782 4981 1642
399 2597 1577
92 2216 8207
1967 1548 7992
785 3025 7143
971 3036 4201
179 4073 3020
4745 1225 6154
381 502 7338
330 87 5345
480 463 3442
4537 4402 9936
4387 276 887
4550 3456 7697
1644 166 7411
195 743 6751
2998 838 120
88 4255 7869
1205 2170 1114
802 3297 3091
4167 1846 1064
1773 4785 9738
3212 2450 8946
4195 4483 9870
4097 2725 8935
251 4370 1888
1202 3518 933
4330 960 4242
332 1538 7012
3075 2762 5807
2427 4159 3386
2547 3905 6843
1798 726 276
2455 2248 3942
3984 2757 9783
2949 3141 1123
842 4090 5060
2806 349 2896
3003 2590 141
4574 961 8902
1660 4568 4359
4765 3590 1906
3100 4153 2810
3836 1602 8277
3712 4899 805
790 3437 2879
3686 1191 2214
2331 4592 3647
3902 3123 2326
2107 3196 2906
4138 931 9340
1321 2359 7572
2422 735 3650
2785 2204 2729
2712 1012 1528
4450 2110 1632
3364 2753 7751
3046 1520 1743
3998 3111 9092
4753 2511 2062
2297 591 2563
4115 4280 4476
3539 3895 8052
495 170 4379
4960 3468 2015
3662 3085 1508
58 235 2111
2806 2312 1105
495 1195 3471
3947 2747 6380
126 4835 5981
3405 4361 9884
2022 4596 4918
4097 4756 2505
3983 1640 6609
2240 828 7962
3517 3263 1043
115 3390 543
4261 3848 162
1200 1988 8398
2322 1114 8079
1379 3309 9971
4479 4956 663
1734 3943 9825
4512 3625 4533
1747 3814 6751
2176 3213 983
3256 1673 5179
232 2114 3386
1147 510 1556
804 2412 369
29 2587 9148
1929 4528 6583
1591 1670 1625
4911 68 549
2984 4466 364
2054 1313 3222
4713 3055 3998
2640 3100 642
1537 2874 5666
3996 2525 3175
2736 982 750
2909 2890 7574
1554 283 2779
2630 1502 2657
2622 3487 7605
2520 2650 5677
1750 242 8739
3082 364 9053
451 1417 3833
3436 1336 1670
3754 4016 5920
1443 3660 1881
3820 4705 2725
3919 575 8541
2402 3582 4660
3651 1492 6325
3686 2905 4930
2831 2887 2052
4366 4672 8192
3201 2273 5386
707 4179 3718
962 4869 1673
514 2697 9140
487 465 9055
2824 2323 4723
2208 4588 2654
3993 4847 2762
2753 3359 7533
598 1061 672
2471 2697 9725
2286 4971 196
3404 810 5250
3155 752 5896
2813 1900 6870
979 3794 5542
4662 4792 9397
4530 10 1510
2890 605 2041
4578 3093 1701
811 4883 6449
3799 2004 5224
4279 1122 9057
3603 4828 4
68 1330 4485
968 3562 5968
1857 3132 2069
166 1395 6359
1787 3713 6316
2678 4015 7655
4381 2903 6018
1838 1611 8438
954 2152 4507
2564 2240 5206
4728 428 8232
4660 1458 8967
2705 554 7790
4777 4865 9537
493 2447 9126
4698 359 645
2225 989 6569
3794 2294 2931
86 151 8541
2135 2745 854
3251 2369 7063
4395 3517 3914
2899 3636 5186
2930 2891 4682
989 449 915
3929 1818 4242
2870 3811 8606
780 127 1797
2883 358 5893
1542 2257 1863
4809 4707 920
1754 4577 7788
1461 2521 4740
2864 4722 646
1266 525 9687
1728 1560 5277
600 869 7109
4927 1572 596
3167 4690 7312
736 2267 3058
2593 4786 7077
2034 2216 1476
127 4528 649
1459 2146 45
557 394 6107
4982 3112 2724
1335 3730 4850
1175 1914 7816
1016 225 3445
4377 3536 9466
4955 4595 9438
3690 4263 8460
3467 112 9535
2640 14 5292
3364 1121 8779
1191 4951 5654
4344 604 6874
312 793 4754
547 4245 5163
881 259 5559
298 55 6049
2182 3794 328
2525 3511 1479
2892 3023 5742
4864 444 9850
3149 2973 6270
532 4263 29
1112 1777 9748
3278 4796 2089
3861 3176 2057
158 3255 4386
3996 417 8037
2149 1558 9538
2700 2270 7644
2457 3493 6668
2948 1887 9464
765 4671 8942
4554 849 1540
904 2082 4703
4729 1323 4924
4491 2143 5526
140 1918 4031
751 1118 5454
4138 2232 6997
4364 3782 8456
3868 2911 6770
4387 3720 1554
2092 1319 2799
2361 2003 445
214 742 4609
288 1041 3815
278 565 9600
478 1540 1701
1276 145 2405
135 2964 5398
4620 1113 2393
342 363 1689
4546 228 6838
1298 1238 6135
1893 1383 3682
3766 2034 3445
3860 2691 7823
1459 4191 5524
405 1711 2541
3649 789 296
24 3165 8187
4431 2608 1040
2858 3820 1856
2864 4880 8909
377 2204 6255
1719 2884 2836
4115 113 9057
2310 3256 8184
2691 1420 2887
4373 3996 4917
3967 4105 9870
3934 604 6702
4084 3236 8475
1996 3706 139
2270 4351 2023
4590 2602 5138
482 3168 5403
2581 939 6103
4585 4200 8127
1458 4880 7147
4703 2138 640
1336 1043 6345
4994 551 1800
3599 2830 6186
2467 1822 192
3160 711 4327
2678 790 9151
3265 766 7603
1359 1514 9522
1754 3301 8382
2770 3744 8519
4540 1802 3802
2433 2055 296
612 2106 2064
2304 4835 2031
2469 3826 5839
1252 4591 6203
1519 424 8479
899 4515 8115
3337 1714 4195
1507 3555 9300
1293 1797 1235
1874 1929 1390
420 1079 6662
2265 4401 1007
937 3257 4282
2151 1390 8208
3153 1922 248
1138 2769 1380
4271 816 5173
3658 1531 4375
92 1417 2120
2220 2039 6353
2107 1034 5618
4371 762 2735
675 4106 3017
3471 3526 9873
1837 4927 5918
232 4019 2800
549 1086 7423
1883 3033 9103
3387 2922 8934
3761 540 6859
1252 662 5457
862 667 3655
3657 127 329
4331 1517 8362
4121 1369 9085
1567 3323 7489
3562 421 5284
4369 694 8197
1491 4546 5890
3706 768 659
2020 3251 2489
3380 894 3214
190 4114 8157
3766 3173 1574
4317 3069 3382
828 2731 6566
4377 2449 5728
4634 1286 2574
4074 1774 2367
1882 282 9217
378 4837 4469
300 4016 7809
862 4885 4398
4348 1317 6102
3958 2740 7919
801 2513 3113
3030 2711 4091
1039 3349 2086
229 5000 316
4261 1113 3582
248 4421 7000
2725 1194 9173
1584 672 1300
570 2012 5015
4800 2338 9561
3565 4789 9187
788 4285 4536
4979 1412 2921
3154 1586 3436
1306 539 497
3023 4194 7876
3337 3758 9449
3949 3746 5104
2490 1699 6231
4716 103 8580
2599 2784 5271
3100 1463 8967
772 1559 6715
3730 4794 9200
2643 3038 9724
2161 3791 3328
2477 660 5214
160 3668 2601
2749 658 4049
1868 4781 728
3013 2204 5840
2353 4214 7716
2560 485 6251
667 2470 533
925 2352 3748
2441 319 7478
1325 4153 419
1918 2876 1487
2124 3759 1325
2776 493 4401
103 1137 5762
1027 4271 8038
4209 2357 8419
3654 1988 3283
1755 4202 7025
604 2520 7030
3939 1412 8728
2177 1794 5822
4673 2097 5335
4310 4325 762
3403 4630 6324
4790 364 7850
3238 3455 1534
708 4951 3369
1201 2428 4483
3216 4800 6533
3883 4641 7499
1328 3554 6585
2427 4976 7941
2820 1910 9002
1563 1821 6299
1695 3600 6820
2976 1283 67
3606 1609 1334
776 1226 1197
4695 4677 1809
4995 655 2781
4710 892 1191
2345 1075 6476
4446 2370 5639
993 1673 7079
4511 2919 6815
4008 4342 2082
2597 4939 7618
2735 670 8715
4820 1069 2303
1486 3322 8437
3596 2839 3195
2270 2421 7338
2827 3601 457
2963 62 6588
3634 2497 2681
1444 201 2239
3664 24 1431
906 1351 8190
4870 1929 789
4755 1780 260
4805 450 5211
1468 3616 2517
2639 1257 9865
3196 926 1624
3295 5000 6892
3806 4314 8518
1891 149 5237
4911 1072 805
2995 2805 4838
4510 2848 4900
2059 3178 6954
4354 556 9821
1093 4812 2594
3047 4033 3204
771 4318 4044
3879 778 9024
4587 2207 9630
4791 4239 5614
2317 668 1325
2657 1939 6435
1436 574 684
2761 1957 5873
4232 353 4256
4242 4410 9170
3561 1269 7783
2579 3619 6484
3131 2901 5162
2978 1863 9427
2835 4329 4088
4707 1788 5131
1478 2310 8083
1424 2828 2105
456 1737 3043
1781 4381 8469
839 284 9676
3315 1872 3192
4217 3376 7549
1400 577 7124
256 2039 8271
4424 3042 4364
1732 3433 2657
4805 420 525
3563 724 4087
1661 4438 7920
3447 3111 5071
963 1612 3167
4145 1029 3597
3902 3175 1656
226 2407 7209
4213 133 323
4486 3469 9427
3973 1942 8643
3416 884 6497
4524 4759 7443
3567 4328 2009
1670 2966 2935
4441 3865 876
4507 4545 2614
2555 3057 8732
3804 2409 4572
4564 3174 6454
20 3186 7700
3710 3840 766
4517 2930 8095
3763 4198 5722
4743 3291 927
536 2497 5923
4098 2174 49
503 4359 2729
3131 4327 7813
2572 1745 15
2925 3938 3717
585 4713 5244
1324 4726 2870
1598 1341 8103
3694 4566 3843
3936 971 5115
340 506 1760
3766 1445 3334
1031 3110 5656
39 917 8520
411 1293 7417
4018 3626 71
924 1155 5419
4890 260 6151
1977 2270 1515
1390 3693 1908
3183 4256 3021
546 1578 2962
2759 2050 3263
4476 4018 8978
246 4999 8066
1035 4853 9441
2348 3785 657
214 118 882
2616 3131 1650
3353 3230 3160
1415 541 8908
4258 1492 5762
2131 4194 3640
1999 2050 537
644 3174 9676
2540 2513 9086
3451 4727 3768
776 2632 8059
2514 3718 3704
2439 4445 8488
3861 3445 859
4953 1911 9896
919 12 6320
59 2335 4639
520 836 3471
2277 1280 6052
618 4418 3871
1524 3362 8941
214 3133 3204
4093 1375 4816
1944 3297 108
2756 704 6095
3856 2562 284
147 558 8082
2381 3220 1429
966 2463 2287
458 1076 635
4540 1688 7690
4891 3110 8578
1917 200 7586
854 2006 4291
4290 4477 894
4313 3994 1420
3522 2598 6847
440 1440 3936
913 3805 2310
429 3537 8434
4602 4043 2727
3888 1915 334
482 2646 8394
3119 4503 622
2617 1172 1894
3381 1685 4464
4724 2735 4205
3344 3859 5645
3626 2722 5181
1145 2 6462
1850 263 8842
2449 1496 8896
4867 1801 7923
2032 2372 1812
4537 2364 3497
2502 1957 6658
1676 4311 8727
1600 3571 8061
2010 3659 1429
1003 4112 3308
3635 3078 6455
104 827 4747
4350 537 3264
4937 2673 1382
4912 3258 8076
2523 1800 1262
2929 1665 9259
4288 1223 6131
1173 2553 9529
2392 1585 5569
833 3589 1169
233 3553 6854
3376 2960 124
1596 4799 3597
513 2367 4808
2503 4522 7146
2541 2995 9035
1331 2313 5818
4603 1534 8936
4272 3709 7759
53 3271 2435
2234 4382 2823
4130 3320 9064
3292 1230 1691
3036 2457 8792
2381 1123 2826
4123 382 1855
1707 511 6112
2432 2797 5823
542 745 8545
3617 2447 5923
1753 356 6404
2442 1714 2007
2691 287 184
3097 344 4844
1466 4534 865
1111 4955 4469
71 2370 1794
1430 1517 2144
1542 4516 2879
1912 1392 1997
2807 1033 9294
4354 4635 5548
1735 3718 5941
4364 3867 1751
3877 830 2873
1694 2968 8855
2377 4796 2233
4723 4426 9751
2526 1557 4674
3886 4187 49
3170 2773 9929
3063 3658 2166
837 3390 6819
2359 339 3444
366 4309 441
8 2145 5898
3498 1330 6522
1507 4988 1547
583 4179 6215
3052 1659 959
4693 3967 5757
4044 3088 9029
1279 3294 7611
2131 4644 6848
167 4550 4365
3037 2964 853
4105 2820 1744
4481 3451 1785
1390 4449 6134
1192 3079 6335
2465 4371 452
1173 1481 8678
4826 80 6597
4672 2577 5503
3236 1733 3447
3828 3116 2759
4342 3001 6995
542 2982 6107
2926 3920 173
2849 676 5857
1477 3290 4217
1749 4983 1592
1306 1652 2131
4013 2631 2544
1314 4199 2250
4418 2287 5173
2179 2202 7725
2176 56 1734
3851 4716 252
769 1120 1501
1204 160 3992
116 3567 1458
4161 313 7960
3448 4246 9360
4248 3831 6982
4515 1584 8910
4012 21 7321
4574 2533 947
2912 402 8352
333 1008 7408
4429 633 9496
1395 2826 3834
2967 2184 540
1818 1879 2666
4556 2416 8937
937 713 7025
2172 1181 3793
3886 144 7921
2011 4873 2220
4103 4736 438
4655 1588 8948
1075 4198 2867
3328 673 7079
1165 4134 153
19 225 8901
2173 2162 2160
1036 208 9187
427 3236 1802
2105 3738 1091
740 4106 30
1376 1993 9225
4731 2409 5821
2264 205 4026
1173 1796 7485
4425 3494 3780
2239 4286 34
4138 2930 2458
3644 4399 1442
1684 4672 2853
4087 1676 4012
243 4635 3735
1043 4616 4194
1138 4428 1821
2119 4797 6791
2102 1957 6654
1543 2190 8828
4729 2329 5298
3915 4903 6922
2491 3549 4896
4752 2944 5431
3814 4681 8269
4448 1138 1982
4254 3757 5696
989 1509 6970
4578 3970 3611
4774 4414 7672
1137 4202 5004
4580 2970 3522
4805 2162 787
4485 1614 1862
1850 547 1290
3218 4026 860
4557 1213 7343
815 2471 541
2225 206 2741
2902 3554 172
3822 2756 3875
3335 3910 9774
1660 226 5416
4611 150 5192
1861 2579 3016
614 2554 176
3475 4680 7242
3433 91 6799
1731 1417 4972
3198 4684 3861
1155 515 9216
2087 1738 8524
119 2300 6155
4028 778 7743
3246 4524 9862
2327 313 2402
2204 3825 402
2590 1242 4978
19 139 4322
4692 4785 3764
256 3637 7724
4953 2676 4677
4413 898 7446
307 3951 1840
436 2137 7879
3113 3171 5525
3359 1442 5668
2862 3546 5710
4191 3653 1273
4194 2205 8175
3931 393 567
2630 2432 6370
2678 2786 3387
896 3657 905
424 3900 9541
1218 2824 6975
2765 2481 7848
20 3851 5144
3538 3262 5855
201 4209 4089
2540 583 8026
4418 2122 6569
760 773 575
3758 3812 9268
2479 1840 7573
4787 4696 585
1749 4237 840
844 3313 8905
4133 2861 7549
3533 1912 5512
4160 2390 7357
2194 2014 4925
3764 4691 7024
4675 2187 3327
1424 4252 6685
2891 1578 1685
2606 1443 5782
2987 136 6823
4342 277 1907
3381 3779 3241
3768 3379 9551
635 3322 8208
287 2058 1601
1298 2504 1590
4453 2876 6158
68 2871 9797
2124 1297 8272
1952 4866 8670
3589 3558 581
1460 2341 4316
1293 1156 6148
1612 1994 9317
819 4307 7268
4312 1643 2582
2593 839 6062
3324 3608 8303
2200 885 4890
1890 86 5442
4903 3892 8387
3275 349 4886
4563 3170 769
4873 3935 5921
539 1514 4313
4988 979 6730
2738 3110 9971
4228 882 5354
4628 1968 1047
1206 977 9114
3274 1163 2734
3981 4932 7245
3655 3751 1094
797 3980 6422
3059 177 8405
1247 2733 8158
3003 1882 1960
4626 1437 7821
2652 4124 2973
2190 4935 7792
4718 620 2594
4983 2926 5704
4892 13 8610
4254 608 8649
2298 4646 5412
576 2735 1736
3533 940 9790
1164 4653 7934
4281 2429 8012
1632 1543 6839
3116 735 7673
2754 2902 3118
265 2483 3255
56 1077 6465
155 219 6429
4851 4944 7229
4730 1043 1016
4356 4898 7446
2558 1851 485
1276 3118 1748
3942 1929 4767
4738 2891 3437
1296 814 7929
219 303 8433
3251 1406 2358
1708 1678 5752
2983 326 3943
3376 4233 9739
290 3330 2953
1495 99 6736
168 4407 205
4337 1275 3798
492 1020 7660
3846 848 5169
2748 4682 328
572 168 7621
4895 3695 2072
3609 4235 9801
4566 18 1138
4225 382 3431
4578 3213 9051
2733 4419 6688
2750 2660 9678
3811 1608 7515
212 1458 7299
2414 65 5341
1278 2866 135
4969 2760 720
4010 2279 6990
733 1487 4765
1076 1301 5422
2381 4529 9058
3140 4441 3300
2110 1513 4630
8 4808 2094
4624 1023 5220
4907 3569 725
1332 418 1221
4525 2796 102
255 1385 603
1073 1470 4444
2376 859 5690
4976 3271 2966
2182 520 7253
1554 4342 1447
4549 2988 2960
538 92 1149
1121 4892 8531
4049 4615 1671
4105 1169 365
4257 4340 8544
2734 682 9625
612 3807 3207
2629 2086 8633
2565 912 270
336 703 1896
3926 4037 4326
266 2086 2149
4373 883 932
2580 3015 6381
1308 2372 8841
3336 1231 1128
2561 3334 2141
3275 4305 4929
682 1751 8628
2376 2110 4449
4309 1832 967
3221 2770 3632
3600 1406 7322
627 2377 6337
4070 579 7762
2435 3856 4456
3922 83 7966
4674 2003 8228
953 2617 7186
3869 3802 9646
1665 1860 5675
2414 3071 821
2340 4076 5324
3400 1374 685
4505 3771 3490
1371 1124 1872
3046 1874 3455
4798 3011 5171
4898 2281 1591
482 3895 7717
1712 4676 2076
4526 76 2212
906 1453 5366
2395 3784 3373
630 2228 5822
2034 1232 355
3478 3075 9926
4745 3879 7790
4573 4324 4514
3377 1734 9655
1720 2780 9043
3883 43 8443
2257 688 773
3000 4520 4940
1912 4142 8551
2283 1568 2483
2074 2770 3070
4585 2215 9220
4988 3231 5373
1110 4141 6190
4837 4488 613
4138 4989 6296
1811 2562 2752
820 676 9578
420 2865 8676
1769 3525 3422
3172 2085 4512
1188 4025 7973
639 3887 6053
574 2105 9846
257 158 3086
4942 2554 3796
472 1285 2931
2706 794 6910
4316 724 7335
3530 2989 580
1308 4164 887
748 4316 1234
3299 3288 672
2987 1149 3908
2325 256 2454
1346 2718 8101
4779 3056 4117
2866 2005 4985
2867 3165 1319
3857 3985 7039
3232 3046 1804
3597 458 6510
90 2109 565
721 748 4045
895 4534 791
4560 3793 6131
2901 577 3812
276 1254 6284
2030 1748 903
4550 686 9816
3184 3002 5958
971 4160 3178
2706 3655 7930
228 4626 9046
4152 1301 9916
2275 3996 893
3594 725 3778
3006 4814 5455
3728 2855 1688
2085 101 1882
781 1726 9216
1189 4945 3217
444 397 8192
1919 1965 2586
383 4601 9539
4646 3789 781
4499 2878 9977
3924 4561 3932
2875 4886 6160
366 1955 2090
2965 2207 4076
3468 3291 9954
2654 410 5365
780 4436 2589
2334 2995 7526
272 653 8873
1681 1009 9222
4276 3639 2749
4886 3729 2783
2586 3486 1655
619 539 2515
3181 4213 7132
539 4567 2121
1071 4800 9421
4247 1265 3858
4629 1172 9779
4481 4265 1475
2635 4144 8397
3387 3588 5425
4144 1372 2801
3343 1813 875
12 2597 166
2586 3488 8354
2362 1707 1925
4973 2720 9180
1188 1060 4591
1092 4738 6339
4329 614 7437
2751 956 1383
3368 892 9094
4114 1106 8057
904 2315 4810
4930 4866 6887
3974 4224 8290
4831 488 6065
601 432 5154
239 3445 7783
3125 2951 9399
3842 3946 5266
1085 2267 9181
725 4230 5959
1423 2839 1997
2935 2627 4045
1822 4190 4629
857 2475 392
1373 2148 8392
4562 1991 97
1953 854 2481
3707 4135 5837
1228 385 4056
4863 4699 7646
4588 1324 3089
2292 167 4059
2134 3405 5696
3000 3917 1285
1483 216 7773
3083 2651 4073
3129 567 2959
782 4653 209
4426 1689 6111
4290 720 4837
1319 2374 8964
1618 4017 5614
1663 4491 7803
1779 656 7922
904 2740 4598
3735 4803 6106
2619 2159 1717
2461 474 4159
546 402 2406
3939 494 2753
659 4228 8152
751 3379 6262
2886 4407 5873
4563 2597 5046
3251 962 7028
2989 3196 329
2462 2960 8750
3136 3960 5592
728 867 4078
2582 4915 524
1601 778 890
3212 3023 8691
1951 1576 4235
3491 852 3240
2958 4429 5021
260 3491 1067
3949 1635 3895
4716 555 9706
1871 2873 3646
2594 2544 2826
2755 3689 7861
1113 1146 1604
4526 2729 4110
2098 3225 4091
4443 4916 2478
4436 2519 7632
865 787 2489
3390 3533 3569
1798 1746 2270
3510 3390 4442
514 2526 1976
4170 1294 8796
680 385 3671
4750 1691 4297
4376 771 6165
113 2564 4106
2410 1984 87
3807 188 4902
1358 355 8709
3867 1055 8506
2811 3200 4253
963 702 6272
865 3298 6805
1249 1694 805
861 4279 1527
1365 4105 4685
2945 1264 8775
98 113 3050
2214 1550 9702
44 873 9839
81 1211 3779
4751 1143 4604
1299 2705 4690
277 3417 4154
1780 2865 7955
2210 3437 6907
764 2034 8698
756 319 1134
1201 17 9478
4439 4513 4226
2176 4021 775
3609 3804 6932
124 2500 7896
4440 2079 6399
1151 4630 8121
4936 741 4938
4541 2143 2217
4774 34 8853
2512 3423 3445
2271 862 3305
3244 3584 6386
2977 1427 4243
3465 3336 5214
2257 3735 6540
1352 4853 3987
2731 3459 5706
352 801 8673
797 912 4162
3037 4452 805
3061 127 7840
2229 1317 5747
3720 2615 4817
1544 785 5251
334 3991 3813
3097 962 4113
1034 211 1488
4473 1810 2247
1310 4662 7801
2787 2709 5766
3810 194 9991
4315 3672 6833
1632 3300 9618
4066 4613 4391
3434 3969 370
1047 1552 63
651 3780 2473
1946 4453 8187
2128 241 1836
1386 927 5694
382 4852 9551
4111 4990 1628
1091 2038 2874
4523 2759 3944
3917 804 6851
3403 2355 2589
2495 1809 7725
1614 423 188
3131 2203 5512
4590 3351 3292
3336 3185 1164
4321 1124 1420
2223 2387 5532
4998 2059 6933
2226 3657 8169
139 1152 4109
2036 2454 2798
1647 2620 7694
4730 1384 1457
1341 2030 9117
346 3829 3535
4985 1462 7213
3086 1702 4247
1735 1187 6579
1018 4782 379
816 2238 1495
1613 1517 5240
532 59 8564
737 3660 8057
1166 388 4211
2229 2864 1362
3953 943 9571
414 4557 2034
3265 3679 482
1842 662 6664
659 3936 4774
1564 4614 5979
1641 2085 6121
2324 2375 211
672 2527 2840
635 2573 8622
4964 1864 4426
1398 248 8391
2527 2303 8623
3632 1473 2233
1213 1016 6446
43 1031 7447
102 3993 177
3103 3187 3351
4433 1257 1418
537 2951 9181
1464 226 9593
3485 4531 1449
861 4641 8123
2476 3751 954
1909 2009 8680
3149 989 9379
1000 1609 7185
1639 3683 5223
472 2667 9471
2421 4899 3368
3175 4245 5533
519 2603 1280
4531 1499 682
2725 595 417
2336 4540 5024
295 4127 1258
4719 4397 5439
3335 3068 5914
345 3998 3950
3848 762 4024
1672 135 2735
153 4797 2285
3744 4182 6699
572 2574 8515
4676 2423 945
1919 1811 3073
1793 1162 6933
864 3677 5044
1658 3599 64
2067 4884 972
4898 4253 289
1040 3286 9916
827 2169 2551
1807 2028 9713
2773 4948 300
2818 275 7408
4441 3887 657
2545 2660 2247
1454 4041 4113
520 1278 1876
2169 4075 9593
4661 2708 8199
3535 3347 5319
3613 2185 1271
925 357 8332
3866 1203 8265
2045 2578 3812
395 2853 7189
2904 803 6821
2335 4742 1617
2178 252 3033
4351 559 7564
1723 3922 4758
1216 918 9279
3222 2313 9673
751 3513 3337
626 1860 5244
1553 4535 6813
1212 2451 5021
2991 3478 9652
3264 3867 5458
3632 4502 8838
390 1544 3196
1878 616 2855
3712 4934 7254
1839 795 9218
873 3790 8244
2787 4668 7334
770 3467 5534
1698 817 4223
2744 1716 4868
2155 1698 2870
64 1431 2648
2690 1535 1547
2716 4441 5859
112 338 1327
3508 3999 5806
4379 1267 3645
2193 2900 3686
2554 4320 2940
2293 2437 2738
1 3919 5504
1864 2888 3995
4636 4528 25
3121 2241 6997
1609 2866 309
2483 2169 3971
4730 1542 9695
4260 4315 1863
1453 390 2768
3216 920 4836
164 1712 5130
2324 4341 4435
3639 3493 6727
3201 4689 4547
391 1655 579
2302 587 9168
307 450 2841
2554 3056 4905
873 1651 8726
2633 4257 3879
3913 3504 1319
3855 1809 9059
1292 4565 4155
1681 205 3344
247 3581 8992
2413 695 2843
369 721 1260
1923 3995 4750
2735 382 5784
4402 955 4693
1586 354 8523
1006 2605 2457
4219 139 8465
924 629 7209
2367 1313 3827
2495 580 6964
3610 4815 6943
1788 1437 3373
1903 3791 7042
3798 1198 1456
2875 388 5456
2475 477 7354
2906 4487 3102
4425 673 8964
2390 1243 3073
767 2883 9882
2788 2116 7545
4015 1430 5453
3161 2189 9742
2643 701 6605
3888 1131 9261
3036 1196 1722
229 572 8026
1649 1469 8536
56 4017 1307
4713 4564 2377
3187 3731 3295
4813 701 935
114 4199 1540
3292 940 5955
3217 3673 469
875 3950 4988
4115 3893 3641
3124 1306 4956
3672 1882 2504
3391 420 8541
163 2219 4834
2645 1286 2337
1406 550 9686
3433 3243 1611
1565 538 7826
3400 4573 3161
987 3305 4285
2754 4919 8782
2999 4816 7852
29 385 1344
4931 2295 224
1570 619 8495
3043 4147 1791
3492 3370 4988
4497 2436 8727
481 3596 4008
3029 2457 899
3868 327 4766
2093 3681 388
3852 4031 4507
4405 462 1216
691 3445 1393
1110 1141 9093
4870 1871 5635
2336 3644 2680
4869 4083 8828
1566 3353 1911
1297 4054 5099
4715 3083 7969
425 1039 6618
906 202 6119
1959 2595 5349
3002 3336 4154
851 371 2121
954 1905 4099
4171 2283 5228
4304 4066 5002
2259 834 9164
4720 3671 3061
997 79 1257
111 496 4530
4584 227 8190
3054 705 2226
1985 3018 5086
4621 708 5396
441 1428 8377
2486 3081 6430
1252 3100 8439
1506 4091 7538
577 164 9541
641 2735 9092
2380 2441 4610
3793 588 3143
4210 1409 7928
104 1179 9519
2376 362 2248
4492 4793 9494
2106 4042 6080
4347 3123 3063
2362 991 686
3698 507 4550
1500 1142 7362
1885 3420 7952
2670 4114 5981
685 205 6359
935 2297 1398
1724 3625 1519
3889 3189 6802
473 1434 5207
2821 2859 2253
2840 442 1591
138 3086 1002
720 4940 2436
3913 181 293
649 2396 7681
979 285 5972
4714 1549 3210
2116 4112 2328
1609 3840 8003
3422 4708 4725
1534 2458 9464
3135 149 8576
1918 4105 593
3496 2768 6436
4025 3118 2914
3396 1344 165
4501 4514 8070
3086 2792 2482
3220 4793 6507
1651 2428 1041
3970 524 7820
1614 4667 8400
4391 1607 9533
1322 1620 766
383 1551 4372
4003 4524 6633
4382 3374 9278
56 2135 2866
1247 1330 8918
2055 585 9756
3855 1230 7022
306 2794 6427
4657 1516 8623
4376 2650 1220
1975 3107 2159
1285 1451 8693
4630 1222 1867
4809 4090 8095
84 399 3649
4010 2646 9102
2727 1190 2001
1645 4302 3264
4648 1380 221
594 3225 7373
1442 186 2669
1507 350 5015
2380 2655 8871
1355 393 4114
4763 4476 2065
81 13 3663
2669 3287 7907
2784 3129 7942
1495 3443 5972
175 2839 1556
4234 889 3567
3023 3442 1961
35 1353 8266
1789 252 4111
3457 1688 9779
3524 3174 7275
3821 3087 2840
3569 798 2996
1195 1659 8645
3635 4181 4028
704 2382 3771
853 4318 8595
1089 3215 4730
1373 271 5736
987 4650 8942
46 395 3296
656 4421 936
3551 2232 8941
2849 4763 4371
4936 3202 9864
4191 529 9486
4604 3583 1398
629 1965 4641
543 1274 1928
2453 3757 5009
1458 4681 1239
4282 2374 8556
4260 973 2912
3260 2998 8883
2005 2909 8467
957 2539 9775
2762 1273 7550
3707 808 2508
1810 437 3035
385 3366 2081
657 4599 9522
871 2218 7298
1488 2341 8913
808 772 2124
936 4007 898
3194 4470 2892
4790 3819 9739
2722 4892 2693
4759 3131 7963
2002 4241 3711
4741 2487 6187
524 1158 2369
530 882 5452
3783 1425 380
4531 1942 8608
4539 4784 6813
1985 4638 9466
2744 918 5996
1016 1302 6462
3478 2373 5977
1711 3516 7365
1897 640 4145
2746 3304 5428
3241 1899 3410
2829 4822 6537
1403 2447 9328
1143 1950 1579
4119 829 8204
1488 4528 5088
4888 985 4852
2811 360 4213
1824 4918 1674
1340 3320 7869
3561 3825 9239
388 3379 7117
732 2049 723
2842 239 6588
2426 1172 1336
4886 4820 539
4524 2898 1345
1803 2846 4114
2407 4024 8440
3556 2916 7496
3065 305 7247
4000 2737 9441
4036 2437 1365
3922 2653 5639
398 387 1425
2105 4822 9910
2782 2449 7813
2318 1779 5458
2652 2529 2416
4838 2162 5411
3607 800 3360
3518 296 22
390 1260 4690
3118 2501 7157
2308 4657 61
1481 2366 8364
2178 3490 901
3499 2187 2306
338 2470 5569
2785 3095 2084
1104 13 5024
4658 1846 5144
747 800 9904
30 4303 9384
2667 277 1233
24 2024 3597
2484 2966 8195
1769 3178 5561
2969 1684 2487
4276 4942 1365
3758 1094 1056
4705 1243 6774
3010 714 6301
867 46 8044
4001 3354 803
2188 4322 1696
1328 4878 1900
2277 3412 7858
1113 2715 358
1684 3863 3120
3345 1640 1797
3275 4897 8349
1890 630 7696
2937 2677 6781
3433 2948 8915
1042 241 6223
2872 2402 5675
2315 3415 6231
4064 957 5836
2574 2195 8705
739 2408 2696
3107 2763 885
2221 3034 6197
3505 2331 6896
2627 2777 7441
1514 3520 5277
2358 1053 9752
3488 4118 7433
1720 3956 4747
2611 4365 9165
4325 3167 5046
4114 1925 5628
2061 1455 7379
1555 237 1330
3932 851 1733
3284 2553 9796
2294 1521 9377
3821 1314 8044
1003 572 3054
2113 1382 9191
617 383 7492
4011 869 1739
4839 1729 9802
3794 2854 9872
2073 3791 994
2912 3991 4729
3023 56 6076
1692 2537 697
1816 1566 8020
1885 1689 6832
1146 4258 1399
939 3003 8836
1316 1939 6608
1925 4727 5157
4985 4464 6478
2474 1164 168
2874 1911 8139
648 1076 5009
1799 3510 3755
4490 3343 5731
196 2266 1364
3790 2246 7130
1635 3732 9887
3591 1585 3622
1353 1822 2620
2480 4943 9219
2917 3870 5264
3862 1642 2994
884 3402 4041
262 2468 6230
133 4281 2280
1308 2113 3798
3182 1585 4767
1802 2889 4272
3472 3712 7860
118 503 4713
493 3902 8523
1526 69 4400
388 1134 351
421 4584 3280
4562 1681 1773
562 2966 3542
1223 3207 9972
4289 4406 6293
1706 3397 3631
1882 1278 689
2938 3666 2437
4935 4554 9012
4771 1606 7224
1124 727 1132
1965 984 7202
3353 1105 3027
2850 4048 6274
2502 3778 6311
3235 3422 5582
1654 4377 6683
3234 4584 572
725 2899 872
1218 2571 2782
1829 2242 7541
4461 431 2841
4541 2491 7362
696 81 4456
4856 1719 7801
578 4590 4182
203 4912 5071
4522 4521 526
2448 2157 320
94 179 5709
4124 4299 9312
4945 3188 3220
399 3286 9763
1116 4059 2638
4775 234 1035
2840 208 4001
3903 4628 9519
4038 2273 9337
3204 666 6299
2707 3788 1442
4663 3007 8808
4611 1241 8337
770 3834 8309
3102 399 3740
2657 346 1186
2853 2428 4252
4267 4350 4576
4669 2544 1259
1300 4382 8252
3599 4604 6354
3599 4713 4640
3925 1582 9462
692 957 6396
2143 2011 2472
880 3707 3092
4863 3262 2333
1857 2568 4553
1688 729 415
3821 1411 4279
1172 552 1206
763 1442 2802
435 2845 6579
543 4688 1924
2549 2830 5669
2241 1514 7885
2252 1964 7232
2628 273 7398
2260 4731 2155
4230 310 2242
4066 2068 2361
1968 3867 2350
3525 1494 7317
510 1269 6799
3140 4742 5160
3581 2754 2161
1799 191 9165
3227 3107 222
1891 2090 3039
3744 794 5003
3206 535 2630
413 566 7192
127 1155 8760
4863 873 6810
1093 963 7751
2111 1926 3533
1215 452 5713
4543 1346 4880
977 2672 8430
283 7 7916
119 4936 5451
3735 3780 5401
4208 4270 512
1332 3929 2272
2231 4286 3475
3113 4660 3251
3804 4127 233
1190 2068 4925
3854 326 8922
3242 614 2404
4793 3923 807
3524 3660 2231
4520 2859 2510
1451 3548 3173
8 1864 2782
3590 2474 1625
377 2178 113
515 3507 5801
4438 984 6985
635 275 2358
3476 2185 4322
4157 1679 9469
696 3256 4906
4299 485 3694
1342 1390 2072
2474 1217 2250
3154 4162 6243
4987 263 6614
3282 3276 1513
2455 2833 4874
4264 4526 7954
1744 592 4672
3098 4119 1768
3149 848 5067
635 1644 8545
3386 490 8698
3338 2731 6805
4504 1285 7234
4919 3581 5948
1260 479 4867
4986 595 2378
850 2240 5754
130 3745 444
330 3416 2087
1172 993 2323
2299 3222 4500
324 4773 7761
616 2179 110
3594 601 6342
1965 3960 8338
3625 2639 4658
2194 3439 5049
2700 1643 9440
3955 3268 873
4065 4071 7272
3950 4648 2891
4046 3140 822
3619 2020 9723
4738 4099 6007
85 2139 441
2583 4920 5897
4568 2464 3027
731 4708 782
3806 4785 5380
4578 1236 1567
6 643 4816
514 737 4286
3148 3096 7619
2552 2995 8075
4319 724 7743
233 4006 6150
3149 2357 6065
2536 609 1028
2419 1672 3839
2259 1643 4020
4535 4422 4870
3770 3055 9442
2404 679 2676
2009 1045 2029
4600 792 8395
4652 723 9407
3863 4999 4003
283 3270 8674
1459 1193 8487
1626 1390 770
1389 1710 4951
1239 3522 5013
664 1212 9992
3292 2419 8401
3615 4541 2763
4874 4121 746
2309 2768 5805
1022 1251 3067
4717 4452 6510
1494 4132 7166
694 4375 6104
2226 4407 993
1781 1593 1620
4065 1675 5974
2608 192 3329
3445 4394 2579
1456 1206 7553
3243 72 1055
1453 2521 8628
2672 4171 9362
294 2416 5628
421 3479 7382
2119 2215 5146
4639 2617 2918
3361 4636 9935
4005 2864 128
1861 2531 933
3224 2008 5783
1533 1536 6426
4546 4297 7684
856 1689 2999
1940 562 4877
2441 4691 336
4705 4432 5759
4318 4306 67
131 2510 722
424 1444 9971
4475 418 223
1360 1895 4515
1532 482 3284
3792 921 5522
4417 200 850
1337 4389 262
2865 3170 3639
2783 4481 3537
1208 1057 8316
2385 627 9060
3427 1279 3662
974 3623 1938
1244 587 4143
414 3475 1852
4046 2058 6563
4793 3249 3511
1888 3839 5194
545 4023 8733
1718 63 5275
362 1943 6327
4573 4001 321
4496 4035 3603
1741 1587 8506
2904 420 1274
4920 3136 9161
3812 1941 5248
3187 3 3107
1400 3044 8654
3616 2583 4827
461 2589 4618
1849 594 3971
3576 3293 6389
2601 2540 950
3104 154 2944
2781 2486 1561
1958 4919 7062
4448 3013 8398
4569 2781 7785
1313 580 4161
3790 3524 1878
1911 757 2272
4544 1272 4977
219 799 1124
1708 635 2023
4744 4226 1011
2719 3154 7864
180 3222 8306
2490 3580 3487
4486 79 6403
1745 217 8930
1717 491 4259
1789 1130 8833
1499 66 6553
1455 3994 6242
1906 500 6441
1682 2829 888
2590 3606 2284
1333 1303 2132
1740 3411 9378
3255 121 3442
2687 558 4823
3293 2453 4605
892 4473 557
1057 4377 5619
1924 1313 915
1902 335 7179
786 4725 1738
4055 4345 1931
3893 1026 2945
1564 1959 6943
4808 1205 5707
3139 3701 160
1515 2955 5832
1921 3015 8161
4909 526 7308
2071 1669 7749
2973 2516 2606
4127 4509 7414
4973 1152 4535
1257 326 8218
2977 1443 2247
100 4495 7376
4822 3338 4052
2164 4908 5270
1946 2039 415
459 3543 1867
953 1594 3597
994 1732 9720
1590 2168 4861
4809 1578 1597
3974 692 4662
4341 4460 9046
578 1994 1769
3621 1393 8373
1304 3427 6996
654 4729 4012
4543 4968 102
18 3237 7772
4738 4712 8958
1837 3706 1432
3493 716 7548
1434 1053 8429
430 2482 3618
3452 1467 9963
1016 36 9464
3019 3898 3534
459 4690 6861
980 3108 140
2158 1080 4859
611 3175 3346
4561 1251 7252
3032 3840 4045
1527 2378 9486
965 1589 2721
781 3792 4995
1422 2658 1525
639 1992 7285
1753 374 4037
236 4722 5006
1754 3924 545
3021 836 5169
575 3076 3470
3982 3443 6479
170 4407 3289
1116 4516 8708
1531 4024 1413
3668 765 7865
1129 3992 6775
3802 2295 5246
3700 1602 5331
2367 618 3979
1777 2676 481
2255 3356 4974
4716 219 6988
729 1322 978
4871 4057 7551
3064 695 974
1429 4844 8803
985 4174 5814
1992 2378 8295
2820 3386 6145
1240 4558 8241
3445 2138 6606
2734 4192 3426
4986 2170 9097
2909 191 2704
2813 4409 8697
2835 4101 6044
1453 1039 3624
4123 3542 108
3782 4575 82
2865 317 4483
1449 2617 1293
4460 3989 3831
3625 1033 9248
3903 361 8778
4940 4230 913
3189 2323 6182
4681 2632 8895
4914 4548 2855
1185 750 5150
3024 3703 7489
3485 3807 1889
3020 4217 7557
1688 1901 4033
4509 2666 6313
4631 4276 6303
2787 896 6252
801 3015 5947
519 861 8228
3850 4061 7611
734 957 7770
1400 2164 1129
1282 364 8842
3467 4132 4518
1670 54 4452
1245 1776 9453
2527 3055 382
1322 3262 6761
1553 4124 5513
124 4157 3364
3460 1980 6058
360 3719 8450
500 3343 5766
1215 1277 3946
1606 1433 6095
2634 4083 2671
3141 3415 719
4221 2137 5549
4257 4276 3964
249 3508 697
2564 1726 4118
1347 787 1585
4734 1284 8851
3172 2675 9627
3067 1873 8848
1298 4794 3113
2716 1369 7886
108 69 5487
2945 1305 5712
2860 1252 9274
4325 4219 6935
13 1718 2263
3430 1354 3306
1769 4353 5246
2594 2225 6514
3857 3542 6886
502 2893 8845
2390 4356 9493
4902 2716 6662
3923 2115 994
915 2550 218
4066 4352 4258
395 11 6529
693 651 2359
4696 1592 8047
4842 661 437
2637 1893 6179
2152 1546 4137
2856 3477 9179
3935 3915 1920
220 4154 5403
282 4833 6752
2569 226 9323
3551 3316 8333
3649 82 3856
2394 4351 8665
2732 3707 3774
652 2993 3950
2490 4990 7291
3999 4704 7376
1770 39 225
4492 1088 8043
4508 1903 6617
2679 1213 978
2721 1296 4470
2146 68 6131
2966 1432 7110
4059 3995 8978
2738 4597 8566
1890 1728 4350
1269 3019 7530
2556 557 2423
3072 1484 1956
2174 2355 7462
4548 1791 7981
4125 4897 2970
4828 1602 5265
1879 783 29
271 1399 5652
4955 1013 9938
1139 3217 9396
1069 1028 2659
4782 4365 4569
1587 2864 6663
1015 2011 2414
1734 42 9291
1892 1974 8274
4050 398 4412
2180 4232 3273
4877 4080 7250
1392 3989 4962
86 3869 6952
274 1293 7097
2317 1564 174
1679 4813 174
1772 2808 1092
864 837 5874
1658 161 2643
4199 712 7779
3959 1326 4598
253 1587 4621
3291 594 346
3097 582 2590
2448 1501 9649
2165 4468 5753
1730 4764 4471
2107 4357 6748
4856 4445 8350
87 1646 750
3230 408 5782
1833 1429 9592
4309 3240 4317
4556 4118 3751
2290 4716 2532
2181 588 1001
1782 3876 5950
2267 3992 3026
2842 2606 3229
3604 1891 462
3358 1019 7260
1878 1969 7655
906 2763 2159
2963 4662 6495
4651 557 2787
4314 34 7835
4453 3482 7160
4848 2645 4042
2379 920 4273
1672 2588 3002
4163 1589 5349
3441 3292 9838
177 2230 4187
1013 3934 5263
4285 3005 5491
1809 3375 9440
3168 2235 8503
1433 3619 6641
3741 917 6296
3138 3260 566
1895 4902 2527
2867 2481 6014
4673 4996 399
1023 3762 4929
2171 1873 5331
2147 3671 4634
4992 3736 3133
2589 4186 6360
4560 1823 6768
1110 3848 3009
1801 2468 4232
16 2133 6037
3503 2764 6034
2856 2130 8080
2604 2438 6066
3584 4714 9786
2504 453 946
4852 3137 4494
3347 43 1228
3204 680 7693
2996 3300 8663
3707 2153 1129
2734 1378 7021
3214 1236 2864
2054 818 5581
730 4352 556
4019 1077 5717
510 4649 8615
839 3280 6201
1255 4294 9415
3791 2872 9882
4110 797 5572
3301 474 5368
3081 2890 9386
3083 1678 1060
1553 3532 4894
3607 192 5838
2435 4246 1582
1859 1433 22
2520 785 381
1611 1046 61
4721 2467 3517
963 924 3178
2082 3058 9147
3175 2255 4355
950 92 7750
230 4707 8052
2980 4638 1757
799 3358 4316
2686 3137 1601
1575 2415 9809
1784 4792 5493
452 4948 3372
3076 2990 7299
1248 56 5698
377 1672 4039
230 691 8217
4364 2544 2110
2067 1904 6298
4946 659 8044
2067 2551 3525
226 4006 6309
1206 4345 5448
2863 4197 4641
4487 4394 6321
2347 1734 8629
668 2050 5771
2664 1183 720
1078 1606 455
4422 750 3597
477 1187 314
2945 2433 9952
4222 226 443
1762 4540 7145
538 2422 7293
1767 673 7424
1335 2549 6737
488 240 4794
2376 2913 9534
4483 4544 8526
4991 1181 2538
1147 3495 917
750 2019 5650
3679 3581 3262
4306 2059 1745
3819 239 9029
2357 3167 9893
4466 1810 9377
448 1697 261
190 1487 5223
2357 3953 636
3504 458 6218
3921 3004 8208
2392 3222 763
2521 4788 8287
3421 391 3941
3353 2941 7257
4638 3720 299
2766 1239 1163
1410 1612 33
1504 830 3721
4610 4693 7777
4014 2787 1366
4797 4157 3081
4756 1417 3099
1953 1157 7880
4466 3124 2348
4282 3497 5884
32 4246 7156
3543 3691 1402
3920 881 601
3545 4432 4294
471 779 5436
1702 4558 7306
892 1334 2389
3748 2043 4625
4414 3395 3435
168 3083 2878
2610 3509 9176
184 360 4055
1569 1210 32
2390 1559 5339
812 1353 1390
4125 141 1108
749 26 3689
4940 1122 632
3379 1779 9377
3241 542 9649
1205 4 9935
3454 4635 1905
827 411 1968
1603 1218 5524
939 4382 2691
676 1751 6583
405 4686 7910
4257 4383 8293
3412 596 4320
4060 283 4911
2251 867 913
4456 1216 6598
4322 1365 866
4363 3302 2177
359 2741 8669
3529 3125 9391
1511 4935 7186
1674 4368 8238
4687 4709 8380
445 3689 4494
3519 1823 8086
2501 69 5463
4572 155 9795
1526 4598 747
4379 4433 3031
2247 4766 5102
282 1713 1804
321 1922 6083
1121 1128 566
2887 1312 4875
3034 2705 7436
910 596 2748
1956 3162 1247
3896 2726 7763
873 4677 1344
3652 981 1870
1825 3049 6133
3085 3762 7928
390 701 4152
1329 4348 9939
2717 4876 6269
3778 897 1153
1358 1037 7759
279 1227 3072
3830 2657 4189
3238 875 9433
243 1501 6660
3262 4890 3638
783 2323 6271
3277 673 7469
3538 3902 1542
610 4913 5415
2656 2157 9694
2524 2969 6017
4457 2516 241
823 2306 8887
4698 4993 2353
3150 4712 3429
4783 4873 2704
2192 237 4967
3021 1268 9181
3746 1731 5072
2058 3694 3214
1743 4770 3616
1832 2038 5858
2481 1135 4611
933 3129 2268
3113 4326 4177
3036 3258 7365
463 3684 9554
3441 2731 3694
4832 4468 7121
785 3424 4869
1830 1134 7861
35 1028 8430
3658 2101 68
4613 1075 2822
1105 860 585
2506 1026 1390
4791 4872 6475
4145 3480 5751
2620 2368 1655
1135 1205 8027
3668 545 6468
2449 1972 369
852 2391 7974
3106 1229 5811
4217 4514 6835
4282 773 773
3223 254 5445
1618 3175 2069
716 2908 1560
4894 4406 1677
1906 1562 3955
50 1370 1881
3023 700 4675
1158 4357 3637
1753 2463 4377
1572 428 7738
3378 1351 1415
1195 3367 3029
3237 734 7849
390 4454 7543
3293 3941 6712
4672 2328 2405
3254 4705 7430
3157 821 8818
3326 2078 761
3842 3775 1044
1450 1262 8332
4882 4551 6310
3573 1616 9844
4956 2100 8718
556 2472 5116
217 186 2706
588 2166 9169
3935 2855 4412
2853 413 7796
419 736 6015
428 2389 8947
766 2611 1811
858 4444 1325
2049 2228 7656
1410 2445 7043
335 3954 9937
25 3162 7051
844 3176 3703
2632 831 9672
4950 3394 2655
4269 664 4144
3984 1894 4583
4332 1775 2493
1360 4786 927
4670 3452 2706
332 4537 823
4086 2431 4864
1815 1802 7243
2190 4190 4120
3427 2757 6321
1852 103 9471
4479 2656 3395
1846 1059 2377
2261 2840 3778
1141 2235 7740
3443 4185 4594
1198 1347 1013
3683 1389 6705
4673 4263 1286
2539 1688 8848
1508 738 7307
3547 279 8495
3981 2045 2208
2149 3481 9952
4627 127 818
533 4512 3777
3354 3225 4147
1707 500 4895
3671 3404 5614
310 688 4369
3401 77 7742
245 4263 4318
2602 1107 3790
3043 2582 8274
4212 3304 1926
3415 3325 8652
3382 1350 862
4459 3773 4010
3636 3366 6488
4665 2424 5835
2395 544 5288
2599 4181 2320
1828 787 9499
696 1059 2492
1477 553 7791
2807 1672 8628
3009 2977 3837
4751 4998 1527
1736 2623 9726
418 1717 9541
2128 4266 1851
2278 2025 5696
2684 1284 6576
227 4229 7958
3203 4547 1478
1658 1064 5467
4156 1039 5118
3561 2891 4790
308 4788 9560
4201 4657 4863
2026 3960 325
1055 2718 9676
1315 663 4265
1297 4725 8618
2122 4533 1587
3819 70 331
3215 2122 6830
2268 4870 4204
3417 1068 6694
2378 2534 7854
3789 4304 3863
1432 4564 7571
1297 714 5657
3539 4172 2197
1018 2718 1127
2926 2053 459
1778 1421 2862
2015 2127 8753
398 4059 7392
4120 2320 3323
1389 8 2623
4248 1828 2585
4703 2709 4478
2514 3522 492
4625 4883 2326
1584 1381 3915
4771 4960 7694
4978 2513 2866
2369 3169 5477
665 2359 4068
252 428 4880
1766 3729 6241
4961 581 7364
528 2107 2678
1342 4567 5260
3733 4422 6762
4633 4261 5140
531 4685 1685
2626 574 6812
2169 3490 920
1697 4744 5452
4003 4740 1979
3907 1007 1057
1286 1043 9313
4366 318 8710
68 4806 4840
1205 281 498
335 1540 1769
831 3159 1211
1966 414 366
4095 4359 2961
3299 3307 8604
3536 383 2570
1825 2455 2553
2854 4296 2435
1122 4305 7392
4467 693 1623
3220 1968 9478
380 2019 6675
4611 3552 3677
1887 985 8164
2363 3934 4529
1799 3419 3187
1676 1592 4151
3142 3511 2239
4654 3620 5566
276 1817 6925
4388 2594 3346
2606 263 1983
1046 2510 6780
3215 3754 934
667 2117 1590
740 507 307
3714 2198 6644
4379 1324 1248
4659 1773 800
1153 3260 7007
2565 3364 6341
4722 4477 944
3235 1782 3207
3732 613 9254
1209 2184 2210
3117 752 6504
2565 3945 6994
1194 2961 1352
3665 2047 9732
422 4334 3354
4501 1909 671
4935 1437 5911
3933 238 622
1400 2190 6873
394 2091 7377
2419 3669 6194
2459 3373 7988
595 2954 2191
3071 2120 9299
2988 2030 216
2031 4306 7176
3953 3276 6706
3351 4983 1484
1084 4790 2243
4964 2909 5246
363 3025 9637
483 726 3506
4303 2619 8128
802 3583 4084
1700 1910 3226
495 2411 4331
2618 2347 2163
484 2734 2832
2909 637 9027
923 1987 933
1105 3655 3625
2873 4464 1865
991 3077 5456
3900 2433 9377
2707 2858 2044
323 2256 9843
4196 1358 7978
3939 578 7858
3629 2192 5942
1210 509 1292
3203 2782 8823
1092 162 5247
382 114 1928
4041 72 3057
1523 3542 374
1323 305 412
2815 1807 6145
444 3722 7241
71 4229 9354
2507 2116 3388
780 4833 7620
4561 1478 6672
779 1008 8203
4508 617 5038
2283 1892 1278
299 3855 5743
1863 2767 3489
454 901 7963
2957 3489 9326
3534 3569 9685
2670 165 7527
2419 1321 9215
626 4084 5197
4931 3316 2165
418 4846 4910
511 393 6355
4668 500 982
1679 2644 3713
4775 4919 7286
3402 962 1945
913 4143 962
2470 3668 9444
918 3218 9355
2294 4406 1773
3965 48 437
4758 2113 7364
1951 1370 5659
2731 3965 1111
493 4302 1902
1917 2871 9956
3407 1810 6139
1578 3661 8317
3194 3230 1952
3700 3084 2412
210 3131 2671
3376 3086 8150
1311 3576 7746
3473 3191 6666
3583 4954 760
717 40 2886
1822 1154 5924
4823 4602 9557
2354 1175 3032
4781 2044 8473
1086 2862 3931
4648 4929 3453
4774 3354 2345
2061 1590 8569
810 2368 6171
4865 2389 193
4321 4195 961
3605 4733 5127
1950 1700 1470
163 3491 2385
1962 730 8718
40 4672 9147
4354 4520 1849
865 4760 3511
574 1150 9271
2522 3044 8245
1893 1346 8920
154 2529 2469
265 1732 3292
4097 1615 3189
3848 2936 6681
4182 759 2175
4649 3705 489
2049 3778 2027
0 1025
0 1082
0 1353
0 1945
0 1037
0 71
0 1769
0 1466
1 1251 4094 9229 1076
0 1339
0 335
0 488
0 2143
0 312
0 1451
0 90
0 1187
0 1396
1 1646 1322 5269 1933
0 1630
1 1751 2166 6914 1905
1 3305 815 606 2064
0 516
1 3818 701 5569 1596
1 4502 419 8119 1242
0 498
1 1493 791 669 1251
0 281
0 1445
0 2241
1 3656 930 6999 1953
0 964
0 1595
0 2167
0 1379
0 1252
0 1725
0 474
0 1555
1 1505 452 3572 2171
0 1886
0 1908
1 819 2893 3380 1986
1 4986 210 9860 908
0 2107
1 1394 374 1079 706
0 1534
0 1123
0 1842
0 135
0 485
0 1420
1 2438 4968 6917 504
1 1742 1623 9307 1081
0 490
1 4780 2911 2891 1363
0 1416
0 1407
0 1750
1 3080 3147 4682 544
0 1249
1 3061 3168 1973 618
1 4336 4815 3882 657
0 403
0 2180
1 583 1336 495 2041
0 1803
0 190
0 2192
1 906 1402 2229 1691
1 2604 4504 2739 1789
1 2019 3335 6510 1179
1 3244 2686 8491 1098
0 833
0 317
0 2224
0 808
1 2201 3806 5596 1316
1 2449 4567 8512 2090
0 1151
0 1542
1 3114 4281 9846 1398
0 1372
0 1207
1 4861 4367 8478 1110
1 2261 3897 285 1132
1 3827 3920 7550 606
0 1368
1 4176 1965 7271 839
0 1805
0 479
1 484 147 9091 63
1 3104 1016 1966 1529
0 1898
1 4928 4655 7957 1962
0 375
0 976
0 1819
0 1176
0 1464
0 2123
0 1459
0 1238
1 4162 2255 5611 424
0 308
0 966
1 159 2154 7839 2188
0 1992
1 2204 4198 3442 583
0 16
0 1932
1 3975 3811 4208 1560
1 913 3708 5189 2116
0 656
1 2169 4050 9719 1978
1 1717 3471 9875 637
1 1626 4136 3913 1385
1 3167 2869 9215 729
0 1186
0 1617
0 1177
1 4599 3154 8593 1312
1 3295 2044 3559 730
0 1540
0 1523
1 2687 2505 651 47
0 435
1 4941 1311 6604 1324
1 4393 595 4753 951
0 1840
0 249
0 901
1 1354 2445 4037 1061
0 592
0 942
0 379
0 2140
1 3007 3408 7293 2005
0 1196
1 4212 771 2074 2010
0 1794
0 1328
0 524
0 57
0 744
0 1479
0 1966
0 244
0 1684
1 2423 269 7058 2208
0 1330
0 350
1 2897 3258 4690 1044
0 2183
0 405
0 1969
1 336 1544 3303 2014
0 1310
0 1111
0 1991
0 960
0 1747
0 921
0 2105
0 1493
1 2344 2697 1258 1000
0 2120
0 1716
1 4211 1623 9120 1354
0 2102
1 2224 645 3530 1758
0 351
0 521
0 1818
0 1340
0 1444
0 677
0 1206
1 1071 3607 9499 1468
1 2209 840 4245 178
0 279
0 340
0 626
0 1853
0 517
0 1715
0 40
0 232
0 1350
1 2597 1926 8975 1797
0 1284
1 3942 4968 3972 2051
0 1834
0 1475
0 1928
0 1119
0 970
0 2190
1 4779 1557 9846 1388
0 1192
0 558
0 2109
0 1484
0 1640
0 2049
0 1139
1 1588 2880 9299 1021
0 1642
0 1422
0 1026
1 3638 3400 2471 194
1 4003 1436 9440 1616
0 1848
0 840
0 1645
0 712
0 80
1 404 4586 1869 1010
0 648
1 3306 4629 8201 2042
0 182
0 2097
0 1338
0 2213
1 1658 506 2964 988
0 1935
0 383
0 1167
1 1171 3043 8544 363
1 2867 3079 7091 1190
0 343
0 1427
0 1773
0 978
1 3165 1171 5651 27
1 4014 1418 3971 1650
0 2157
1 4592 2820 4503 1865
0 1550
0 1976
0 584
1 1000 1993 7805 955
0 958
0 1653
0 2004
0 1832
0 1094
1 1769 4580 1157 75
0 2058
0 1424
0 835
0 9
0 2217
1 222 2787 8561 1876
0 1218
0 868
1 364 3995 9104 1658
0 1948
0 2002
1 4391 4105 1618 1770
0 35
0 11
1 4877 1889 9275 506
0 1419
0 1079
0 682
0 1601
0 1784
1 89 2519 5090 1168
1 2286 3529 903 1652
1 1941 86 3960 82
0 639
0 1899
0 2017
1 2894 132 7304 573
0 945
0 450
1 88 563 206 1219
1 2908 3930 9484 1034
1 1803 2316 3241 1760
0 439
1 2854 4975 6080 1435
0 627
0 2016
1 335 1000 3770 854
0 1389
0 204
1 1376 4658 2864 798
0 1318
1 4731 2190 8247 680
0 1114
1 802 1345 836 31
0 660
1 4680 3989 9934 1802
1 4096 1819 1980 1250
0 86
1 4057 2842 6172 604
0 269
1 1036 2301 7362 1922
0 823
0 1798
0 2184
1 3852 4220 6951 1673
1 3567 959 9792 1303
0 1018
0 925
0 785
0 1774
0 713
0 256
0 1383
0 1150
0 869
0 2000
0 1247
1 376 375 9096 1705
1 4601 873 417 2145
1 187 2775 9767 2151
1 1149 1579 1483 1193
1 1511 4155 7417 1909
0 373
1 1975 866 9395 667
0 650
0 2121
0 726
1 3802 1694 1168 511
0 1012
0 388
0 1202
0 457
0 1197
0 1973
0 2111
1 1494 2077 8708 1912
1 4896 202 1764 1375
0 1623
0 1974
0 1538
0 1254
1 2986 3800 1424 1995
1 4057 396 2550 709
1 898 1741 2098 1064
0 880
1 4544 1601 2910 1850
1 1721 3026 813 151
0 1376
0 743
0 486
0 642
1 1088 1443 797 138
1 1150 4034 5699 242
0 1755
0 1107
1 2662 3804 6181 534
0 29
0 872
0 1392
1 2982 4079 9583 947
1 2269 4991 7256 1648
0 1085
0 1116
0 1698
0 1295
0 292
0 1052
1 2042 3940 7523 903
0 531
1 2464 1151 8062 303
0 1726
1 1519 2443 6504 43
0 552
1 527 4694 6505 1733
1 754 4088 7696 932
0 1654
0 362
0 1610
0 1620
0 1554
1 3436 3348 5800 2173
0 1153
0 307
0 2054
0 74
0 991
1 1550 4229 6842 2172
0 1056
0 1002
1 3205 3652 5456 1808
0 1981
1 1424 4489 9857 1323
1 217 258 9692 1578
1 1859 862 1403 600
0 1746
0 2207
0 407
0 1641
0 2240
0 1237
0 348
0 2135
1 4880 4922 1195 507
1 2689 3039 4223 1157
0 1097
1 3574 2335 4846 1744
1 684 3360 3459 2106
1 1340 2030 4156 987
0 2142
0 188
0 555
1 4930 1028 7845 2155
0 1604
0 225
0 248
0 1521
0 1740
0 271
1 4008 2118 361 1430
0 695
0 670
0 2153
1 3699 3463 47 337
0 1348
1 2887 2772 9432 1598
1 4376 600 4253 296
0 1158
0 1988
1 2290 3635 7016 1507
1 1324 3563 9937 1629
1 3609 4706 1201 1722
0 579
1 4835 1995 6330 2118
0 459
0 434
0 589
1 505 707 1934 647
1 401 3791 3429 675
0 76
0 1406
0 1768
0 1047
0 175
0 1636
0 981
0 227
0 882
1 2209 2431 3105 1500
0 159
0 2175
1 19 3856 1107 948
0 1199
1 3477 2902 9693 366
0 2085
1 2837 1966 9580 1103
0 1356
0 800
0 2225
0 569
0 466
1 4554 100 5698 1165
0 1003
0 2138
1 3494 125 621 781
1 4634 1297 9285 1185
0 2025
0 440
0 1080
0 2063
0 210
1 722 4877 6221 1467
0 1622
1 3745 2309 6075 1924
1 1058 90 6328 1320
0 1695
0 1086
1 3843 3720 1371 1535
0 1230
0 1836
0 1697
0 321
0 318
1 1905 1962 8456 446
0 1776
0 1231
0 1399
1 3347 1284 4427 172
0 462
1 476 61 2995 1289
0 674
1 1460 236 9925 1434
1 1396 454 822 332
0 2018
1 3212 1690 6783 594
0 1497
0 924
1 1625 4481 6083 1440
0 858
0 1456
0 827
0 609
1 4784 3347 3007 725
0 102
0 1209
0 1253
0 1263
0 554
0 1367
0 433
0 699
1 4813 4468 7462 973
0 148
0 2185
0 1448
0 1265
0 1607
0 377
1 1793 1145 5651 540
0 416
0 599
1 4067 2907 1360 1906
0 664
1 1442 970 448 1827
0 91
0 1065
0 593
1 4850 4639 1594 612
0 386
1 2475 2639 1689 2023
0 1141
0 265
0 760
0 1506
1 4792 4884 5745 1843
0 1563
0 298
1 47 4589 4018 887
1 2940 4761 1197 1390
0 196
0 1821
1 4237 4614 1401 411
0 1138
0 1359
1 4257 4603 6652 1129
0 645
0 669
1 3493 1466 6523 1889
0 768
0 1781
1 4548 1368 8492 865
1 3080 4246 2722 1791
0 1918
0 837
1 4236 3409 8798 1743
0 533
0 2231
0 1184
0 1955
0 8
0 1404
0 468
1 2507 2643 6630 813
1 4952 1687 8809 2232
0 759
1 4566 4042 1388 88
0 1670
0 1378
0 724
1 4206 4690 7115 1950
0 2159
0 305
0 553
0 1657
0 460
0 496
0 1201
0 257
0 1556
0 2210
0 1511
1 1726 4965 5628 1041
0 1881
0 1717
0 1870
1 3301 1524 6536 372
0 1498
1 824 3989 4279 1463
0 1405
1 4635 3537 1480 2193
0 676
1 1999 1948 8646 939
0 1462
0 1619
0 889
0 1557
1 3312 4139 6902 2046
0 1125
0 1029
1 912 1413 9250 897
1 2043 2644 5374 687
0 1059
1 835 114 7796 1709
1 1679 1980 7318 1315
1 4028 1656 7479 2203
0 314
0 1128
0 255
0 1102
0 1571
0 1314
0 801
0 1549
0 1042
0 1280
0 1046
1 1824 177 3382 1993
0 49
0 493
0 464
0 1849
1 1481 658 5322 1815
0 998
1 355 2949 5946 818
1 2982 115 2342 1118
0 1480
1 1457 2934 4424 2099
0 347
1 4777 3378 8815 1306
0 1514
1 930 4668 1278 1681
0 1767
0 920
0 1822
0 1723
0 577
0 2156
0 1675
1 1231 4472 1807 1070
1 1668 2193 8699 251
1 785 1374 6071 826
0 117
0 979
0 473
1 636 1650 4314 431
1 655 4762 3792 491
1 4494 2166 3605 2003
1 4429 2045 1935 527
0 2182
1 3101 3593 1959 902
0 218
0 167
1 1268 4453 2961 224
0 272
0 284
0 1438
1 2724 1412 6632 169
1 1426 1327 1907 1476
1 4533 4267 6005 2237
0 1001
1 1223 929 8328 384
0 1414
0 322
0 2169
0 465
0 1524
0 508
0 41
0 788
0 1491
0 1371
0 937
0 1496
0 2074
1 1887 4224 421 950
0 329
1 4178 2968 8480 1864
0 152
1 1773 2906 4510 697
0 171
0 1786
0 1882
1 423 1002 8561 1720
1 2465 3106 5398 653
0 85
1 409 2743 7748 1439
0 845
0 2239
1 1428 2015 6489 694
0 739
0 2234
0 1016
0 1039
0 567
1 4662 1745 998 1573
0 1952
0 1854
0 537
0 176
0 1164
1 509 1516 5213 778
0 919
0 1481
0 900
0 1161
0 980
1 1942 4605 5316 1575
1 243 1674 717 2209
0 1868
1 2111 4910 1684 1054
0 455
0 226
0 238
0 2067
0 560
0 6
0 1245
1 3071 1771 385 1501
0 246
1 2883 998 7568 1180
0 1299
1 2475 1173 1579 1772
1 4679 2319 8201 1574
0 108
0 268
0 1093
1 721 2515 8768 1346
0 430
1 2521 1431 8620 814
0 705
0 1983
0 1134
1 4774 1519 247 2154
0 1621
1 3407 1324 7208 415
1 4111 2800 7314 1239
0 734
0 633
0 1708
0 2050
1 3476 4197 714 1078
1 4008 3504 6773 436
0 977
0 2132
0 1931
0 1812
0 806
1 1907 1069 8699 2139
0 387
0 551
1 1944 4708 9288 1572
0 376
1 2920 4156 9838 1566
0 1437
0 355
0 2065
1 1397 802 7725 993
0 2197
1 3060 3845 5627 1762
0 1844
1 1677 560 8335 499
1 3595 4987 6623 598
0 797
1 1083 4769 8111 1667
0 1677
0 2127
0 949
0 4
1 713 4582 8289 999
0 150
0 425
0 736
0 461
0 1485
0 1325
1 736 2398 1757 1728
0 1077
0 1790
1 943 1228 6797 1023
0 2178
0 2206
1 4870 3759 6418 234
1 1291 1098 1756 879
0 1795
0 2211
0 783
0 1384
0 1937
0 727
0 795
0 2036
0 707
0 165
0 1926
0 843
0 497
1 3092 3523 5474 770
0 1124
0 1990
1 3755 3693 7557 78
1 1336 1095 737 2130
1 2603 2781 4040 1220
1 1667 706 8385 1232
0 672
1 3324 2907 4224 1921
0 1951
1 2340 1750 1706 1867
0 326
0 717
0 2073
0 1816
1 208 3757 2568 602
0 401
0 1229
1 1430 4314 3294 2082
0 105
0 878
1 3796 4776 9237 1975
1 600 134 5458 2204
0 1997
1 2503 1932 9148 2186
0 1095
0 1063
0 1212
0 1271
0 156
1 4221 3367 3375 1319
0 1605
0 46
0 301
1 4372 2397 5521 1005
1 1908 1247 9117 1820
1 3284 2336 3615 1457
0 1305
0 1585
0 344
0 721
0 136
0 1828
0 515
0 18
1 1727 924 433 1499
0 214
1 1662 4266 8550 1145
0 1520
0 1700
1 1596 3178 2398 829
1 3803 4290 5890 1683
0 212
1 2070 2975 875 458
0 1067
0 44
0 1502
0 2199
1 763 1230 2051 1713
0 2095
0 996
0 1765
0 1646
1 990 647 4350 1874
0 809
0 773
0 691
1 1840 2235 3614 816
1 494 707 4972 1051
0 480
1 3795 3432 655 353
0 72
0 413
0 12
0 812
1 3204 4560 440 2131
0 477
0 1290
1 2168 3528 6445 1256
0 2022
0 2129
0 1270
0 1957
1 3535 274 4564 92
0 1934
0 1989
0 2026
1 2120 1640 4281 131
1 200 1847 8127 412
0 2117
0 590
0 319
0 65
0 686
1 4334 3772 5696 157
0 1914
0 70
1 3151 4997 5791 30
0 1148
0 1696
0 104
0 1804
0 822
0 1764
0 1766
0 1347
0 636
0 107
0 723
1 2876 1203 3099 679
1 3712 2587 5210 119
1 219 913 7005 1576
0 1649
1 4448 4527 8236 762
0 258
0 161
1 1567 1919 9606 1244
0 2100
0 1567
0 1753
0 559
1 525 1996 2923 391
0 1301
0 2098
0 883
0 2119
1 4027 1428 9691 2007
1 2870 3772 5420 714
0 1366
0 557
0 241
0 166
0 1217
0 1809
0 146
0 1859
0 1799
0 1810
1 3319 1044 8729 1362
0 2035
0 358
0 1075
0 525
0 941
0 1831
0 81
1 2879 4828 7064 1053
0 2078
0 769
0 1703
0 1268
0 1655
0 420
1 763 2906 8707 1261
1 3901 4298 7578 1066
0 1551
0 758
0 692
0 438
0 1761
0 629
1 2997 550 1290 261
0 1913
0 1544
0 1779
0 342
0 389
0 1665
0 1702
1 3250 2699 9324 216
1 600 4127 5151 2092
0 940
0 106
1 4012 4881 2021 236
0 2
0 289
0 294
0 1599
1 2077 2145 7089 1927
0 385
0 1552
0 866
0 1288
0 1374
0 1862
0 1183
1 4328 4826 647 1923
0 230
1 2323 2244 6816 1211
1 3894 4549 7371 811
0 1313
0 426
0 1531
1 1335 1723 6797 1688
0 390
0 185
0 832
0 2198
0 451
0 1852
0 2158
1 4220 114 72 1880
0 183
0 1259
1 3521 750 9759 1527
0 197
0 368
0 1099
1 3681 3478 6289 1130
0 2032
0 199
1 3242 4137 1295 2029
1 2107 3526 3412 1452
1 3772 4633 7131 23
0 283
1 2908 849 3458 1593
1 3094 4607 4497 741
0 245
1 4182 46 3540 1907
0 315
1 1033 944 6255 93
0 1582
0 1825
1 3773 4100 7680 1489
1 4673 1012 3423 810
0 1235
0 140
1 937 744 2520 1979
0 365
0 2104
0 2236
0 613
0 922
0 288
1 3396 571 8430 1792
0 1943
1 3628 4840 1027 1269
1 500 619 4810 177
0 1210
1 3764 3197 4963 757
0 1432
0 1635
0 1916
0 1559
0 2137
0 1300
0 539
1 1048 1857 4652 1294
1 2849 1377 9283 535
0 333
0 603
0 1669
0 67
0 786
0 338
1 186 1026 5259 160
0 850
0 997
1 1117 134 4354 1336
1 267 2146 8174 1400
0 2033
0 356
0 345
0 1643
0 1365
0 22
0 1454
1 995 47 5538 1505
0 1856
1 349 647 4117 33
0 556
0 1258
0 1170
0 1264
0 428
0 2047
0 856
0 1775
1 812 4969 2309 39
1 1662 3448 1084 543
1 1899 1190 3169 1710
1 259 4989 7820 994
0 285
0 666
1 4970 4127 9436 586
0 189
0 126
0 1225
0 2216
0 967
0 936
0 944
1 3216 3821 6254 220
1 4531 597 1823 187
1 4278 2125 7303 1631
1 4137 3413 836 1433
1 1664 769 949 1668
0 1679
0 2039
1 1576 3454 2157 1173
0 1826
0 62
0 671
1 1815 4939 7935 2202
0 644
0 918
0 1707
0 125
1 419 1066 6018 1208
0 1829
1 3774 3132 2271 453
0 1793
1 81 4238 2002 505
0 1724
0 302
1 2507 4461 154 1824
1 1416 637 7669 1120
0 2015
1 1298 2199 3350 2161
1 1167 2368 505 469
1 4558 1826 9925 1987
0 276
0 791
1 3617 1181 8024 1181
1 81 3261 1439 352
0 221
1 299 4384 4388 282
0 1513
1 4868 1742 2831 696
0 200
0 1533
1 4034 625 7469 1395
1 863 3781 6586 1996
0 520
0 1203
1 4979 4621 3438 2124
1 1274 2976 4125 1266
0 2040
1 3511 3935 4454 2174
0 1956
0 278
0 1757
1 1244 1891 9797 673
1 3122 4623 1262 37
1 144 3479 5299 2108
1 483 347 3083 1248
0 591
1 4248 2964 4025 541
0 1686
1 211 2660 2353 1759
0 1687
1 2031 1712 4756 1068
0 1586
0 1719
0 857
0 1892
0 870
0 710
0 518
0 139
1 1842 2632 1280 1332
0 2170
0 143
1 1306 369 1328 180
0 529
1 511 2421 3461 1297
0 1961
1 4787 4553 9503 538
0 1530
0 1603
0 1276
0 1894
0 2052
0 1872
0 542
1 1440 3778 3693 2068
0 432
0 1045
0 622
0 1936
0 732
0 572
1 1206 400 8257 2179
0 2230
1 2097 3524 9451 306
0 1172
0 52
0 1488
0 1763
0 2103
0 761
0 1027
0 1985
0 32
1 2054 648 1598 1458
0 427
0 502
0 1589
0 1735
1 1815 4336 5996 1341
0 1583
0 101
0 765
0 1461
1 4970 2525 6328 1397
0 1355
0 55
0 1415
0 1279
1 2848 4106 6502 20
1 3301 2934 7485 2191
0 1855
0 59
0 703
1 3825 4055 1990 1293
1 1716 273 1493 1358
0 154
0 205
0 1980
1 684 4830 4849 2070
1 3910 825 8604 803
1 1 2240 1061 1494
1 4646 2000 5144 422
0 990
0 170
0 360
0 873
1 3082 4810 8408 1660
1 2756 3562 5284 2229
0 2056
0 100
0 1664
0 779
0 1897
1 914 4411 787 784
0 295
0 2037
1 685 4623 6298 1689
0 1837
0 423
0 286
0 1787
1 922 3669 6275 132
0 1517
0 1436
0 1780
1 1346 696 6858 1712
0 1690
0 1401
0 1050
0 2093
0 1030
0 745
0 1473
0 58
0 316
0 1449
0 327
1 1695 2656 6062 1453
1 4423 659 4707 228
0 1214
0 851
0 2053
0 2071
0 1866
0 1942
0 1546
0 273
0 2001
1 3657 418 5944 1972
0 1377
0 400
1 570 1367 915 853
1 2416 172 7239 137
1 2104 1175 6094 2113
0 1671
0 1729
0 467
1 1673 1900 6138 1536
1 4687 43 85 992
0 1380
0 1364
1 4286 1013 7357 237
1 3190 2975 877 1137
0 1879
0 895
0 447
1 2052 1873 78 396
0 1785
0 1162
0 2101
1 1324 30 4015 361
0 219
0 2061
0 1878
0 1911
0 578
1 2863 1251 2127 961
0 2195
0 1782
1 4323 2577 7570 36
1 1153 3305 472 240
0 1634
1 3802 1594 8747 1591
1 1939 4640 326 7
0 1277
0 2194
1 3694 4068 8245 1112
1 2219 1040 3063 1754
0 1014
0 2059
1 1011 4675 9119 1504
1 931 4146 2779 630
0 787
0 566
0 962
0 158
1 208 2110 4136 1597
0 766
0 501
0 1608
0 877
0 611
1 1470 4403 6907 1191
0 1262
1 4587 3860 4724 733
0 617
0 1998
1 3743 2804 1426 13
0 203
0 685
1 619 298 1344 2176
0 1925
0 654
0 742
0 1811
0 690
0 1492
1 4641 1044 4631 975
1 4237 2607 3297 2072
0 1198
0 2166
0 862
0 2233
0 1174
1 1989 1986 8253 293
0 852
1 1584 2749 8382 414
0 1369
1 4182 4241 157 1146
0 1088
0 184
0 494
0 149
0 1625
1 2610 1817 3020 1108
0 1442
0 2110
0 2126
0 777
0 1403
0 1699
0 1895
0 267
0 763
0 643
1 2651 3271 1700 1584
1 3383 4506 6579 1954
0 1410
0 2094
0 1626
1 483 1498 8097 1606
0 2177
1 557 4546 5570 1296
1 1135 2541 8950 2147
0 1946
0 536
0 912
1 2725 2087 541 223
0 1637
1 2986 3965 1792 863
0 476
0 201
0 1893
0 753
1 1015 2441 1078 684
1 4769 4014 4167 48
1 1403 42 1067 129
0 718
0 790
0 663
0 574
1 101 808 8043 1714
0 1460
0 892
0 112
0 751
1 4179 617 7447 320
1 479 4269 4303 115
0 1891
1 2914 2751 165 124
0 1292
0 689
1 2830 4698 6803 661
0 971
0 481
1 4882 443 1949 275
0 1317
1 1297 1130 1622 1748
0 253
0 2008
0 1163
0 867
0 1469
0 746
0 471
0 561
0 1455
0 509
0 1113
0 2031
1 3334 2422 6509 526
0 1106
0 688
0 708
1 819 1338 4289 1226
0 625
0 570
0 514
0 247
1 4982 281 4957 378
1 77 4712 2310 1069
0 45
1 313 2502 9873 1570
0 1807
1 1936 1253 5110 1020
1 2921 3118 8021 1587
1 4071 303 6769 1478
0 2133
0 84
0 1015
1 78 773 8924 731
0 668
0 141
0 528
0 1508
0 1877
0 3
0 2227
0 1360
1 144 768 8624 1302
0 1101
1 3069 350 3787 1105
1 2091 2473 7391 605
1 1545 2178 2776 1752
0 1127
0 985
0 1144
1 1833 4225 3757 429
0 1275
0 834
0 1285
0 1838
0 1588
0 905
1 3210 3359 9439 1033
0 1638
0 752
0 953
0 207
0 448
0 1425
0 615
0 1547
1 1860 3656 133 1058
0 1959
0 580
0 1915
0 1274
0 38
1 2520 2779 5883 582
0 339
0 1526
0 2057
1 4761 4214 4248 1090
0 1465
0 623
0 1043
1 1707 3359 6054 2144
0 2160
0 2011
1 4490 2099 1505 1884
0 1949
0 2164
0 163
0 1756
0 855
0 19
0 1055
1 3566 4171 9163 817
0 1022
0 122
1 1506 2199 5576 792
0 720
1 614 4098 4954 747
0 127
1 3769 2127 2217 79
0 1553
0 935
0 1833
0 2136
0 1706
0 926
0 1977
0 419
1 4993 4879 6862 1487
1 4352 3273 955 737
0 1008
0 585
0 982
0 1160
0 748
0 1204
0 631
0 2134
0 930
0 2222
0 565
1 2955 4094 5294 1267
0 927
0 1482
1 1826 4821 4419 1518
1 2609 3358 3287 1577
0 601
0 1741
0 359
0 324
0 1516
1 4226 4729 8943 1031
0 1140
1 815 2642 8052 1428
0 323
0 1656
0 963
1 150 4323 2511 1515
1 3876 443 7431 2030
1 972 1689 3975 2115
1 3593 510 3503 789
1 2896 4707 8300 2081
0 128
0 1490
0 1674
0 608
0 1788
1 4028 2105 381 1910
0 354
0 989
0 357
0 828
0 181
0 1243
0 2226
0 1334
0 825
1 3930 4832 8114 588
1 2160 2002 568 740
0 1357
0 1412
0 10
0 277
1 2011 4515 3706 26
0 1839
0 304
0 299
1 1396 764 2524 1539
1 1622 1448 9817 1618
0 819
0 1004
0 1939
0 864
0 2027
1 1866 898 4658 1734
1 1608 4943 3086 2128
0 1222
1 3673 4093 5883 576
0 193
0 1742
0 715
1 1175 1836 3368 876
0 1964
0 756
0 1522
1 4389 3727 4899 1373
0 475
0 754
0 1409
1 4758 3062 1389 1032
1 2443 1062 2642 1678
1 2724 74 255 1919
0 98
0 1272
0 1260
0 874
0 871
0 173
0 1171
1 3659 3969 5541 346
0 192
1 356 4710 8390 1967
0 923
0 186
0 164
0 1676
0 1215
1 2012 4673 6242 1751
0 445
0 2038
1 3460 3968 6574 1568
0 1701
1 1823 187 5704 1327
1 1557 1210 2854 153
0 252
0 934
0 15
0 66
1 593 4843 3181 1873
0 1006
0 1796
0 1126
0 1614
0 1512
0 595
0 1166
0 1672
0 1890
1 4417 3161 3304 114
0 1331
0 1241
0 364
0 1800
1 3690 2457 3168 1062
0 243
1 4856 2980 4381 1223
0 1615
0 1569
1 2434 606 6082 233
0 297
0 804
0 1938
0 1109
0 24
0 97
0 2235
1 1798 4014 7838 444
0 716
1 4846 2875 5358 21
1 2360 4910 3696 2122
0 2200
1 1591 299 512 134
0 1228
0 830
0 2112
0 2149
0 658
0 2075
0 2189
0 1019
0 1391
1 158 4907 1298 1474
0 1234
0 382
0 113
1 134 1257 319 1298
0 587
0 628
0 1421
0 121
0 1307
0 2012
0 894
0 2168
1 30 2846 648 1282
0 406
0 222
1 1096 4740 9152 1370
0 1600
0 2062
1 139 732 2944 270
1 1705 1562 1730 820
0 1194
0 116
0 896
0 2045
0 564
0 77
1 2926 4708 9868 1940
0 145
0 1071
0 1644
0 217
0 1175
1 3368 3999 9417 891
0 1887
0 2096
0 1845
1 4437 4853 6250 370
0 42
0 1333
0 369
1 1013 2324 8011 1663
1 4650 2717 3210 349
0 1847
1 3874 3783 7654 1628
0 229
0 404
1 3349 4623 7454 815
1 4892 4970 2043 1632
0 1246
0 2205
1 4949 1602 7589 235
0 1541
0 1447
1 3588 2778 6912 899
0 831
0 60
0 2196
0 911
0 144
0 906
0 452
0 846
0 1441
0 380
0 2077
0 1072
0 1851
0 1326
1 4247 102 7994 522
0 1117
0 213
1 1383 4869 4302 1216
0 1142
0 1387
0 1900
0 1096
0 844
0 1221
0 1704
1 4109 4516 1863 1509
0 550
0 2220
1 4971 4603 6732 262
1 1422 932 9158 545
1 709 4670 7296 1960
1 2782 1072 924 399
0 2162
1 4924 4367 6662 1875
0 1013
0 875
0 886
1 1864 3775 3208 1737
0 250
0 780
0 1739
0 1278
0 2076
1 1702 1936 204 1749
0 1994
1 860 3239 5444 1443
1 1267 4263 8342 287
0 1048
0 1321
0 53
0 1651
1 866 1918 5505 96
1 727 2952 5889 1136
0 487
1 1090 592 1231 836
0 635
0 2019
0 1627
0 1486
1 4235 4702 8915 2212
1 259 3590 7909 764
0 456
0 1411
1 596 4124 1035 2087
1 4632 2537 4697 64
0 266
0 2223
0 1011
0 1528
0 1337
0 195
0 155
0 909
0 483
1 868 571 893 1345
0 51
0 73
0 1639
0 624
1 3178 785 7477 890
1 504 2112 2412 530
0 965
0 1083
0 1947
0 1154
0 1351
0 1156
0 310
0 904
0 1745
0 775
0 1200
0 1609
0 1394
0 239
0 118
0 1143
0 1393
0 1024
0 1205
1 636 4583 8414 392
0 767
0 1309
0 1958
0 1685
0 547
0 397
1 1398 4123 6277 99
0 750
1 4651 1882 4101 1402
1 1788 4695 9028 336
0 632
1 2066 4494 4500 1417
1 3992 1400 6857 969
1 1574 4602 7677 1982
1 1701 3592 2011 198
0 986
1 1805 3600 4738 25
1 1236 2341 1267 1423
0 722
0 2201
1 1918 3643 7613 711
0 968
0 130
0 619
0 841
0 1718
0 1662
1 4869 4709 5813 1727
0 859
0 1813
0 1122
0 1860
1 3875 809 3925 1257
1 1296 3099 9528 418
0 1519
0 123
0 972
0 956
0 1233
0 799
1 3729 2280 2653 1
1 1133 3786 8631 54
0 1060
0 1472
1 2652 2545 5361 2088
0 341
0 929
1 495 692 1701 1169
0 2218
0 211
1 4233 3592 5111 2114
1 4345 2994 5295 1680
1 3494 1909 8757 328
1 2347 2752 1221 402
0 681
0 1308
0 17
0 2021
0 1883
1 4319 531 2781 802
0 1941
0 1510
1 3991 1847 1179 735
0 616
0 1255
0 408
0 2146
0 2055
0 231
0 568
0 1904
0 290
1 2087 3948 665 1783
0 109
1 3233 2407 1682 381
1 4626 3000 720 2152
1 1731 3596 8292 575
1 2356 160 9629 331
1 1651 1032 3330 916
1 4901 1840 6566 374
0 1477
1 2662 605 5295 678
1 1427 4447 2945 291
0 1830
0 597
0 1342
0 2181
0 2163
1 4294 3319 3658 915
0 254
0 2080
1 1222 2101 6013 1863
0 772
1 2652 749 6304 1147
1 94 1836 4795 14
1 3148 3312 5514 1343
1 1805 1703 333 1089
0 442
1 3364 2099 2837 655
0 1661
0 848
0 449
0 782
0 2084
1 4692 3950 2047 638
0 2044
0 1213
0 1548
1 1100 3838 7157 974
1 2817 3177 2491 2060
0 2043
0 957
0 1386
0 313
1 35 3702 6096 1349
0 931
0 861
0 274
0 563
0 2215
0 1092
0 179
0 1903
0 443
0 1311
1 86 434 9771 1135
0 1602
1 3167 1824 5687 1471
0 513
0 174
0 437
0 371
0 1503
0 1446
1 4466 1570 4308 83
0 1561
0 646
1 3378 682 1663 1537
0 1007
0 1611
0 1182
0 548
0 1152
1 1627 3795 7459 701
0 983
1 4373 2527 3208 1861
0 1612
1 115 1380 7360 938
0 89
0 610
0 702
0 917
0 202
0 1777
0 910
0 1738
0 395
0 1418
0 893
1 2681 2443 2157 2079
1 4760 4746 2845 984
0 641
0 614
0 367
0 1801
0 1100
1 2519 1285 1446 1091
0 454
1 2466 2200 7248 1195
0 208
0 649
1 695 1804 608 651
0 1532
0 1778
1 98 2058 3231 621
0 928
1 3419 4147 9188 805
1 1528 1837 822 1159
0 1431
0 546
0 2141
0 1999
1 2827 2220 6663 620
0 147
0 1121
0 2069
1 1712 3631 7505 1273
0 1917
0 581
1 3539 477 9546 330
0 2048
0 523
0 1291
0 884
1 4097 858 3623 1592
1 336 1958 3744 478
0 61
0 1224
0 398
1 1105 1335 1065 280
0 325
0 1073
0 142
1 1744 1320 6675 512
0 933
0 1666
0 1968
0 206
0 959
0 2024
1 505 3166 1407 549
0 1580
0 794
0 50
0 503
0 110
0 2150
1 3305 3278 9999 807
0 640
0 1930
1 1077 1503 9833 1846
0 120
0 1188
0 755
0 954
1 2176 2519 8714 2228
1 2729 1122 9200 2148
1 3031 1544 6800 1329
1 231 4846 5051 441
0 1659
0 87
0 410
0 693
0 2086
0 1382
0 1381
0 885
0 1857
0 2219
0 191
1 876 3456 9239 1869
0 1558
0 1647
0 482
0 1495
0 952
1 867 2377 8170 1545
0 1040
0 1858
1 4909 2934 5961 860
1 3508 4270 6521 1227
1 419 645 3770 1038
0 1115
1 3915 2143 5749 596
0 470
0 1283
1 755 2550 5243 69
0 68
1 45 2435 7717 943
1 2724 2296 4797 849
0 2009
1 1100 1828 5160 1633
0 1525
0 1352
0 489
0 634
0 94
1 1380 13 2206 728
0 215
0 662
0 1731
0 821
0 907
0 652
0 1035
1 2763 2280 1423 847
0 704
0 2066
0 1131
0 2013
1 3978 3903 9401 1841
0 776
0 1594
0 2187
1 3661 4016 7028 913
0 1732
0 56
0 700
0 1711
1 1174 564 2728 2238
0 1104
0 1408
1 4938 1317 5249 1590
1 4192 1076 5324 1133
1 712 3962 792 1413
0 914
0 888
0 421
0 209
1 1845 768 685 842
0 683
0 571
1 434 2162 6886 1971
0 771
0 1543
0 1429
0 796
1 3122 3133 8653 774
0 1823
0 898
0 881
0 1057
0 2221
1 2001 3573 6839 1814
0 264
0 793
0 1236
1 4020 2601 5462 1944
0 1771
0 510
0 1682
0 162
1 4071 437 345 2020
0 472
1 4067 4960 9724 1361
1 1130 1744 419 1613
1 3580 3876 3638 719
1 2261 1272 6742 838
1 4651 4767 6310 1965
0 1970
1 104 4444 9648 1693
0 519
0 1817
0 259
1 1909 4373 114 417
0 103
0 1902
0 500
0 562
0 1888
0 659
0 1835
1 124 4132 1966 1450
0 1579
0 2125
1 731 2136 5296 133
1 3405 3367 1429 1087
1 2982 2792 9691 824
0 1017
0 1240
1 1418 1986 5939 1721
1 719 2638 672 1036
0 607
0 1304
1 2313 138 4534 1189
0 484
1 133 4017 4380 1624
0 34
0 495
0 334
0 1483
0 1896
0 1963
0 1009
1 4444 143 8438 1565
0 300
1 1837 3027 295 5
0 1287
0 463
0 1155
1 738 1172 9988 1564
1 3788 904 8571 260
1 1669 2468 5274 1929
1 1456 1326 7748 1178
1 4763 3070 8330 1470
1 4013 3144 9200 1694
1 654 4281 9361 1581
0 749
1 3153 454 4168 1562
1 2103 1000 5902 1074
0 2028
0 1322
0 1730
0 168
0 2089
0 394
0 665
1 4158 1247 1533 1344
0 995
1 4710 611 3026 1736
0 2091
1 746 2185 1233 1692
0 393
1 226 4953 5341 263
0 2214
0 111
1 3918 4732 6134 1806
0 1286
1 2111 2467 3634 311
1 2036 1295 6054 1984
1 648 1455 2520 28
1 4885 285 7450 1335
0 1871
0 738
0 2165
1 3605 689 7694 309
0 2083
0 95
1 3025 3277 4680 1049
1 4093 1558 2556 2034
0 492
0 2006
0 1901
0 698
0 1885
0 1920
0 409
1 1037 1777 1959 1149
0 1028
0 1426
1 359 4269 8249 946
0 532
0 1281
0 1084
