4800 4799 1446
3317 3077 8357
3370 986 7296
4130 4660 8408
1825 4538 6660
4415 2383 4831
4145 370 1632
1181 1091 1710
459 3031 2745
1115 4799 1931
3120 3631 4801
3248 320 2300
3909 41 3562
3239 405 672
2953 4508 2251
562 4048 3612
1075 3426 2707
4116 1531 5770
1164 3627 7928
3637 4267 2917
4144 4233 9531
2075 4397 2015
4219 2810 7026
4743 1523 8938
963 4400 6838
3107 171 1781
2656 4343 2299
2059 1005 9805
1712 1161 4985
703 4454 3776
532 3833 6109
549 1883 8707
1211 1441 6791
4048 4112 9590
2538 4227 7395
2357 3487 9522
297 4106 3728
4675 2671 1130
938 3633 2354
1262 2393 8935
1081 4431 9915
2978 1109 13
3839 1469 2425
3764 1950 3350
345 4110 4575
3547 710 6783
618 824 5177
255 736 1872
4382 1304 2840
1502 771 7954
4403 1576 753
2544 3388 6538
307 3577 3545
4398 1957 7461
4279 322 2699
2873 1528 5746
2412 3860 202
2537 3206 6853
2137 4634 5554
252 786 1344
2102 4242 9496
2131 772 1864
1421 3934 9425
1266 1611 8124
351 1155 2844
4666 1577 5110
501 4020 9751
4299 2221 2585
14 365 7137
1379 2067 6917
1878 885 3620
499 57 7289
1666 3336 2497
552 840 1734
4503 4089 7773
187 2937 3186
4570 3779 9785
1694 3066 6284
1458 2202 6330
1935 1204 9238
3907 3522 934
3541 4719 7968
1471 3807 4929
1788 3236 3560
2761 898 2958
3414 3411 1898
1093 1847 2705
4720 57 3379
1562 1498 2560
155 489 8191
4703 4243 4890
1846 3509 5393
4392 4370 2738
4681 4753 9730
3619 4247 5978
532 59 1150
3001 823 779
2898 1849 3185
2979 3428 5289
3871 4193 7940
2863 4689 8304
2421 2476 5887
2050 1041 289
2063 8 6499
3371 2793 7682
2736 1367 861
4115 4384 7486
2590 3439 3380
725 4015 7189
818 3577 8489
2638 3112 4951
2311 331 941
1499 2654 6591
4697 3576 4454
2431 189 8677
2205 3075 4877
2700 3200 5203
3851 2589 8524
3232 3286 84
2345 4752 2833
1257 2773 5379
1810 3227 3360
3566 4284 2082
458 3401 4798
1770 1024 9514
4018 3718 3481
1084 2359 7482
1197 896 8212
1085 1221 7407
2392 4120 2881
1994 3119 8056
3176 499 5817
1615 3407 7579
2174 1954 3291
4265 4709 3227
3873 1263 8098
3044 1472 6590
135 2042 122
1149 2649 3152
3529 133 8168
544 4238 6421
4765 265 7960
2561 593 6677
3733 2371 3047
1420 3951 1140
3079 736 1581
850 3511 7296
3763 68 7803
2124 2081 1464
1840 573 6410
2666 1236 5408
918 4743 8089
3542 1657 6179
163 3866 155
2317 1295 7352
738 4768 7223
3600 3923 1930
3748 524 3874
519 2269 9967
3284 3836 6669
114 2754 9596
3474 3614 4821
2067 4773 549
1018 3843 6127
3655 1072 3628
1837 1769 4589
2237 1747 752
4600 1979 788
3997 4708 3588
1507 1741 2646
2904 2982 5923
1686 2459 811
347 2744 9383
1010 3269 5137
3638 1820 9885
3442 3357 7705
31 4771 7232
3521 3933 984
3824 3669 7283
795 4564 9508
4666 3468 6731
2063 3900 1362
2150 772 7561
2329 256 2467
1696 3058 4096
516 1671 6318
423 458 1683
1646 2613 8662
1868 4403 8584
736 1679 2863
4191 3420 7526
1816 3121 4222
1214 4079 2464
3664 2757 6153
119 1209 1673
1984 3834 1634
584 790 3979
681 2250 691
2271 2647 5903
972 1500 2966
893 3949 1296
1776 3452 2527
4704 4244 8764
4623 961 7168
3575 1817 2002
1546 3823 3908
3985 4331 2685
3520 2202 2357
4479 3661 3472
2804 3368 9714
2804 2962 3625
3194 1914 5365
4399 2338 1029
687 3290 3233
4775 1743 1076
4331 3963 1653
1397 1829 1846
1816 4219 9880
3802 2933 4275
2892 3675 254
505 1901 8656
2459 4205 1776
1075 2260 3951
1727 2767 8410
4444 3377 3790
2350 183 6922
2745 4006 3570
1879 4319 5549
427 2228 6708
1120 4208 3998
4305 1829 3832
3700 4733 5759
745 1330 3256
3523 2956 4320
4307 1441 467
960 4752 2281
2180 3176 9785
2846 3510 3418
118 4412 8274
1026 4677 6981
1967 4026 4341
886 713 4480
1067 688 5084
4173 4510 7763
3316 1549 2372
1306 1439 4889
2909 2343 7981
1748 267 3444
3800 2152 1042
3748 1229 128
968 2430 4317
3631 4388 7022
2727 3280 3272
803 2676 4806
3455 3358 2968
4492 2937 4215
4505 4555 3352
3628 1855 3957
707 2312 2419
1476 3323 8308
2234 1691 6380
3032 4468 6114
4337 4283 1065
3142 1342 3130
4674 2432 5952
3150 3558 9134
2813 3643 9936
841 2173 5169
2562 4171 2367
2564 199 9709
1265 451 8772
4479 1550 5683
60 71 5211
3751 3628 8439
445 17 7805
1463 2038 881
3645 1652 6451
1869 2144 2718
2961 843 5648
3018 4537 9889
1756 130 3227
820 190 5283
826 773 7025
4558 4487 566
1655 2469 7407
2047 4431 7216
3937 170 942
3013 4242 8533
4742 98 7832
4409 4545 3260
464 4479 7182
4525 4563 7768
1334 1169 5917
4661 253 6193
2016 1753 9084
910 801 5596
1024 2952 4107
2524 2408 1985
2458 4036 9720
1833 2347 3818
2692 914 8221
738 1746 2572
3307 4303 8220
3327 393 7243
3946 4762 2832
3366 3053 294
1269 2178 7174
3381 3558 278
3714 670 9340
2519 1658 5939
398 2678 4904
1072 3572 2369
4109 3412 8263
1803 127 1974
666 1995 1316
346 275 10000
3362 1841 5169
799 133 303
1381 4238 4508
3919 3561 1518
1528 2884 5350
2884 2063 6673
915 4091 5592
4544 2509 2588
4788 802 7625
3506 692 6825
2311 4325 484
4071 2471 7110
1638 1936 2114
1077 267 6517
1840 2500 375
2247 1394 9354
1695 4262 8661
49 292 7757
3129 4212 9598
4029 3752 7670
3135 2592 8971
1384 979 6950
3316 445 6971
1050 2121 5505
3769 1887 6732
1265 2143 4592
1845 2384 1484
3044 3766 2004
611 3761 6740
1799 4246 86
744 1519 9129
1763 3994 5504
2088 3568 2790
3116 3525 1891
4011 2793 1213
4716 4548 9789
3819 4129 9376
2546 1116 6627
4001 329 1354
2488 1743 8011
4621 112 5377
1628 2317 4046
791 1577 1680
4763 699 9659
329 830 2581
2073 4773 5578
4727 911 7281
2673 1960 1825
31 3133 2605
4436 1473 9819
4239 3270 1354
4171 3284 4209
4194 804 89
2196 2110 8736
2927 1038 7188
2927 3848 4723
691 1389 2216
937 1093 3634
2462 3639 6061
2883 1323 5641
582 3456 2844
1984 48 1556
3530 2686 3376
442 1818 9341
579 3853 9789
4089 4429 5580
4485 2045 5527
3057 2006 2666
2392 912 7035
306 4377 3290
4513 893 1161
1236 3501 4032
3186 210 7637
280 2148 958
4343 2137 9378
1551 2451 8189
4331 2151 1289
4329 2650 2867
4445 1082 5682
2758 4063 1590
2931 3523 9962
4455 963 9705
922 1215 3787
3715 3432 1041
163 4563 6703
4323 3026 5089
422 2317 1255
3985 3845 1823
3123 2219 7161
3840 2781 9211
892 4402 8900
2322 2283 7999
400 3911 8033
4389 1930 5436
3088 2712 1703
3068 2024 6272
2471 3780 1116
3593 1682 4005
1625 834 9828
798 4043 9858
4329 3464 3000
4141 1976 6572
3041 3238 7533
2995 4047 871
1878 2378 7604
2405 155 2790
2763 3759 7041
1026 1056 5136
4063 4015 5917
1612 2946 9706
4665 2193 6395
3197 188 1856
2387 485 8373
2917 3920 3103
4251 3824 614
85 796 6453
505 464 6943
1441 3123 2736
2507 2714 6199
1279 2126 873
1431 503 5968
2370 1131 1518
2403 1630 7063
2348 3273 2337
1200 2741 845
678 2480 3124
2596 3942 7326
1338 23 3181
2100 652 5390
2927 4329 4742
402 1163 6002
4623 3205 2402
2219 3199 3760
1652 4663 1121
905 4621 1970
4797 2191 3457
4430 3065 1744
445 2742 8350
3925 2188 750
1197 1562 4044
3479 823 6148
3040 2333 653
1492 1839 3511
2290 4028 9052
470 2836 5259
3146 156 9874
3279 1012 3485
2187 1259 1465
308 3972 1314
1062 3783 3413
1838 1928 4128
1446 964 3256
141 233 4137
887 1416 266
222 451 1604
2527 1809 3773
1436 3809 7597
4268 555 7183
421 1929 8159
3653 503 8688
1195 567 5541
2713 3113 3005
4499 1349 718
1808 2035 8925
2904 211 8316
473 1395 4409
146 2901 2681
1390 2082 7544
878 1654 2579
2640 1400 7851
1100 69 4896
4541 541 8109
2689 769 3326
4771 1923 5466
2325 3806 2598
24 2730 7543
825 3629 1811
2170 2735 5134
2770 2254 7550
4022 1491 1187
920 3613 3441
4122 2525 8644
2589 4489 753
1357 332 7857
4682 932 7656
2936 2161 447
1942 4298 2392
1202 37 7117
2255 2516 6727
1848 1481 9962
1984 322 8628
1186 4763 3954
259 4428 6104
1272 2128 8374
2675 4516 2567
3397 4525 5493
4255 552 1453
1924 1017 9739
2514 4409 9155
1523 3607 9265
640 2367 3543
2581 556 7565
1052 1279 8361
1967 839 1492
2572 4612 5960
2127 711 2091
2745 1332 7269
3655 1290 4288
636 3085 1701
461 757 3874
2416 2755 6625
3166 3339 2860
2453 1577 270
450 3381 2557
1405 1513 3834
301 4026 1248
2991 1615 8344
2212 4324 726
4035 464 7031
865 4598 8868
1427 1934 6719
957 46 8991
1597 4181 7262
3491 439 7659
1825 1947 6304
66 567 3981
700 988 4154
3906 2054 7795
388 930 5540
4670 2035 105
555 2111 3861
4273 4070 9225
3930 3950 4646
2961 3985 4973
4039 4790 3091
4379 3996 5765
4176 896 3159
749 3696 1491
169 4426 6262
1559 3073 474
1197 1147 335
1729 2575 1020
746 322 7617
2529 1463 8770
4337 3687 5881
1919 4464 3005
2027 4739 4301
1418 2013 5224
1151 2238 9252
4705 3564 9444
1741 3930 3890
1108 3603 985
2478 2786 3765
4471 3085 1791
240 1750 8202
4334 3661 7632
4772 930 2608
4581 3579 7743
3233 1745 3257
3084 980 2865
902 1165 7826
3343 1693 442
4729 857 8574
2858 1478 1288
2056 3 968
1380 2547 7562
4411 2296 2492
3183 1839 8177
3732 373 253
4029 2319 4980
4216 1574 3274
2048 4290 4926
426 837 8153
2874 79 5358
2634 3474 8549
4005 1358 3322
3310 4462 4143
4726 2976 7493
211 1955 3920
2944 3799 4629
4082 4169 7351
4787 1160 9176
1360 1646 5755
4327 3316 5889
693 2916 7827
460 1192 2357
99 3420 6620
1955 1696 3212
1564 1864 4010
1042 3592 7927
1439 2439 6809
1120 770 2926
1982 198 5545
304 3714 337
708 4030 4674
1182 2886 8096
1356 3605 8392
2100 2996 7167
744 4068 9390
4033 1523 3630
2733 2680 3415
818 4406 75
1989 2885 7973
2328 3802 2768
2286 216 3299
30 3149 7921
3840 643 2511
3148 4233 6569
2017 1623 7959
1937 3545 1784
1926 858 8566
1136 4777 8830
3363 1937 4052
3807 2760 5978
1999 4444 9776
188 1588 358
408 2778 9864
1658 1802 5764
3262 1733 108
2194 1886 4681
3951 1251 5509
911 1950 4782
4286 4309 1208
318 3272 1527
2740 447 4385
2452 1609 5111
2567 3594 2642
1673 2026 1086
2062 2139 1119
240 267 3713
3855 3654 8268
1820 1082 7630
2594 3811 2352
3094 712 4800
619 904 6475
4175 3565 4886
3371 2450 5974
334 3022 1703
1741 585 2840
2837 2238 7722
2259 3577 5518
3685 2282 8474
4502 4129 2849
4131 4345 7954
4326 2141 6994
1804 2530 6262
4049 228 5686
755 4192 962
3611 3277 4813
4383 2026 78
321 2744 2807
4076 4038 4722
2008 3888 6403
4710 882 3956
3604 1072 8156
990 2573 6357
2619 3146 5813
3707 3483 4962
3770 1092 889
3562 1056 3480
1002 1129 9076
3289 2343 2611
4045 4166 3573
2975 845 2653
2950 2826 951
1672 539 890
134 80 1811
950 4559 1349
2769 3922 559
2962 2818 7767
3615 2690 4353
1232 3672 6048
3357 4475 1522
2189 4288 1168
1213 231 7894
2328 1249 7698
4273 1211 1089
1661 4034 4956
3924 367 3708
2271 4383 6850
232 4202 3969
2776 4056 394
1657 2599 1973
1946 2585 9640
3372 1618 4783
1414 747 2225
459 2523 1991
596 2462 6104
3725 1091 619
108 1616 7806
2410 966 2881
4731 2033 9408
3445 1701 4113
3587 1836 912
4254 875 3738
4118 4329 8112
2423 190 723
209 2482 4664
3058 1636 1796
4474 1298 5624
151 521 1076
266 1902 2033
1582 1214 8356
2748 3220 9254
2174 454 6488
4564 3264 3651
4079 508 6033
3926 1197 1034
452 4586 8115
886 2040 3420
731 2158 6291
3930 3336 3545
3075 4437 2796
3534 2114 5214
3401 1386 4515
317 2798 9443
1944 3337 3209
1370 110 6034
361 2920 177
997 767 4794
1979 3797 8588
3710 273 1807
470 2144 3953
541 4311 5970
2398 783 3133
1150 2822 363
3319 2074 1237
3998 3806 1694
516 1307 4836
1842 2759 9959
636 2361 5950
3142 2712 7711
2426 4151 7225
3087 3010 6764
4098 3001 7395
1842 689 5970
1081 3372 7915
3196 1918 8418
644 3632 8126
1653 4119 5484
2746 4270 9106
2533 1245 8056
595 1874 9704
3638 4669 8179
4765 4672 7614
1694 263 5792
332 1632 4400
4376 3831 6000
4378 4535 1653
194 3994 6115
4382 653 4745
2906 102 1014
1890 3733 4670
1903 3108 9406
1268 4792 6290
3618 2904 5936
3050 431 6563
4064 3731 5874
4185 4540 1251
1275 2166 9157
3867 1585 2025
3693 1563 1323
3677 4513 6769
1844 4596 1236
4774 255 4399
3123 4282 5407
2964 4481 6900
3975 566 6969
2183 4766 5881
603 1476 3528
4536 219 6590
3598 2199 5330
4229 4559 3397
3644 693 6604
950 1193 6368
1831 894 870
2777 3029 5650
958 1661 1324
4760 4103 5857
2442 3083 3331
148 2932 6458
317 38 6064
772 3757 780
4625 4435 4913
2143 4201 1606
3359 3330 896
511 4454 8244
4075 2913 2479
4664 3872 3565
4461 1462 9682
902 1324 8490
3796 3793 6075
1355 1819 6379
800 2619 9709
2702 4208 3518
3132 4404 6799
3599 3326 3773
3635 29 4010
1101 586 9639
2445 3310 8166
3526 3359 7963
3752 2982 4920
4272 4431 6108
1219 1408 7924
433 4617 5806
809 2109 8971
3905 3258 7079
1847 1977 7986
3920 3784 5874
4324 868 3156
1593 4356 8546
950 1706 6317
1088 2182 3408
4665 4504 4575
2599 3497 4213
147 1254 9336
3622 1054 8266
1028 737 5759
3551 3921 8471
3313 3279 8255
1263 2564 5970
4231 704 2497
3966 1232 7373
229 4591 7726
3522 957 7965
4328 3763 516
4089 1741 4702
4163 4176 7960
3675 825 8673
1925 416 369
4666 1020 2783
2327 2995 8325
512 3498 986
3647 2126 4741
2735 2419 3850
3213 699 2810
2570 1864 6434
951 3698 9200
2132 4394 5901
1991 2643 5738
754 1001 9573
71 2925 8218
1177 2636 2906
1684 4745 6496
2859 3487 1946
128 3581 5379
1576 308 2454
881 1303 6747
3804 3404 7036
3898 1610 9064
4613 299 5202
1505 3725 4727
733 3975 9372
866 1606 7417
3961 2171 388
500 2872 4463
331 2831 2882
3641 1678 2909
364 2629 7423
4006 755 1562
1225 755 25
1640 2868 9441
3521 3591 458
2910 2466 7375
4014 459 7837
3945 585 574
2407 1011 1236
1795 4038 8099
983 3477 2913
4233 2518 9416
797 3052 5754
1542 4521 9577
3244 1246 7650
1082 2597 8820
4437 2867 8109
2719 4366 92
3050 3743 558
2840 240 8949
1105 4230 6732
2360 4537 378
2407 2222 1588
2265 2398 8259
1228 339 4802
91 1361 9853
3023 1382 9817
2564 1266 8611
462 4672 3293
2240 595 9458
4739 2272 3714
4303 4499 3495
3182 809 7559
848 925 2751
2998 99 4163
4418 2376 7037
2006 4041 7077
624 3177 9031
1813 3025 7989
226 2100 4676
2139 334 157
1351 3902 2121
1197 1336 1924
1833 4284 5600
1656 1223 524
3761 4045 985
1759 1411 7501
2704 3197 9711
1671 2847 611
936 1631 4039
396 4499 1225
3314 1980 6681
1453 4748 8229
4394 4496 9791
1603 4132 2646
149 986 1836
2919 2187 2235
688 2025 4687
2006 4636 9923
227 2000 6082
147 1391 9320
1082 268 7907
3012 350 449
2446 3999 7435
105 3806 7826
4236 4301 5118
2127 4225 2444
2374 2698 8825
3725 1268 5351
1328 3493 796
2551 328 922
2261 2485 7715
993 2229 7833
2003 2361 3747
2405 3469 6568
111 1794 8324
19 4454 1621
253 4660 1220
3694 4170 4111
2330 318 2359
1051 3681 9120
290 1588 5323
4350 4717 5066
1586 4194 4104
659 1890 3974
1534 1862 5155
1840 1580 2488
541 1160 7872
2528 2238 620
2033 1636 711
2963 1903 8759
1080 343 2189
2451 2749 6929
4253 2418 5313
4260 2603 1758
4264 3257 229
612 263 1062
2498 1343 9058
4474 2720 3307
842 1108 1619
4004 2362 1459
61 3161 736
4413 484 4311
3425 2593 4255
3229 4474 3631
590 720 3782
2626 1968 773
2631 2612 2112
870 3548 2511
1761 4335 3262
400 3888 563
3892 416 373
2717 1437 2359
3234 2237 6274
1766 3093 1212
212 2254 317
1786 4691 8683
4139 4593 2189
1683 3587 6474
989 4422 3136
816 949 4299
1846 658 9925
4326 3015 9172
1876 4276 4295
2308 2007 1478
4121 770 3154
4333 3981 6363
2860 4712 8700
2007 1742 211
935 229 7028
1885 3460 9064
4655 3718 6767
351 2157 7545
1464 3221 3401
4215 4014 7009
4136 486 2681
4194 3908 6193
4210 2591 9733
4337 2053 9846
4092 3453 949
3264 729 2135
3166 4198 4489
981 2908 7601
561 692 1181
3423 3707 8679
2907 2214 714
2692 2099 5214
3340 3437 9419
950 4741 9058
4342 4153 5872
894 3582 5773
2678 2696 3571
3218 949 6482
1431 337 7609
3665 784 5418
3688 1751 4710
4458 1371 264
4228 2991 5282
832 67 169
465 995 8370
95 1326 3315
4718 3072 4838
3039 2817 83
152 2889 7456
1707 2954 8724
2444 2511 1471
4275 3794 5200
4797 4771 2730
1204 4327 3488
2804 1544 2203
2560 546 2813
4137 3419 7937
2672 1208 7370
265 1230 3145
171 2105 9301
1004 1370 2753
385 479 4609
2581 260 1083
3446 4265 9534
850 3015 9683
1548 1952 5914
2928 2810 9461
3621 1932 6414
1180 2769 1139
3093 3425 8154
238 1104 7672
2004 451 309
3456 640 4914
1085 4623 3070
4442 3392 8302
4550 30 2296
3406 3430 1959
3117 3202 1372
4290 2713 1635
64 1256 8640
1610 2544 3114
4599 1878 9216
4549 4384 6377
2242 1435 7337
400 1958 4600
940 1946 1977
3153 2651 9753
768 1446 6625
2982 1741 1286
546 4444 8992
472 3682 4023
4497 2750 387
846 2931 2404
123 460 8596
4648 4422 9694
4245 3881 6093
3672 1085 4863
1643 4202 7803
1520 3382 1485
2796 4060 4433
1013 45 7719
1379 4293 9579
2628 3149 8813
2820 3954 7761
339 370 5724
4091 189 5510
2980 1914 4147
2795 446 8752
3301 3143 8435
2952 4645 2654
3175 4750 6987
4073 1761 6033
820 698 1817
565 482 7360
3586 1140 7408
355 943 7946
407 4190 1187
1049 345 8939
3868 4619 9708
3801 1408 1140
4016 4446 8948
4045 2808 3864
64 2030 6193
2136 2741 6283
3319 962 7270
4213 1182 6182
4351 2548 2668
1812 2842 3219
3377 3884 9143
2174 3723 5627
1759 2972 498
3721 3453 4336
3803 2043 3578
2616 537 4879
327 4494 3641
2101 1262 5146
373 3481 7412
457 3210 2637
50 2132 5
650 3496 8635
4678 1546 2217
4276 2018 8790
1965 3262 1873
2089 3181 3947
1728 2907 7285
1737 3282 5623
848 1813 9445
4113 2648 6467
635 4744 2917
146 2691 6134
251 1789 5838
1150 2627 3219
3564 2564 2050
139 1593 266
273 290 2323
1353 2389 5595
413 4000 5624
3612 3308 9320
1895 1640 2964
4011 4504 1648
339 310 8112
1229 863 9932
849 2373 1133
168 3989 850
192 2006 1234
2146 3064 4530
4609 3378 4552
619 1186 9540
2710 4069 4042
608 4581 3857
4027 4041 2395
1208 29 5290
2719 2972 7682
2892 715 6320
783 445 1155
1755 3165 1434
2490 1873 8937
2647 3497 4487
1232 754 7676
2271 2481 2546
746 583 5109
4328 2546 9635
2916 3332 2568
988 3009 2804
3758 122 6853
1714 4543 3275
3227 1679 8393
2253 2880 2552
595 929 4065
3748 1414 6296
4284 2221 1249
3515 3002 8197
3249 1966 7806
2507 225 1536
3759 3317 544
3245 1196 6633
607 133 559
1636 2947 3638
291 151 6427
1823 2008 6421
2880 3389 1226
4042 2676 1450
2178 2585 7827
2091 1508 6187
2034 545 8581
2768 4495 4002
1729 3460 7071
3897 3696 7807
3139 2667 4385
1310 1695 59
4177 2518 8652
1111 2941 3785
3557 1401 4768
2319 3916 9500
914 254 9187
1400 192 9312
1027 854 129
4519 4302 2008
1624 524 1178
4512 818 9881
1143 3582 7217
2964 2502 9535
3606 3042 1103
852 4614 654
1000 2982 8301
4040 1729 4104
1970 3550 835
1977 2722 5513
3742 4345 6277
4460 2404 4502
2617 2287 3559
1832 1391 9417
1551 1959 4087
3022 740 5463
3169 995 7622
3902 3458 695
4753 3144 7213
2078 2849 5712
4178 2122 5601
1631 473 1429
1937 461 6437
894 4047 9506
3029 1957 482
4019 2991 2054
2686 3989 7030
3211 705 7594
2825 3146 5480
425 3244 8143
1379 3048 3064
2506 302 4359
2997 2777 4119
1377 3733 5464
3118 4508 699
2072 4050 1492
4394 4385 9505
2617 938 6713
2897 2356 2719
1680 3609 8573
3158 1624 9489
33 4170 2958
984 2436 3958
606 468 6792
3313 1318 8921
2905 2584 3668
1525 2034 4868
4571 4082 6077
4697 1013 1990
470 208 4893
3261 845 7141
836 4263 7316
2674 3721 1991
4440 1124 5918
1527 3517 5005
765 3116 8693
904 1024 4824
2435 898 2298
74 3116 3213
1214 3568 234
2023 1119 9140
4161 216 5628
530 342 9934
1960 2093 7890
1341 296 1823
2540 2111 1336
4428 3571 8809
3480 1057 24
2167 3198 9095
548 3131 5436
2557 4178 8491
2903 4705 9019
2512 4193 8494
3493 4715 8180
3167 752 2483
688 2726 9945
763 741 8585
1918 304 6375
235 4300 2368
1568 4139 1515
1180 2071 2856
2634 606 7423
4269 2751 8317
4675 1515 6178
4297 3445 2642
2519 2959 2353
3366 4352 683
4467 514 383
1980 3342 476
3314 4430 3125
3409 4763 2450
734 452 1140
2342 4477 2036
2879 2583 1523
117 1802 4454
3174 4584 890
2306 1460 3488
3670 1000 9976
3760 3464 3754
308 2669 3027
607 687 2451
4085 3527 1598
1102 3961 5963
1961 2173 5378
1829 2727 3791
1583 348 6205
3387 4249 4840
2957 2907 9289
1022 1962 737
2756 409 2015
1059 3849 8416
4722 76 5097
3396 976 3417
1044 2571 5854
2764 721 2784
7 511 5066
1096 2425 1026
1801 3686 6224
1796 3418 2288
457 2783 66
2827 734 9989
3030 4325 2466
692 4391 784
2065 4783 7187
700 4096 5982
2185 1577 723
2264 4745 7009
642 2017 6561
1355 3463 4410
3232 2927 5238
1998 2448 5466
599 1026 1485
204 3570 3793
4605 3425 6554
1463 937 5468
2159 861 9321
448 871 9116
2818 63 9052
4704 2135 7735
4134 4153 7279
975 3729 2283
94 3628 9334
3716 4770 4026
2859 4149 6859
2967 1581 2282
293 2187 810
4732 2860 1624
848 4514 3442
3651 1040 8499
3535 3585 5140
4469 2694 2893
58 2117 6611
856 4392 9420
3665 1553 1770
1141 1764 8672
778 1371 416
1622 4125 5180
4743 2503 4573
3545 1829 2603
520 1309 8994
2112 1967 8788
1751 1081 8987
3132 4122 7919
1073 3376 4883
3490 3115 188
3879 33 8303
1566 3826 2391
1177 3529 173
735 4013 561
4072 2465 9555
710 949 7949
111 1103 6326
600 3429 8038
2392 2477 9710
532 3468 7557
440 1398 8287
2112 3056 6593
327 4450 1911
2464 3129 9101
3161 1195 5060
80 1303 2067
3561 36 5700
1676 3949 85
8 490 6871
4133 2956 2063
4587 2566 9576
244 4619 2491
2953 4012 5973
3658 995 1567
3399 1498 1838
2613 1669 853
2592 4392 5173
1930 3344 4383
1526 3503 2811
2342 3531 1541
4796 3174 9607
4378 3986 6890
2210 1567 5813
2060 4543 9213
3514 1306 7043
1691 295 5644
4572 2109 7067
1006 2132 343
3371 1575 4984
4114 1348 8257
1489 4124 8497
1048 3319 2268
523 3032 9941
3905 2862 1562
3289 3257 1860
2884 2756 9323
229 4249 3366
2963 2511 3094
2592 668 9973
2173 4316 6736
3743 3077 8496
3132 2297 2977
914 375 3859
456 1516 1105
1949 3224 3139
3195 3735 1938
4621 182 7149
4196 488 2809
3069 69 2081
3373 3552 2707
1342 158 1219
2736 396 3824
652 2333 7698
2953 4495 9859
1424 310 6212
3419 2400 1642
547 728 401
808 4790 6435
359 1818 5262
4104 4728 3399
1676 141 8731
2476 4729 5999
4158 4069 9467
925 1145 8056
1297 82 5295
4134 4447 8968
517 340 313
3652 894 434
4564 4683 5555
4680 708 6860
2517 2611 9634
4506 1712 2433
2305 4094 7375
804 2624 7037
4727 1014 6775
963 3441 2940
4560 1718 6784
4374 4777 1804
1088 1816 1594
3933 2058 5377
3737 3594 3591
537 4311 8036
4403 4142 1052
245 2925 6667
4680 3473 5459
4098 1139 6849
3124 366 9445
2634 3145 5408
745 2850 9440
2394 2866 4407
2714 1110 2982
1044 2980 6141
1073 3461 9372
3821 3855 8304
2317 134 738
4515 775 5036
901 464 9177
3460 302 3202
4189 4051 2122
2943 567 3376
3970 4347 3355
1352 4541 1569
2743 1884 9163
2472 2548 5677
2246 2311 7965
929 2466 7577
415 977 1801
1743 1422 8760
174 3140 3113
580 3315 7689
2260 2220 6434
2828 1902 3656
252 1717 9442
2566 3542 1073
199 3530 3942
4123 2457 3543
4777 2968 3506
1085 1782 1148
2581 774 9772
3372 1562 5056
2752 3339 1441
3263 662 8303
1421 4302 492
3869 1181 8610
1174 2541 1693
479 2457 168
1369 2224 9292
1461 2775 3386
2252 4749 8493
4014 566 3596
534 528 8092
2989 2305 9756
3077 3031 9079
1516 589 2173
2718 145 1520
3515 4056 5998
1905 789 8155
3340 3607 7016
3404 760 798
1777 46 7448
4788 4413 8174
1590 3076 9620
2776 3822 8463
2765 2806 4769
193 1112 8719
1691 4267 9820
141 4226 3076
491 3634 3819
2558 697 6088
562 3319 8439
2660 2300 3182
922 3622 6978
2713 1506 9281
3192 729 9498
4583 4711 6798
513 4032 9582
3085 4013 3029
1361 3518 6380
253 3334 4273
2653 454 9250
1253 3455 9260
215 2349 9843
4624 5 4814
4149 913 3584
4631 3980 2163
2004 4344 7193
367 3638 2737
2242 3481 2609
2575 4729 6846
1232 3215 5603
3973 654 5063
3635 718 2553
1642 1154 9572
3863 2038 9665
1100 1245 5146
3881 4405 2711
1306 2030 827
3011 4414 3186
865 4169 8134
2667 3208 415
1573 4126 4731
2612 1405 9902
3667 944 4202
2870 105 7102
4540 3001 2862
2931 918 6897
3162 3928 9434
296 4719 6417
280 1185 7970
4785 3281 2222
4462 3996 5168
1870 2963 576
936 1684 1214
429 770 4755
905 507 5016
789 2856 4063
2995 1524 3311
617 3338 4794
1299 1256 8690
2644 3143 1855
543 1658 9511
2158 4063 2952
4762 1860 7541
4704 1889 2762
1857 4732 4804
3294 3789 6448
2174 333 5256
3103 2282 1804
4549 3971 6766
3403 2916 7780
2719 1131 7169
611 3559 1078
82 2064 362
2343 965 9104
81 3608 635
1561 2272 1985
4310 230 425
1371 560 1347
1038 164 4193
4105 3321 1283
3003 2749 4845
2341 4579 9836
2220 96 8790
3756 1802 5390
461 2233 806
1812 637 3963
1084 1979 6585
26 671 9378
825 2969 4354
3401 901 5361
3560 4256 844
2381 2387 3085
2190 1872 669
3734 4167 900
4245 3218 4844
4352 572 7793
1843 183 6655
102 583 1899
971 2136 9187
1720 4616 2531
3767 1964 9047
2962 4672 5789
3217 1265 7879
3521 2652 3799
733 4588 3212
2412 4081 191
4165 3447 3486
3796 3570 6426
1465 3891 1904
685 754 637
2653 1115 1818
4300 243 4400
2582 521 1404
110 4518 7160
1569 71 3270
40 4600 4550
301 2043 6155
4349 268 3970
1271 4476 3416
2835 4257 3462
1496 2237 2101
2704 2448 2112
1566 4660 962
3925 1089 8024
1526 3411 7264
4307 3775 5740
3616 288 3031
3017 1947 780
3634 2516 2089
4697 3630 9364
2473 170 2164
4290 2495 3934
4160 2806 2152
972 2432 6508
4061 2821 7241
3562 4798 9916
2113 254 4100
2993 2943 9927
3702 4257 5172
3580 1236 1343
2072 2684 7687
3079 4341 3972
4241 3347 1183
3910 4466 3302
4066 3816 7799
3216 2083 7971
4034 372 8499
1274 3455 317
3994 4217 7564
4715 1867 6801
2283 3822 2474
4240 1513 1361
3037 4621 8629
1854 1873 4030
1151 154 7351
1881 2263 9342
3047 3755 3327
3482 207 3530
1047 445 8312
1680 1880 9715
3826 153 7173
3301 3886 1328
167 3237 4402
3356 4784 3910
2111 4542 4125
290 2223 3017
4244 4722 1069
2395 3405 9747
3210 2592 9907
4369 824 2694
2360 1440 9652
4331 203 6496
4180 1897 1307
4773 4696 6619
4607 3514 2618
2761 4068 5827
2798 1618 8430
4277 1767 8010
16 1210 1278
2896 853 9857
2568 4009 639
2552 207 9311
759 3072 5136
3111 2698 4170
2435 1186 2788
1685 3625 9413
4035 2576 5222
2560 3641 1126
2229 1180 6347
3859 2532 4984
1070 2967 6281
3602 1831 7372
2885 58 7346
4646 170 9825
996 4219 9077
4225 1880 4144
3161 3556 3972
3889 3574 5742
711 2336 2474
4800 3506 3707
4307 203 6837
1215 1669 1502
804 3142 1879
2175 3792 8635
3521 1761 1563
2726 109 9545
2168 1150 1714
2212 1076 9695
3231 3875 1702
3411 1044 8903
4556 2094 5338
4759 2755 8939
3946 3658 3985
3416 420 1623
3776 3400 3939
1030 1848 3194
2406 3792 6779
1862 3938 2604
230 1245 2741
1549 2079 4749
378 1065 8535
2318 1205 2490
4629 1056 6632
4672 1973 1842
2830 3067 5726
1484 1438 6799
149 3044 300
679 1928 9010
4690 4753 386
1757 640 9448
1989 3395 8537
2195 943 2604
3425 1094 3232
3548 4319 1925
4568 1264 5436
4169 3631 5945
2643 1678 3776
1029 4670 9529
4068 2550 4078
2259 2383 4193
1182 3547 9663
1619 4229 6144
4270 3066 7938
2028 414 2269
245 4327 9871
2165 4051 7053
1393 4289 7845
2059 2697 6643
625 645 15
484 4593 6718
4144 467 1629
2910 894 7392
3303 399 8013
1724 2676 6647
3580 4643 1906
4478 1533 3165
4207 468 6012
309 1882 6210
2189 1280 1746
2193 2318 5388
4712 1987 7551
335 4047 9589
1992 3884 3721
2282 3024 4788
4101 3065 9853
2730 753 3070
3807 2782 5886
2619 1802 346
4066 3118 9259
3300 1720 9863
654 426 8076
3931 1087 8003
2330 1492 6494
4382 94 3685
2967 4087 5618
3462 3478 8343
316 4732 3115
1692 1565 3907
1852 1707 6939
3543 1877 4367
325 3939 1415
1167 2994 6156
4442 2282 3066
2573 3715 3793
1484 2390 4167
782 4450 4479
2817 634 1025
970 4670 5499
552 347 40
1685 2214 5297
2568 2859 3384
2163 2849 6780
857 904 6230
3544 1817 2872
3941 3185 4348
3329 3071 4727
919 3282 7542
2892 3760 2738
2717 4427 9465
1235 4401 3820
2914 1428 8405
2918 16 7298
638 2222 3617
1740 158 8064
1203 2096 8078
1141 218 4934
819 3869 7770
1526 983 8399
1484 1808 8774
3028 96 9066
1243 506 5814
3164 22 1673
3747 2811 3357
596 4015 6376
3903 2765 595
2815 251 9124
3565 3960 6586
4436 628 7522
4712 3553 3272
4481 1606 7750
1042 2984 8737
4524 3182 4308
3790 3654 6062
247 1083 3740
3041 140 5808
746 674 1500
4646 4237 2331
3957 2645 4020
1992 3563 9921
484 3477 4796
4549 2428 6930
3775 4511 9146
3513 924 2459
2116 3043 6898
4342 1571 3377
2484 1911 9800
1697 3346 4201
1595 2835 1373
4654 2595 8798
4762 1342 8796
2 1114 9670
3845 2921 8584
2805 3601 635
3913 3836 9460
117 4343 6229
3230 366 4437
3882 4773 9181
2722 2238 8054
1236 519 1535
4534 2445 5512
4535 1059 5306
3774 2740 2576
2064 3729 1332
956 2770 499
1645 2826 7518
115 2126 2419
2342 2621 1845
3371 3080 42
1759 3195 3626
4063 4469 5879
1596 1267 6040
1915 4012 7134
3490 1230 9761
1745 427 8078
3016 3794 8839
78 1489 4959
1078 4094 2576
2809 1414 4108
2745 1599 641
4551 1694 8692
3823 2924 9997
682 3720 1199
2747 4394 4998
1557 4142 1633
2229 3814 9358
4329 213 3755
4415 511 6647
3982 2963 84
3033 160 6453
2579 4666 5074
3130 976 791
3925 2524 510
2179 1135 8946
2293 2486 9045
379 119 8613
66 243 5521
2631 65 7270
4235 4282 1951
3489 3621 9018
1520 29 2699
1765 541 4982
911 1656 919
146 640 3574
1478 1712 3974
3342 1222 6333
2888 2279 8627
1985 3404 9755
2132 984 1063
2367 2303 8822
3897 666 9912
878 1813 3934
2595 2274 6766
3136 3100 8776
4270 2602 3193
563 3798 9523
1596 982 2349
3924 3439 4374
3643 3450 4946
2170 854 6554
1820 2958 7740
2389 3871 2821
3563 4061 3251
4010 1051 5265
253 3537 9975
1247 460 1602
3578 838 6347
4408 4412 6540
1798 1796 9630
2368 4059 5777
3037 4115 6297
181 3166 1462
3963 257 521
2959 224 297
3995 3009 6269
3229 1054 6504
1799 2534 6999
4476 421 5579
3265 3720 880
273 1831 9990
2607 403 1711
1296 3892 4958
2029 685 2072
1924 625 2006
77 1613 4021
2085 4419 5685
3371 4125 4738
4683 1571 5036
4331 3568 9402
3814 2377 1239
2723 3326 5346
1300 1405 6419
56 683 2038
1889 4115 384
383 1717 2882
1419 1268 7453
2677 1128 6531
2356 2248 1141
2954 425 844
1231 3455 3242
268 228 1120
3489 1673 6743
2245 4536 5814
1299 1504 9660
1666 4489 733
4092 284 4534
2825 2788 3829
13 2744 3428
1695 3900 9898
3026 1779 5288
3318 2870 9001
426 802 3504
889 4212 3041
3823 2494 4854
74 3181 2731
107 4333 7295
1853 1372 8883
1620 1005 6140
4592 3342 3265
2561 508 7745
2131 4180 2401
638 1456 24
2815 4420 4126
538 321 8334
2089 760 4553
2267 13 4937
3536 3729 4404
326 4043 6005
4727 2723 8870
3864 2553 3487
940 2903 1906
949 419 8723
4595 3741 4970
1065 501 6966
3074 1466 8398
3401 4496 137
4795 1988 1345
3739 732 3693
1566 4578 7978
257 4067 2643
3154 3801 3771
2347 2509 7045
332 901 3068
4247 3669 7792
2882 1947 2201
3310 626 1277
2757 1592 8253
2555 1594 163
2307 4090 6484
1299 4763 8361
1157 2409 8424
1028 1898 6734
4630 3867 4364
2565 3168 9782
1787 874 4644
3394 1934 981
2396 3785 3121
380 1593 5188
3160 2757 2510
1680 2818 383
983 3630 4613
421 899 3407
747 953 1688
1729 2845 6822
2659 516 2158
2892 4697 2284
3142 4572 7815
497 3676 4799
950 222 9018
2369 419 6694
1001 4181 3733
4205 3004 1180
3078 3120 2079
4202 3051 5773
4685 1023 7795
2645 387 406
3299 4407 5105
3439 82 4657
4275 222 7078
3014 4237 1446
2321 2779 1135
3826 3588 6642
238 3044 9043
1853 839 3722
291 4069 7930
779 1212 5546
2888 4771 6158
1565 2862 4012
3531 4516 5339
1752 3452 7392
2504 1768 6852
4257 4223 527
1914 4344 3211
2045 4178 7066
2509 93 9657
2279 3164 1840
1211 1466 6806
4140 1895 391
178 2553 3827
2841 2325 9323
2209 2838 7934
2520 403 2291
2729 2912 7970
2535 3786 2898
4273 3207 8387
1505 4193 8820
697 4622 3181
4443 97 3866
4208 3920 1677
4621 3780 736
2387 2203 8596
640 121 7701
2246 3130 2752
4797 334 3768
3953 4728 9400
3416 123 9292
3425 3204 5799
4286 4624 3669
123 99 8924
3011 706 596
964 4575 2562
17 115 8010
4186 2582 6846
726 3082 3338
4298 2790 3163
2845 2006 7297
4735 4077 6964
2306 1701 1734
217 1829 6469
3041 2160 7464
851 101 5747
1978 1045 9277
2202 2807 3029
1087 3330 9214
4674 4143 6180
1269 1500 2997
2125 4378 2217
2791 2624 752
2786 1424 5457
4345 333 33
2333 4608 8526
2097 3699 9575
183 4038 1781
3281 4329 7960
1105 2569 5451
3885 1605 9642
933 4468 1903
545 578 6685
2759 4503 6523
1607 256 7439
1367 3706 3892
1669 970 9690
1469 1726 5827
3839 971 9191
4259 3695 8150
1591 3934 8532
878 2208 6536
3488 2930 2158
2035 2011 8419
1921 2479 6448
3223 4060 8149
2219 879 4680
2765 1249 6509
2199 1240 27
3152 2070 9977
3464 2926 4024
2510 1951 4770
2747 2642 3321
131 3227 3615
4607 180 8658
328 135 7502
3736 2360 5642
127 3115 1444
2801 2161 8083
548 96 8162
1792 3320 8131
4482 1795 2755
2708 1719 3118
827 644 7301
2088 2487 5326
2522 885 2156
1651 579 3938
2762 4742 8294
4249 3249 747
626 1061 2773
2955 4666 6866
1266 2639 9694
248 2500 726
48 771 9024
2493 1297 1862
1110 4274 9909
73 2884 8849
4219 3969 9917
3995 3615 1279
588 2324 1737
1842 539 1802
3633 4286 3478
4360 1351 944
845 4370 4095
2113 1318 1386
2327 4075 3510
2599 4173 1538
4717 2366 1263
940 1314 2699
156 3789 8633
744 4089 850
541 2145 1314
3626 1897 8558
2975 1871 4754
1973 1959 8257
902 4531 5513
1299 1774 7285
3346 3264 1893
3638 4027 2932
3220 53 2944
3193 2099 3167
2669 60 9371
3079 3971 5583
1654 2842 8655
4401 212 187
104 4650 298
3106 2351 5292
3519 885 1112
4796 2428 3207
3538 1941 5314
3768 819 8033
4506 4520 9675
3895 2974 5108
2086 3238 9877
2291 1025 6847
4768 88 8680
370 3704 6509
4231 4463 5981
519 3172 8229
2363 628 1365
4072 2185 9994
2026 3966 7073
3507 2512 1419
3542 3070 3706
2340 4596 5523
1562 1631 3033
4401 4321 5363
3666 4744 3893
558 310 7806
2015 386 4796
4020 362 1105
3588 3026 2671
4238 1448 1982
1500 1383 977
1199 1330 5177
272 4118 7714
871 988 4536
2759 1135 3052
1269 3714 9632
3006 3327 9696
550 610 2620
4368 4645 3075
3577 743 6894
2794 2006 834
873 1565 764
61 4139 5639
3365 3334 3118
2381 3483 9745
2422 1602 3407
4334 3332 9805
1765 569 5005
2416 1382 969
1161 4592 5179
3804 4296 6901
1022 3287 6047
2372 1022 5702
2531 1632 2384
2756 3741 5787
4562 3783 7183
3784 2870 6311
1881 1549 3339
3660 4495 3823
4654 3173 8264
1395 2061 2141
1750 2071 6489
2469 915 2916
4255 2464 6452
148 2392 8291
4785 490 8538
2614 1321 5725
1251 3699 138
2008 2858 220
2030 1970 840
4792 4289 2384
4003 1315 5445
3194 3964 7439
1033 3984 2050
1238 1199 4156
1501 4268 8222
4374 610 1378
815 3304 7839
3390 3840 9516
4679 3122 591
813 4368 3367
319 3626 5437
3929 949 37
3081 2768 75
3977 3343 3132
2301 3534 7215
821 3747 5454
738 2293 3339
2806 2359 1627
4218 4477 4907
2674 1723 8977
991 2916 2766
1011 2913 5162
2362 2107 3042
722 3292 474
1312 2846 2589
2344 1298 9472
4722 4761 9512
4520 1356 6531
4104 2479 5186
982 4146 9398
4500 749 3387
1119 383 4027
230 3672 827
792 1876 8809
2867 3122 2123
2274 1773 5618
490 2954 2308
4079 189 5450
4288 2648 87
358 848 4529
1142 3544 9331
1653 2227 8274
237 3109 1325
223 820 5937
3194 2517 6380
3667 3212 3589
4418 4412 8483
4796 874 9310
2381 3665 2456
690 3692 8886
3720 2134 7281
754 4761 7472
265 1441 5446
943 4678 9026
3664 2992 8008
1644 1579 5107
3039 4488 4765
1117 586 9526
65 3131 4579
3029 1198 9836
1667 4013 3939
3969 1922 9428
2350 2435 4245
1220 1062 5903
403 2543 2533
3652 3280 4794
3242 3756 7393
4153 3699 5039
4708 1594 687
2661 4321 4580
1085 1830 2990
4749 2891 9170
3987 3839 3837
3322 3353 5307
2841 4754 3965
2070 1690 8903
3806 606 7814
2120 3033 6843
3406 2229 8742
4475 3141 132
2650 2440 2222
4264 2908 7156
2188 1248 6145
4423 3539 754
4409 191 5020
3541 1840 3610
2263 699 8810
2648 1513 5495
2357 1061 6559
4549 4065 8163
4324 4049 3536
2660 2601 5945
4278 637 6956
861 2742 8785
2286 4329 4742
4146 623 1336
970 4663 8616
4290 2032 4745
927 1641 7309
181 2117 6419
1510 3257 7631
785 2635 2728
3909 3337 4180
893 2517 5189
165 4034 8165
4409 2548 836
64 1810 1625
1620 3137 2767
812 1624 8127
1816 1316 482
1575 3299 5146
4478 2670 385
4587 3462 846
340 4261 6259
1197 3124 5421
797 4126 4989
1030 3441 4848
4760 2240 2428
50 1308 538
2045 2615 5329
796 4558 1003
2979 3385 9379
388 1197 242
486 1078 215
2371 2446 972
3976 3146 3321
4414 3729 8478
3811 707 708
342 1904 8953
876 2377 9792
2304 2997 2139
4600 3066 4453
1540 2909 4853
1178 3568 3203
3487 2978 1641
2376 4188 1251
4551 1322 8092
12 4179 383
3152 1999 913
3737 4282 9109
827 3862 5868
2679 2777 1547
822 3265 1341
4068 843 7131
1264 3021 4311
1243 716 4362
1119 6 126
1738 3143 3590
2505 97 5481
2101 4502 2241
481 1338 8353
2123 1696 3347
3418 4667 4929
3801 2003 4999
432 1102 4195
2418 778 1353
4221 2421 2200
3671 4240 1827
823 4139 7840
1047 1814 1966
2443 2609 8408
1305 759 8275
4130 3953 2410
3780 2454 5533
835 3102 1016
2457 391 9781
562 1008 9018
4296 1269 5335
3047 780 4987
4673 56 2190
215 1492 6372
41 4068 8021
708 2961 2956
4755 1800 5684
1615 2715 8448
1354 297 7921
2148 337 2514
3808 4049 7594
3590 3278 8071
141 2457 2082
3909 1676 759
3329 734 3074
4558 420 8205
3098 475 2675
4480 3429 332
1150 658 9692
1710 3299 7256
1418 3162 195
107 4310 432
2842 4069 9796
656 1067 7386
819 23 2000
2588 1232 4625
1368 2287 1058
4626 3348 9314
2690 3345 4612
1784 1265 9700
157 2268 6637
4592 2246 5615
3585 1283 3606
4772 3860 9476
510 100 2331
4147 1135 4576
4709 1678 3231
1219 806 4150
2970 2141 93
4425 4490 8471
3936 4179 4942
1282 2715 1303
3195 4428 9692
4523 4602 1959
110 1071 7160
2550 1289 2874
1916 4187 9369
2363 2746 7850
1814 4387 6759
1828 3955 1620
3004 1670 8204
1939 489 6809
4248 4 6442
4064 1773 8550
3396 115 9041
1921 4419 8094
3950 913 879
3933 4635 2186
2037 1182 8859
1763 1162 7972
809 1509 5706
3313 1804 5337
3897 4219 7485
308 1295 1017
2168 3578 1198
3194 3539 9616
2596 3468 6322
2492 1027 3398
809 1867 9330
4577 4669 7337
2112 4511 4707
4601 1292 516
647 2753 4964
1235 1995 9038
4395 4530 3101
2239 4713 9020
1320 625 7591
1510 123 1874
563 2487 4533
2475 453 1827
1328 3668 5452
2909 1681 3198
4676 2945 1849
1278 2284 3674
2723 860 4901
827 4158 4754
4774 1210 8313
1959 4634 1740
2809 2411 7995
1810 2771 630
3560 1705 3550
765 311 2093
4337 2691 3744
2651 443 4491
1010 4297 8535
2467 504 3358
3696 2240 2925
2211 3854 2884
1057 2730 7371
1975 3565 9260
1103 4785 8906
783 3215 2805
4797 3402 6768
1729 3974 9227
652 182 7357
4457 477 9959
4263 829 9988
3568 1654 5347
495 2551 9771
2427 239 9114
3304 2729 1928
394 4767 4133
3163 4541 5255
1357 3008 3044
394 1750 485
1586 2556 5379
3671 2015 9527
3317 2380 8303
2257 2653 7741
1012 2123 2754
4445 2630 8506
1920 2826 6029
18 2149 6211
3238 3693 7092
2416 781 4249
434 3546 374
4663 3102 6195
1834 4626 6314
754 92 6062
4532 1672 2535
3129 1767 7497
4576 3793 8811
4515 3238 8057
1947 329 767
3829 4349 8302
111 3852 8317
4481 3227 983
62 4362 9317
4037 4567 7571
1363 3950 3184
2268 2327 3315
4573 2851 6435
2807 3220 8319
4001 2198 6962
4035 3942 2457
3451 1417 3139
73 2485 2037
1404 4045 5952
288 1227 8444
2551 1288 927
4789 829 7239
2627 669 2237
105 535 8536
4721 53 9724
3782 3237 8989
208 209 2685
3049 4549 9749
3406 105 6171
3454 137 9585
4456 2697 7699
2516 990 9860
506 1997 1228
3660 2300 449
350 2936 4269
4335 4006 4168
627 3379 1364
4598 2679 5630
3922 1722 779
1687 4351 9241
4538 4366 9109
560 658 2511
29 3870 2725
1324 4161 9804
2303 3755 4844
239 2798 8766
1010 4381 9048
3470 3723 1400
1273 4256 1515
15 3938 2642
3686 3635 8317
568 1015 1086
2528 2017 2917
315 1914 4981
1874 2950 5166
1761 119 1127
1050 1282 8270
460 2185 8343
3054 201 7109
410 1839 1729
2831 3602 1651
1100 2780 7637
1145 3298 3834
2477 1576 3877
817 1394 6720
3425 1071 8103
524 1827 5426
1389 533 88
2645 3321 2248
994 1544 3114
4291 441 8056
89 4089 4535
1312 1251 5105
274 4409 6689
2675 3371 2705
2205 680 9015
1435 901 5559
1593 1228 6988
2007 2616 9296
4769 75 212
4 2356 7694
2280 2067 4553
1243 257 2261
4433 2630 9856
14 4681 4724
505 2455 6017
969 4343 2780
3902 3793 6741
3801 1763 1004
1871 2755 7691
3522 4392 660
2713 3394 936
1838 1022 2787
3162 1052 4439
4713 4484 8111
4554 1177 8839
1670 2217 1537
1273 792 8518
499 4447 9470
1935 353 8992
3718 4068 7643
785 4520 2483
4200 2152 337
1993 2057 771
3199 363 1154
4637 144 4144
1121 3073 9848
4767 3252 1761
2228 4092 67
2903 3886 4711
4446 4173 6402
4024 4355 1161
1205 2200 1430
3083 3777 56
4098 1350 7788
2380 3853 9425
285 246 7379
2970 767 5546
2745 310 7474
2539 1774 4935
186 4309 814
2607 3908 8765
1748 4083 4627
3778 3348 527
1746 4657 1271
4754 1232 8961
3467 241 7305
2906 1486 9760
3149 2185 3877
4707 2406 7141
3364 3632 775
452 1826 4117
2787 350 7978
472 2979 8022
2268 4521 3018
4286 4658 5990
1247 2993 6625
2808 3248 377
1341 1203 499
2893 1447 2653
4585 2166 2619
262 4468 6579
2320 22 8702
3976 3613 660
1068 3747 1573
1559 843 1947
1846 833 1633
3228 4646 5282
3011 2468 9988
1244 1315 733
1975 3791 1518
2157 546 8336
3134 3953 3951
3030 3540 7978
3404 2559 9569
1420 2960 1591
4457 4179 2962
1770 2765 5435
3722 1640 9581
2103 2012 173
2617 2739 1645
3267 3438 5877
933 1205 2147
3646 4077 7455
4601 178 6867
1473 2143 5184
3926 4130 7611
1794 3903 8626
2758 2292 6173
3135 4617 9353
192 1309 8422
3027 955 2982
2956 3638 7918
3244 4213 2550
2288 797 9330
2897 4558 2130
1434 3472 9703
1306 4604 8160
1309 2663 427
3713 1102 2707
3247 4427 1170
1993 4469 9420
2166 1908 5644
4720 1984 7083
241 2529 2073
4585 4301 3928
2011 3413 5401
2853 588 2028
4722 4399 5269
25 265 5065
907 4619 4191
2462 1516 5016
2520 656 8067
1374 1898 5742
511 2065 3583
107 2089 9161
4553 1692 7863
3387 2256 2237
4169 1319 8436
3910 2260 8903
1476 3030 7800
1664 3945 5283
993 2261 7061
2117 577 6189
2894 1086 5343
4522 508 6785
1658 4780 2130
1038 149 8563
1600 2292 5521
514 1410 2361
132 4792 9420
1118 4149 6060
2397 3799 9200
4505 515 9246
2625 1424 8271
476 4664 2753
3912 1224 2716
2417 3591 7938
4431 4280 4463
651 1714 2850
3620 4210 8821
2137 2547 8159
309 4348 8173
1466 749 9743
2962 4121 2804
1622 4430 8961
234 3027 7610
2378 3583 9259
4083 3757 8515
2314 2139 3264
3175 1283 1884
2633 1163 2439
3895 111 3426
4119 3049 9854
3697 4469 4703
1914 3946 7842
3867 4012 2036
710 2666 3910
2588 3264 1524
2842 4047 2378
2400 806 5862
4262 917 9651
919 100 6347
2780 4663 9511
2597 256 1529
632 627 4223
387 2199 4361
2073 1887 131
2242 790 3758
2154 2367 5239
4445 3957 5071
1596 1059 7602
4531 2726 468
615 542 1719
2159 4161 9527
2011 4406 6589
827 2379 4574
2364 4480 7637
110 3708 4700
3376 2143 9444
3174 82 9774
113 4676 7544
1677 3181 2195
2669 2976 1787
2417 2041 2265
3652 4538 7463
690 4602 406
420 2814 2432
3770 3613 287
4636 4347 8016
767 2843 7594
2803 2807 1896
1848 1815 4310
1871 4676 666
1008 4339 9560
2868 4152 3838
1566 4044 9381
3411 375 9272
2464 217 7979
35 1846 2443
4036 2242 3912
408 4406 3322
1454 4741 8976
462 2944 66
4523 3816 9998
2714 2687 9015
3193 3341 5572
339 3053 7993
4244 1525 5708
4256 4273 9294
2155 2350 4467
2495 2220 4826
4637 2754 1514
1717 2884 160
116 3724 1590
4609 4142 9079
453 978 2607
1203 3212 8226
3548 476 4022
316 3362 9586
2064 2860 307
2745 1088 2607
637 2731 979
1145 1357 1323
3552 1918 6505
4681 3712 9540
4570 3937 998
1440 3470 2499
814 3884 8286
1818 4062 4230
1412 3909 1321
2641 1510 8181
4271 2936 9788
233 2663 6082
88 4225 2422
1612 4529 7169
4407 2874 977
1248 4688 72
2407 1647 1503
496 1741 8964
1485 2158 7056
2461 4035 9706
4670 943 1732
1414 1509 5196
3785 1919 6646
1773 4633 5870
712 2532 7843
3388 2063 216
383 28 6957
1257 4588 800
875 3436 1195
4328 2026 413
3133 2635 4513
1206 558 6689
2458 4109 3012
1130 2303 6770
3910 632 5618
3549 4477 1286
2698 4423 9384
3830 4063 4972
3110 1071 8653
4705 359 7485
1363 1058 8792
1607 1674 3226
2939 1460 9253
759 1511 9249
4675 4799 9929
1551 4414 5650
428 2393 3517
261 1051 7721
3407 2068 5140
1692 598 4963
2733 2953 5942
4682 4523 7311
2061 2636 4078
2726 2333 7491
389 2172 4458
4176 881 6708
2736 2014 1842
2359 982 7198
3092 1011 8838
201 1492 2010
2883 2552 3264
163 1082 6057
2999 3190 3507
3205 492 6857
4223 3683 959
629 3778 8174
59 720 8212
541 1227 128
401 3644 1532
2911 2725 855
2760 516 5017
2822 3994 7419
2845 3865 1482
116 795 8535
4451 3783 9770
4456 968 9656
1699 1295 5601
755 1115 1821
414 1315 6679
1659 3181 5856
2633 219 4701
2465 4616 865
3340 4459 9253
2442 1107 3865
1756 3840 6091
3860 2618 1587
833 2341 6934
3118 2643 4246
2973 1464 4763
2447 4270 5527
1154 1915 8390
4249 4192 4524
1266 2261 4850
3175 2473 3686
3040 1586 1531
4379 4079 4124
3140 2058 9190
2929 3323 8881
4740 4340 7822
2556 2703 7268
2178 3258 2533
2368 1644 254
553 659 1200
1596 2383 636
3766 3818 3473
391 1622 2293
3443 4208 6082
2050 1277 2684
4748 1413 8686
2511 2422 4667
2383 1077 9922
104 2935 7402
3129 1124 7126
4031 2063 6078
609 1805 8697
3864 359 7185
861 2230 1550
4498 3647 4833
1888 906 9184
2454 3812 8653
1144 3973 906
4079 4343 491
2688 603 123
3783 1560 9898
1628 1996 5730
1246 3526 2478
1306 494 6924
616 2230 7586
365 2106 5399
3258 4435 6168
1674 996 3872
2907 2204 6982
3561 690 4779
3164 3833 9452
2895 1633 2925
3508 3186 3583
3559 3847 9742
3387 2957 7097
86 4214 7558
899 2702 7512
4414 295 8469
49 1490 4875
1594 3828 9095
4222 778 6154
2084 1167 4847
4192 4373 2312
1204 4040 254
1358 3443 3118
4052 371 6915
3654 4355 798
2499 965 8690
3498 2786 1838
789 2529 6413
1070 4510 1122
9 172 1446
1846 2717 2100
559 4437 6725
2801 1893 6214
78 3104 3730
4757 3077 2930
3537 3945 5510
2763 4699 5617
338 3250 1410
1549 4089 7974
1256 2947 5632
4141 4013 3502
50 3293 454
2071 1431 1834
1332 1909 6912
3395 4402 7846
3569 2468 684
2447 2191 7928
3736 4172 110
4294 3160 6149
1706 2816 7250
152 3437 8358
4571 1366 4157
383 2192 4994
928 1442 4968
1937 26 1515
3103 1594 1291
2414 2285 9266
2539 1693 2350
247 3716 6056
4337 1030 6662
995 3880 8933
285 4667 8690
802 3035 8350
2187 705 7001
3881 1540 754
1224 1368 7684
260 1742 719
3587 4425 3808
2887 4425 5866
685 2537 950
3222 318 9923
3369 1549 3668
816 3079 8367
2686 873 2346
1975 4500 9007
1193 1975 8205
4785 1586 3897
4342 1049 162
2898 2090 6146
3638 3099 9627
3643 53 9061
4449 934 7080
3939 3676 3403
1581 3521 8934
1734 584 751
3667 686 2961
546 314 8978
3283 1756 9766
300 2519 6781
4589 4672 9741
3613 4386 4411
365 2722 615
2636 1859 4846
1202 2291 2392
2968 640 2844
2199 533 7872
522 2217 8177
3509 2303 8349
4397 784 1243
869 526 3481
2068 2921 7722
1039 4706 5948
269 1772 1403
2374 309 8174
351 472 6730
4633 4082 6042
4410 1593 7286
4233 4406 3734
4086 3941 1473
3194 1283 3875
3804 1118 6311
4371 2809 7557
2203 4482 1210
4648 274 1123
3405 3093 8066
4025 4369 8171
2618 3103 431
1984 751 1824
3063 2697 7523
3326 3738 3534
441 983 4639
1438 3181 6181
2604 3172 6726
3986 2346 8737
3187 968 3553
2448 1492 8352
2708 3275 923
4365 1247 8950
1687 3971 7123
4131 1314 1887
1971 2218 6120
3143 3921 9555
998 905 2568
2710 1615 9223
2273 3612 1653
4003 3633 2235
760 1197 8924
772 4349 3422
1019 552 1755
4330 2085 6121
2928 2379 3851
3994 754 2429
3554 139 6905
3153 1661 7431
3656 3801 8562
340 3292 1789
3577 3202 2079
4402 678 2621
713 3408 6215
795 430 3093
1474 610 4209
3541 1535 3970
4451 4390 6854
4514 1519 35
3772 1070 1897
456 4121 6243
1999 1040 9640
4790 2340 8086
2341 523 9619
1935 1667 962
2209 658 8579
1504 3584 1504
2445 3247 3471
3969 4139 6538
3458 3266 8504
4406 1901 1443
1585 259 4902
4109 138 7762
4301 4792 5962
208 4233 5833
2526 3287 9842
766 2354 5668
1757 4499 5443
4293 433 2704
2181 227 5489
3524 2278 3236
3445 2132 5486
1561 4354 693
4572 2027 9766
2277 3942 7212
4339 1122 7969
1962 3741 3226
2522 3591 6972
2361 1843 5472
2910 56 4010
1604 2174 5287
4583 818 8310
3190 1401 934
3062 3753 7648
1059 2644 4269
1233 2478 1398
3595 1225 6726
4 252 1462
3946 1247 626
2793 2919 6644
3403 2919 8967
1342 2271 2290
4423 2590 9439
1318 3261 7817
2704 2310 309
3722 530 3902
354 2132 7029
2018 4307 7462
2356 1076 1141
876 3789 7777
335 1094 8043
2667 2504 416
2398 461 2587
3475 3241 9088
212 543 4900
63 942 8802
11 2559 4900
1461 2654 4312
265 2719 440
3012 3792 5329
3102 3075 7329
24 1365 1750
3548 2007 6295
4090 4746 2755
2015 4536 6497
2388 2971 3566
1645 1009 3246
250 818 8372
532 620 4800
3366 3246 9861
4413 2385 5340
4522 1268 4328
3298 3409 5874
4730 819 2258
1057 3055 3599
550 2093 4743
3984 22 4680
660 2470 4552
1516 82 3186
3808 1625 9138
3209 1282 6982
652 3352 2576
2406 1752 1597
4784 705 981
99 2590 9602
4261 2341 4694
1700 4459 1372
4614 966 4823
3232 2569 9130
2338 4689 2140
1303 395 5473
766 1591 7183
273 4572 1078
2632 1624 6525
846 4611 2712
2034 500 498
4536 2796 1299
3561 2029 1542
2893 575 6445
4489 729 650
3050 3120 7346
4221 4665 6886
2069 4006 8097
3227 2538 2067
742 3012 769
619 507 6880
3115 1539 1494
664 3696 8607
4586 3203 2909
2980 4390 9013
3757 1147 9296
4137 3917 9331
3994 2404 5783
3867 3586 1410
3242 3004 4350
418 3454 8907
3571 4592 6009
2173 458 4121
517 3445 1159
1979 148 8760
3610 457 2480
1779 133 8010
4787 1236 517
2231 228 6564
3892 2589 9593
1260 1810 1219
1954 2560 100
658 1651 7504
2161 1116 2905
171 2769 7410
4168 231 3313
4699 1976 6512
1908 31 8940
3119 3721 7229
3186 3179 4605
1831 933 2490
4622 4454 77
111 620 6014
218 1233 6885
928 79 6456
1124 2452 6535
3180 1500 7578
4496 3558 2178
3104 1790 8520
2589 1181 4237
1582 775 1094
1616 3585 8269
2897 2054 8065
3652 4719 4643
4446 1885 1014
510 4211 8253
641 1344 4661
4648 1447 6704
2758 2364 8985
3722 2363 8899
1219 3134 2448
3839 1722 8834
2473 2018 7289
3756 321 9024
1712 3278 4609
1250 2921 3634
1929 1146 1820
972 4480 9507
1914 3926 718
2867 674 5178
3037 2561 4312
3974 3454 2242
1050 3100 6443
2849 427 7576
4150 1270 549
1346 710 4389
2274 2578 8139
1869 733 2012
702 1730 9681
4141 1466 7624
2027 2342 6058
392 179 6787
4056 2534 6587
3608 2543 2888
4093 2208 1900
1327 2545 3271
1313 3747 5032
4024 2058 5753
3304 1057 4440
2112 2908 2553
459 2972 4658
3534 2347 2094
1029 4019 5226
609 230 4781
1513 1170 9576
3786 4368 3612
2362 46 3903
2687 1024 5988
3925 3719 3903
678 67 6490
636 1192 9835
3231 3361 1171
4362 3258 4654
3171 1237 8369
1017 3081 3416
1983 4590 5489
1732 3961 5296
3728 3407 36
2816 3912 5418
4186 4374 4012
3969 984 9675
2885 589 5761
1719 3272 7029
2365 4511 179
2161 653 3113
2399 1315 3414
983 1132 6908
577 3783 4448
3051 3138 3133
1147 1611 1864
2969 2631 4489
2963 3789 9969
1241 181 971
4480 2869 7276
4687 4069 5204
1216 1512 1141
768 3808 5999
4398 3904 5255
111 1965 6361
3067 2225 2425
1516 2404 1616
2167 3372 228
2683 1729 1201
1903 3539 3401
194 2066 5729
1316 2722 8400
1521 3044 5972
3132 3858 5927
2693 1409 6492
2065 3404 6871
166 2744 3657
2496 2193 2917
1268 4528 6531
3660 1401 3821
963 466 3850
589 4768 1792
4109 800 9393
1331 883 6538
707 2874 4211
684 4002 666
980 2967 3031
4100 3848 4302
1781 2598 5977
3953 4513 7742
4542 1348 7891
1637 919 5879
4705 2478 344
2113 4780 6239
2051 4026 9063
848 3744 3779
4113 57 3616
544 1911 2251
3929 3854 6844
631 731 7699
2408 2474 4248
937 163 2062
414 294 3516
4258 424 480
1688 3780 2184
1136 616 5660
623 2041 6163
937 863 4323
3662 33 2136
2678 1466 1715
1487 114 5168
4746 3266 8843
3222 193 1276
2309 2013 3440
1007 1864 8884
3833 2046 6543
3484 1075 970
725 3199 3551
3446 4295 8441
4719 4506 4499
2323 1442 1716
105 3460 9269
2295 3612 3854
4727 140 5857
380 3380 5934
2028 2394 9651
2263 1085 9412
2398 1234 349
2116 1336 8943
4406 3815 7856
3387 1446 5950
4635 449 3007
654 4293 749
1278 3531 2818
1427 3864 5214
3744 464 7001
4683 3892 2818
372 3476 4714
1713 3002 1080
918 4180 8112
2453 1056 4801
4521 121 8030
4350 1134 5465
2396 2789 9857
1614 2918 2163
3397 906 775
2499 385 1704
2416 1998 5073
1533 592 7089
3460 4251 8056
2960 836 3425
2499 1976 8726
4018 2568 7139
2787 965 1039
881 3823 2731
4285 3430 1200
4432 125 2748
4042 192 8064
3882 1896 1388
1330 1191 9985
3812 842 1101
362 1875 454
2107 4201 2561
4343 4622 1995
4003 1018 5596
2042 941 3435
4542 534 9230
2001 1975 1513
3455 1812 3430
2608 2449 5591
945 2590 6594
422 530 9628
2727 1009 1326
2263 3530 6093
1131 177 9999
783 2668 5110
4398 4534 5989
3263 4038 2527
2936 4485 5112
945 2115 2140
763 2380 3774
3971 762 2947
1049 2310 4674
1247 884 1053
1 1446 5926
4092 3225 7962
797 700 9969
2474 697 7581
605 1182 454
3125 1494 6973
4464 871 2310
48 3959 5718
3589 2978 2119
870 1946 5563
4344 1413 7126
2618 296 4406
3437 2671 1496
1657 3185 9274
3107 1112 3213
3894 4311 1982
265 4242 2380
4109 2700 8840
3812 1306 5738
4457 3515 7769
2016 2248 6351
802 3066 6987
3178 875 6321
3210 2123 790
3462 3724 8486
1299 4487 9167
450 910 8284
3734 1620 4101
2775 1746 4961
1488 337 3375
3075 1917 8055
2243 3874 4353
1522 907 2338
4199 4008 2582
2526 1327 9575
1883 1409 7912
2988 2927 8840
3374 3175 4151
2420 4794 88
1342 404 2562
2636 1177 1376
3683 4024 86
1058 4203 1365
1142 2950 1487
3667 4440 6183
4000 1616 276
746 350 929
2877 2984 1290
979 3565 7815
1229 2011 38
1651 2563 7245
1969 4134 6394
2915 1436 3354
1485 2206 3870
3069 3322 7187
2136 1489 2139
3472 3056 6795
1337 2244 2843
2665 3369 3653
1531 191 1319
1812 2792 3513
1847 3894 1835
3589 84 9586
1581 2215 7467
600 3107 7296
2766 1360 7206
668 2385 944
3388 4781 9885
2220 1585 2125
2733 2347 9765
3613 614 929
1927 3943 3184
2928 2901 3229
1404 1064 8992
4018 1496 4622
2195 3826 4469
2093 567 8409
4512 3726 880
1222 4507 5639
789 3203 5168
463 5 3424
2003 1727 4834
4416 865 5396
3018 40 9234
3704 3882 7203
3809 2884 2923
2141 3432 3009
642 2921 4720
1057 3177 7563
2280 175 2520
1019 4229 6461
243 990 1670
3025 4190 4500
4035 4560 3111
464 2022 4002
4388 1962 7202
1653 2067 5821
2133 454 1230
3533 386 5904
2988 1190 1870
99 2379 8662
760 1259 3241
3537 3408 5998
3418 808 3597
2477 121 4131
3004 2672 1121
3209 47 2722
1800 3895 5610
2909 3543 7788
788 3274 5123
3441 1891 1658
3848 265 4975
699 1309 9200
3688 655 9043
2840 3096 301
3673 2829 4678
1229 3686 514
4248 2288 5173
2311 4685 3445
2290 2725 8815
3079 852 4305
7 3811 4738
3558 4379 38
3999 2135 444
3414 3047 315
3660 2031 3546
3106 3994 7568
2275 1216 7258
2161 2339 2729
1064 422 1880
1289 168 8198
4222 1715 6165
142 2984 7954
679 685 3883
675 2715 3952
325 3021 8190
52 3542 4988
1305 4703 2545
898 2768 7732
1057 1623 9903
4070 2083 2690
1231 1440 6537
3858 185 6625
1702 4564 5438
4174 1445 5684
1256 293 905
281 729 3169
513 417 5484
4658 4577 6001
3286 1499 3056
1567 4581 5871
903 1127 1925
659 1774 2159
2644 4516 6461
4648 1196 2791
4322 155 3850
1872 3582 5124
3400 4205 9496
379 2747 3714
2400 3220 7805
4345 3197 8996
1912 1373 7296
498 2589 8301
2489 2591 3195
3889 3133 2692
3648 563 2890
3217 4762 3399
4726 785 9591
923 1491 9612
2935 4284 3182
2196 3146 7328
2846 270 7126
3871 2299 2568
4399 2535 8187
2592 4290 2438
1692 1769 65
2793 1351 2703
3834 496 9166
2600 1368 7491
360 4676 7566
3215 2926 6916
2738 2545 4386
1993 336 7843
2308 2622 7102
4392 3903 4168
1897 56 7493
4719 3387 6380
2240 171 5596
771 2824 5497
4153 2299 72
4568 1578 7866
3900 897 3741
1644 3838 3775
524 3405 1736
4669 3102 5544
138 1806 1187
1294 851 1113
2473 4329 886
3366 1849 3690
1942 2643 3014
1413 1770 771
1959 852 2825
1155 3410 8997
3359 239 4643
2822 3332 2912
2967 4181 5142
2291 2398 9504
180 3276 6773
305 1944 2169
1674 1438 4769
500 1831 9982
4488 2679 3695
4246 1838 57
618 1563 1768
4367 1873 206
3084 1116 4955
3978 837 3501
916 3727 1439
1486 3187 7187
2471 4365 7599
951 1017 546
1267 4004 4910
940 4082 7901
4794 2880 4496
3732 1770 7366
40 1414 3526
884 1137 8379
3383 4747 9103
3276 3090 6575
1482 2767 3043
4745 2110 7816
1327 1381 6830
2996 4484 8178
3485 4403 2555
105 2724 6415
1848 3795 9623
3563 4505 5945
54 2892 2329
3507 4004 4259
3858 3866 9521
4296 165 4584
4730 482 146
1814 4543 9818
1576 3001 310
2518 2092 4982
3167 3232 8172
3269 2654 5219
134 2456 6740
2584 1422 8369
3430 4657 1106
3067 2541 7234
2461 2735 5175
2307 1536 9700
1353 3524 1806
2828 2089 5192
3179 2724 9814
1555 2566 753
3885 2253 7390
3677 3837 7168
342 476 2860
3540 1101 3942
923 2299 2309
1855 2724 3251
955 305 6058
2274 3321 121
4289 2104 9505
1924 931 9482
927 511 2827
2711 4675 526
4220 1757 1089
938 539 108
2208 1398 315
4616 3239 7157
3631 2677 769
4697 3429 2738
1240 4387 4647
2083 647 4583
4034 1668 9502
4042 1152 9612
2053 4070 4452
1028 1489 3249
2928 2749 9746
1563 4593 1847
1838 3321 4
5 2396 7407
3648 2486 2630
2857 1656 7936
263 1461 2935
2088 2521 1837
578 1976 201
2120 1753 7084
3714 4516 4008
3379 4772 6621
342 1989 1250
3855 3735 250
307 701 8187
4239 3036 7876
4456 4752 2286
1594 494 6226
267 4690 6502
3246 1661 842
1000 3610 5860
4219 1902 2985
1621 2686 3074
3732 4588 6311
2546 1503 4169
3939 706 5748
2571 1506 4705
3715 3786 8661
3158 3934 9133
3883 3397 2723
1329 2444 2479
4403 1120 7802
1385 558 9799
2858 4602 7674
983 1585 3005
2933 1814 1773
4152 4122 7154
358 3766 3226
463 1517 8743
1050 4465 6476
2424 743 8121
659 3740 3462
2083 1261 1952
1139 216 5246
306 2426 9154
3460 2135 895
4004 1437 4485
2154 875 2237
4104 2600 9958
3004 1190 669
673 3783 1209
4532 4172 6841
3171 2925 948
1091 3295 1858
680 4549 1026
4738 163 6981
2046 1137 6662
4629 2889 9355
2465 4297 7512
1163 2630 9496
1547 771 8226
2244 573 3457
2485 2660 3317
3521 904 9354
2162 3603 4986
1417 4062 3627
2642 1343 9413
3981 88 5971
1381 545 504
1420 1577 5008
729 1829 241
1552 1612 4839
3188 4018 4565
2283 1812 7069
4372 3606 4204
3581 4295 3321
4660 106 1513
791 1944 343
1623 3285 1347
3721 1322 5
4465 2363 7528
3005 2683 5639
977 2722 6569
1132 3615 980
3056 685 3280
740 450 7948
336 2279 61
991 2194 8022
3284 2056 7004
2394 264 7734
1227 1580 7285
4562 2726 1480
40 1652 2284
244 1078 7844
361 1232 3717
3403 4728 8928
1351 3732 7098
562 1150 6426
4478 3105 6697
1405 3349 1921
2671 819 672
1101 646 904
3356 1727 7011
4250 2501 4694
2422 2628 2447
2960 1806 9976
2007 2493 6372
4504 2370 5983
4241 1217 1918
3170 3131 1613
3781 1780 9666
646 697 6206
776 2326 5686
2789 2575 6714
2498 224 4331
3611 3288 2551
984 708 4654
2989 2260 8859
1985 2734 7646
55 2207 205
3318 2127 8236
3402 2021 7166
4670 1574 2289
2002 1056 9955
1396 3324 2403
3874 3717 7915
1694 808 389
3524 2894 2988
2489 244 1378
363 3853 519
672 3859 7730
593 3869 7619
4220 3840 1800
4502 2810 4778
1028 3443 3758
2008 1189 4327
4133 4257 3728
1041 2882 3933
4436 3179 7724
3691 1128 6310
3764 3024 988
486 237 6536
4756 947 5435
1943 1201 1003
3032 2493 1615
1478 4324 1728
3998 2187 8758
1182 844 7761
108 2379 8914
3458 3272 426
188 4460 6303
712 2895 5528
2125 764 2828
4526 3750 7585
3377 718 6475
780 4295 3829
3293 4315 2794
2950 3242 3944
4498 57 4457
1596 632 2736
2194 3868 8683
4735 1782 401
1490 3979 5074
359 3590 7576
2680 924 3550
1072 3012 10
133 3943 9723
3340 4351 3119
2535 4055 4452
4298 2149 3821
3835 2771 1946
4602 4288 7909
1852 4155 2724
726 2174 5537
2432 4678 7401
4682 1981 7987
2918 3060 3672
4226 3193 8861
99 1192 8752
2146 4420 9177
4655 2843 246
3116 2876 9175
4089 2714 6435
135 3758 3134
3050 2064 3023
3562 2810 5882
766 3619 4764
4305 2066 8367
1048 3993 6926
2031 2274 4169
2047 4622 7426
1495 3440 851
942 1997 982
99 4171 1691
104 1063 2852
500 4143 6751
2438 1712 9732
1790 3364 4857
1054 562 8775
910 3889 6628
568 2873 8907
3351 4196 2718
3383 171 5695
2634 1535 7234
1297 2002 1932
2755 651 2601
400 773 3150
284 1377 3587
4500 4218 2003
3014 1337 6132
2167 4167 4762
3701 4526 3375
1441 3799 1396
707 4475 6154
2961 412 2303
4341 3040 1745
2850 1185 2999
2271 96 6266
3612 3004 7252
2301 4210 5540
1699 863 29
2108 4629 2892
1332 193 6863
4328 4178 1983
233 4521 5738
26 2128 4996
3096 4153 6318
3036 1821 1782
84 262 2670
4319 4720 6958
4513 4220 4173
1271 2778 4471
300 44 2466
17 2298 5397
3951 1785 2586
3940 3978 4186
2932 3626 667
3335 10 7711
1227 1513 7637
1138 1678 4082
3027 923 6914
603 2141 9716
2108 1755 3044
3264 878 6811
333 3319 2674
581 117 4020
2147 774 5408
32 2597 7360
853 929 7786
4299 3453 9190
827 809 7060
4676 3386 9693
3502 2616 5558
3364 4104 1169
4627 2937 2632
2200 575 2362
1287 2792 3353
2087 32 6225
2264 568 8136
236 4015 7689
459 2903 2305
3179 4282 8460
1414 486 6545
3396 728 8446
4557 199 7457
4032 114 6964
4287 1430 4735
1514 2491 1190
1853 1221 4276
4366 1389 4893
3060 1375 9288
592 83 8908
1 1490 9956
4220 3653 8559
3756 4717 2464
2350 85 4757
734 1943 3590
3827 3263 8267
534 1125 1286
3171 1382 7762
3183 3288 1172
2018 2354 2425
4235 1656 1399
4180 1948 9730
4298 817 4242
1869 576 6158
3832 342 1824
1051 746 5443
3135 2336 6604
1546 4539 1486
3817 2090 4308
1939 2239 6164
69 808 7411
1868 3587 1851
1993 3311 4068
4535 258 3024
953 499 3735
213 1198 9417
2813 2744 4158
1127 3116 2635
2778 602 8974
2427 3911 5501
2282 1010 1958
4451 2093 976
2822 4659 6098
2990 1669 4944
1596 4192 3250
3800 2092 9621
1246 3718 5745
185 527 9645
4218 3436 4229
2991 2151 4357
2922 1792 6859
1164 1582 4248
1178 1066 2453
3725 1749 8841
228 784 8766
18 4354 5584
3912 1967 5637
3534 4190 9051
2448 4612 7096
1531 166 7645
604 2582 6704
2912 3609 2097
2482 4378 5393
4363 3298 2504
3242 909 8251
2414 600 8975
2662 2707 8954
2600 2428 3380
3532 2154 4052
1955 469 4203
2318 1311 5764
2943 868 117
999 963 4170
2242 2626 7779
138 3139 1548
1707 2167 7448
989 3009 8353
1199 3987 255
3399 3691 2037
4486 4570 3194
1412 3459 2928
2662 970 725
447 1668 8798
2254 837 135
405 117 2415
1960 3593 7965
3690 3167 5858
3564 202 3382
2383 215 3963
74 1405 5576
4299 1628 4262
2952 2195 4001
626 2867 153
235 3831 496
4178 1571 7278
2622 2872 9208
3020 1560 8990
3392 1710 3798
2442 2962 4751
1972 3257 9970
3395 805 5073
630 1320 7658
1639 3376 280
2429 2973 5974
373 2832 4884
49 2098 7123
1329 3966 7297
839 2547 7040
4272 4471 3896
3338 3561 6810
4499 1634 239
3186 3187 3514
396 1620 1135
269 3341 3022
4663 3511 9199
1446 1044 3248
4279 2152 6369
192 975 2666
3083 4707 3749
4102 3336 9378
824 104 6260
800 3530 7853
1099 2050 322
3624 575 4513
886 4333 7792
246 3189 5217
1348 3144 1574
3089 897 9391
584 3177 5011
962 3013 6225
1879 816 8017
4433 1521 4485
4743 337 7380
3446 4348 4353
1899 2903 9388
3474 1887 4461
292 2049 4180
793 1257 376
2520 711 3004
1213 262 3052
2704 4731 9113
1575 1023 8243
3750 3299 3614
4448 1734 267
182 1167 3270
2659 809 2343
4542 1863 7562
2644 1428 7928
30 817 7661
2234 163 9209
3623 3487 6132
4078 745 3368
1236 932 1217
3124 241 7590
2573 4661 6514
3999 1434 1540
2181 2737 4774
1965 277 3325
1992 2898 3184
615 4578 2011
3274 1990 6229
1737 2923 8165
4594 2894 6865
1514 3626 2229
3186 4700 6348
1042 3790 6567
4790 1818 9963
4765 2738 7052
1122 2058 2644
3889 201 9621
1330 3592 383
4273 732 5240
2650 1241 9726
2363 1547 7159
3998 3904 518
3091 870 9836
739 4653 9075
1859 4378 7549
3769 2413 2623
3378 3601 125
3606 1005 7504
558 1435 8691
334 3275 863
3571 1738 7817
2049 3659 6216
3211 29 500
980 453 900
3556 4427 9200
2832 1378 3817
3629 3008 4984
1870 4005 7808
4010 2133 2350
1663 3765 1311
4198 1409 6503
3540 560 53
2414 1210 2646
2232 4335 8548
1410 2620 8589
4475 1946 2615
1072 4288 97
971 4666 5820
2676 1941 6264
635 754 2806
3790 2674 8105
2513 4536 346
177 2333 9133
251 2940 1173
977 910 3566
3504 4427 3519
4021 952 4209
3963 770 2841
523 3435 1153
4599 2933 7518
3104 2020 3136
1091 3728 8003
249 65 1355
3344 183 3063
2745 4549 9909
947 626 72
4723 2554 5107
1647 3026 1393
2118 2289 9637
3393 2352 3688
3334 1162 1144
946 2330 7716
2113 2371 9587
2835 1102 8751
2282 4291 5616
2628 3839 6569
2275 3556 4383
354 1233 5666
1414 752 3444
3608 3733 3391
2115 2642 3667
4245 1775 7541
4057 661 417
2823 1029 9566
311 1505 8957
4062 3361 5745
4314 1573 8973
501 829 405
222 1921 8080
884 689 1081
2096 2329 3332
1090 3445 1955
3076 405 3044
4679 2207 391
842 3112 7825
3586 3036 4692
834 4306 10000
1933 3040 7153
3658 2078 9701
2854 4119 6673
1670 2086 2731
1008 3716 7681
2796 741 3126
2020 1270 2790
782 14 1611
560 309 1193
70 2122 4150
3605 2221 8262
2029 98 2489
544 2674 8813
2279 3065 88
3544 2169 877
4457 4723 785
1223 2432 5933
332 2079 9280
3425 1544 6849
3816 3564 2698
4191 144 5882
2630 1987 2926
2194 4092 1194
2776 3359 6863
3122 2554 9853
2015 2063 6072
2832 1402 8132
2626 2810 3329
1751 588 763
4743 889 7464
4611 3170 2584
1495 3955 120
1238 457 7919
331 2242 770
224 2651 8310
1813 2540 4516
946 407 2291
2602 4538 4003
3466 4097 6218
3891 953 4131
1278 1169 8839
2566 4194 2861
2922 2295 1336
233 1444 2232
410 652 450
2370 3693 2743
3172 4692 1400
2172 1077 6319
3770 3925 9379
3050 3470 1928
3987 693 4922
3908 493 97
3552 4474 6165
4448 751 1521
3042 3781 3711
1700 3702 2722
2493 2649 4334
4789 4340 6513
1679 1509 790
3160 3176 5340
214 3187 1762
1279 2964 6656
2275 3610 4880
1765 2440 3101
3366 1920 8116
3615 147 7393
1062 147 3293
148 3205 3588
3366 1422 930
1399 754 2126
4657 1792 760
2647 2402 6784
4248 1052 7283
861 2246 9041
3788 1349 9285
2125 1454 4863
384 4348 3038
1299 725 1966
71 1710 1283
1444 4119 8264
3123 1551 5183
387 3547 5793
4004 4311 8364
2602 377 8620
4083 1081 6316
1568 973 3218
4686 2840 7769
2325 3830 8631
2947 1404 3417
4703 4662 1744
2487 2544 9746
4285 3921 3556
1957 4323 9089
1526 2463 7351
1944 3297 8207
2233 1026 6310
2156 2581 4813
2563 4487 6722
4337 827 3877
3821 1305 7608
270 760 8425
4701 3796 1070
608 3122 3652
4279 2243 849
3825 2271 3850
2116 3437 7839
926 2799 6959
818 3243 9772
629 481 191
3222 4494 7782
324 910 4217
3997 4751 2327
4502 2325 4301
2733 1577 4656
2028 3540 117
3881 3387 9043
3948 2549 5945
3536 3600 4213
1727 4603 5966
2828 4583 741
2779 118 7727
3026 2603 7143
4079 3023 7110
1580 3826 1359
2818 3327 6907
1443 2352 902
1325 249 6009
3730 1676 5447
4262 489 2743
2522 1427 7933
841 1251 4799
2841 2301 2180
3891 2503 3203
3251 3398 1545
673 1719 2765
65 1269 1790
2938 2020 8230
2554 3064 8054
2117 4074 3984
1791 737 2339
4667 1968 6197
2434 2081 2046
2762 2200 7840
4611 2836 6764
3977 3372 5060
2965 1137 4213
4351 2228 4069
1140 366 5657
1191 2215 4030
3230 4264 9172
2116 2953 1928
1599 2624 4822
2757 4229 9330
229 4366 2050
3812 1435 2757
384 110 6931
3532 543 9355
3351 2846 4755
1558 773 9445
4591 670 583
105 1209 909
667 4040 4142
1620 4177 7629
1129 3497 758
206 2051 6777
4788 1656 8055
1436 2581 6600
4194 4772 6963
3005 192 3089
40 3014 6730
2396 1549 3622
3912 1383 4826
1549 993 2813
1901 2179 6757
4493 658 2525
2318 1041 6198
3488 3042 9146
4528 3916 8913
4116 432 840
1376 3460 94
2523 2904 5832
1932 3528 5245
3408 1042 8734
2105 1510 1610
1289 3907 9899
4412 2289 119
155 1665 3623
2575 2905 6015
2125 211 3298
581 2785 5269
611 2874 4718
1720 2480 1723
3405 2095 9311
370 4653 315
1558 787 9456
2576 1459 9939
3703 4799 14
2755 3943 734
14 3020 159
827 749 493
3624 886 3667
3938 3850 5902
835 464 4278
216 3785 8549
4647 1250 1152
2801 2184 4465
874 4032 8309
1273 2426 7494
1406 3648 7656
531 1488 2459
1702 3724 8129
278 4437 8476
2251 3344 475
360 594 4922
286 2377 2085
839 4654 5986
477 3274 9545
3146 2427 7628
1860 1955 4591
1756 3075 9784
3079 1 3378
3632 3277 5759
2573 2588 6466
862 461 1227
490 4262 2684
3772 2836 611
2956 653 3834
4782 3290 7770
80 326 5252
956 3358 8435
4023 3380 42
2847 4672 685
1081 1474 9399
1979 2963 1596
4682 652 1414
2239 1494 6162
2203 756 5401
2047 1930 2847
1224 3373 4015
4487 3805 1230
2968 4445 2715
3478 1279 169
2567 488 2942
1215 4763 9794
657 3842 871
3540 1290 7488
956 2213 8378
3803 3146 3411
4300 2103 7907
855 3111 567
2129 2446 3474
638 93 9403
531 2893 3052
267 3919 6404
337 2050 7130
4426 2112 501
3837 3320 2558
287 1656 3431
828 2420 556
3624 2051 4534
387 2304 6308
4583 2440 8980
4639 3782 7485
1047 1587 4767
2421 4757 4724
4216 4711 9207
2609 943 7137
66 1387 5405
2259 860 3062
4186 4739 8252
539 4694 8145
2702 1019 3449
2117 521 1355
4598 2891 9525
960 2508 5663
4602 1559 3278
4023 4071 9146
475 265 7097
2686 3791 8361
4150 1280 5022
4301 1848 8535
1785 1536 9397
852 279 8056
2942 4069 5286
422 500 6555
4492 3137 5045
906 2688 679
4769 1935 1301
4694 4068 4709
1254 1893 4662
2782 1725 9912
4761 1253 8266
2389 2659 2019
2383 3739 5381
1379 1251 7228
2669 4033 3255
281 2968 1771
2086 2217 5998
718 1176 1405
2045 1815 2630
1540 235 6555
293 1200 9048
138 2025 2876
903 2381 421
3326 3004 6563
4774 2030 9544
3921 4225 5573
1654 2571 6879
3695 4246 7593
4623 4203 7705
4550 1203 3699
4652 1503 4595
4733 2162 1473
2821 4133 3417
2012 2154 3665
3856 3650 5032
801 2101 2594
1457 644 5156
2525 1712 1634
4101 2446 2048
208 10 5194
4349 4537 6746
2735 3635 1687
925 776 5106
2655 3576 6882
1924 3829 3907
4263 571 5491
2038 349 7006
3291 141 7035
930 3210 1789
1536 3225 7873
3299 1666 3693
2428 1737 1601
686 572 3824
2678 339 4325
1421 3034 5106
4622 1443 9975
1832 1863 216
3500 3711 6952
358 3746 4278
1910 3336 1045
4716 486 4862
389 2062 407
3847 1779 6188
4580 1078 5813
4016 3553 1855
3999 3158 7206
3971 2105 7207
2814 3818 1873
4073 1162 7962
99 381 3489
311 3253 3856
4788 4064 4844
3971 2479 2898
1833 949 4956
483 943 1168
3466 397 5313
4148 2958 8563
4663 1946 7971
2355 1731 6246
1157 1127 6014
2304 271 1124
1958 2214 2094
3265 1377 4858
3503 2981 7017
2096 3345 7763
2917 1825 5550
545 13 1009
3865 101 7289
379 2173 2051
4676 1881 7915
864 3351 9313
1478 4748 3164
2955 2605 5307
1848 4619 3482
2695 3940 4131
1162 2204 3309
1438 2620 9459
1495 4490 7879
2971 3871 7088
993 1880 2308
3217 915 6650
3207 1949 3448
3978 822 6875
623 3096 6234
720 4380 1226
2199 4407 5444
4505 678 8392
2964 1690 6179
4204 2761 7294
600 709 7994
1216 2460 7212
2229 3506 1762
4174 2506 9381
2232 997 6346
2909 4392 3314
2308 4658 7301
409 318 7649
2866 3688 5540
3339 3051 7648
3932 4211 9662
1573 2099 9750
3686 1295 4587
3487 513 3828
1976 3250 829
4483 3060 8855
3047 4517 724
2367 3154 8453
2344 499 3862
2917 4043 4741
3316 1027 9794
4475 2634 7008
3341 2152 4632
2763 2317 7706
2122 2933 2033
907 252 1294
177 4212 8022
2111 3626 7327
2097 4174 1057
1165 600 9941
4258 861 7347
3099 4605 9499
3684 1509 1268
2479 395 3258
3845 2510 6027
3572 3671 7118
778 2980 8147
1737 4271 2910
543 3371 4038
2083 4049 6631
2797 420 1458
1570 1546 890
3037 2455 6894
3798 3102 9348
2735 4083 6603
1800 691 7962
3320 3103 6183
1229 3721 8471
2317 3857 1435
322 521 4783
779 1152 1491
1313 339 8060
4763 1374 1769
1965 3973 8756
905 2167 645
484 3105 198
2019 878 7851
1565 2187 9839
3512 1071 3688
2293 4237 4272
1713 2664 2811
2768 1155 4885
716 2985 962
3449 2346 7353
2057 2768 9845
3830 3088 5365
1954 2725 1651
4183 1183 4050
635 4622 9426
785 172 4269
1587 3572 9820
3353 422 1316
3260 3235 9593
3687 2791 5519
739 1585 3998
2113 2190 8933
1551 233 6841
2779 877 4294
2806 1526 6793
4671 2168 9360
62 3586 9215
3412 242 47
1867 1064 306
3049 2612 1314
1060 2684 2735
3480 90 5266
4504 3698 5873
371 583 3935
39 3497 110
3689 3160 4050
852 3065 174
2338 31 9012
2047 2583 2607
2025 3599 2169
296 3403 2085
3994 914 585
1942 3440 7686
2329 1882 6103
983 3799 5695
3385 3685 1715
774 1979 4376
1056 3758 6638
1315 3548 4397
95 4800 948
3333 3392 1140
809 4621 4790
3243 4722 7735
1398 4588 8640
4753 1141 3641
2566 206 8661
2128 1258 2401
4036 3693 6554
68 547 8085
3535 4164 1515
323 3057 66
1540 1714 2220
4476 2458 612
2683 901 6584
1153 4036 4290
531 2483 4179
3822 2852 9408
3035 278 6549
4739 2648 4127
246 4148 8390
3029 2515 2959
1785 2102 4055
762 3118 9790
3150 1350 3087
1593 1879 639
2366 3973 219
3203 733 7929
4610 3531 9835
1667 1458 3592
1728 1847 8055
2935 4009 1862
2573 3405 2235
0 1439
0 618
0 623
0 1442
0 638
0 243
0 293
0 627
0 724
0 510
0 236
0 1086
0 634
0 1203
0 952
0 1321
0 185
0 1444
0 754
1 2301 4684 1117 1211
0 496
1 1556 3519 2911 204
0 6
0 504
0 928
0 1351
0 338
1 648 4632 8458 497
1 2877 3141 9353 915
0 651
0 1220
0 486
0 429
0 184
0 85
1 1847 3712 6812 107
1 2846 2697 4616 1042
0 554
0 1256
0 1180
0 207
1 3817 1070 3962 1117
0 548
0 942
1 916 4239 9023 789
1 2495 3594 303 487
0 1437
0 795
0 779
1 25 3538 1832 823
0 1406
0 844
0 1205
0 414
0 1372
0 178
0 1153
0 201
0 621
0 102
1 4514 3295 5416 1281
1 843 2925 5470 870
1 1335 934 9924 142
0 1255
0 137
0 586
0 806
1 1977 1156 6154 632
0 1340
0 1337
0 916
0 550
0 1305
0 1093
0 58
0 946
0 673
0 593
1 2633 3724 3831 1082
1 2606 415 9019 909
0 1257
0 737
0 907
0 230
0 549
0 1235
0 1145
0 731
0 192
0 369
1 3276 1837 4960 1181
0 306
1 3501 4304 7168 441
0 531
0 443
0 439
1 4215 4701 303 1441
1 3594 1670 1636 582
0 1064
1 1927 4317 5834 690
0 797
0 1116
0 881
1 3693 489 6890 88
0 1155
0 981
0 290
0 1077
0 579
1 2320 4295 9180 796
0 479
0 953
0 897
0 544
0 678
0 874
0 310
0 746
0 195
1 2805 4661 9982 676
0 483
1 2374 4636 7265 818
1 2999 3025 1528 392
0 465
1 1056 896 2392 389
0 1415
0 132
1 1582 2215 5468 229
0 367
0 614
1 2067 1085 7248 529
1 460 146 4802 1240
1 1307 2620 9258 169
0 708
0 1137
0 99
0 473
1 2903 466 1349 976
0 1345
1 4389 1239 8992 807
0 1030
0 57
0 400
0 758
0 962
0 13
0 422
0 901
0 322
1 2117 3443 9078 110
0 1013
1 2976 3833 4587 265
1 2367 1767 112 194
0 880
1 2639 777 5938 972
0 1320
1 5 2931 3436 138
0 125
0 383
0 848
1 1976 2709 5583 190
0 355
0 1274
0 14
1 2386 277 538 971
1 3560 3501 6155 126
0 539
0 515
1 1945 868 2050 393
0 826
0 25
1 4563 935 3760 1241
0 1377
1 1610 4511 2340 1092
1 850 4268 6081 672
0 1396
0 1273
0 46
0 875
1 2527 202 5115 677
0 573
0 604
1 354 4015 1923 211
1 4547 1282 4159 477
0 1074
0 889
0 1319
0 1081
1 1324 3572 7430 87
0 1371
1 1612 487 8779 115
0 1169
0 934
0 659
0 15
0 636
0 565
0 1025
0 1265
1 956 2629 2273 114
0 1318
1 1818 4097 5681 136
0 153
0 533
1 2149 3505 395 1096
0 119
0 871
0 633
1 102 769 5713 302
1 4361 3082 5643 1172
0 1078
0 1053
0 492
0 297
1 2608 1642 6057 398
0 475
0 697
1 2287 2573 7432 1243
0 1279
0 9
1 647 4393 1800 1175
1 3601 647 8965 1195
0 525
1 1310 559 1125 692
0 1106
0 141
0 768
0 494
0 347
0 658
1 561 2659 5402 432
0 1394
0 1239
1 279 3606 6117 1416
0 27
0 945
1 4685 3501 9770 918
0 1427
0 689
0 247
0 556
0 166
0 1098
0 1148
0 1233
0 66
1 2646 3374 4447 629
0 707
0 417
1 1344 1005 1129 1194
0 232
0 1190
0 1446
0 660
0 1114
0 358
0 820
1 3648 3437 9046 752
0 53
1 2832 3242 1139 152
1 3013 3861 5031 271
0 997
0 1173
0 988
1 24 2988 6680 961
0 727
1 2579 353 3159 545
0 821
0 657
0 1272
0 1095
0 703
0 835
1 959 3682 1171 327
0 948
0 927
0 933
1 3824 3782 3624 372
1 4045 3357 5902 517
0 68
1 2700 732 8737 719
1 3408 234 7878 444
0 468
0 743
0 982
0 1251
0 253
1 3287 4291 790 905
0 829
1 1600 285 6025 505
1 1502 4516 9889 187
0 1147
0 31
1 3511 3268 7060 1420
0 1138
0 625
0 849
1 2617 4124 3649 346
1 4568 3876 208 1029
1 2613 4386 5382 716
0 1158
1 3069 2076 4388 1056
0 331
1 2505 1403 9344 995
0 419
1 3776 694 1140 761
1 2042 93 1025 234
0 1260
0 954
0 1284
0 1300
0 340
0 1389
0 1236
1 1158 4236 8711 324
0 353
1 831 2779 5569 1128
0 275
0 757
1 4258 499 5566 1309
1 88 2091 9544 1123
0 493
1 3731 309 9700 1399
1 4259 3195 6867 52
1 4303 4269 7548 516
1 996 3853 4218 664
0 1023
1 4144 2253 339 1327
0 1223
1 3078 3261 1789 935
0 1336
0 932
0 96
0 522
0 1330
0 464
0 478
0 206
0 530
0 170
0 805
1 1172 42 5716 817
1 1224 3454 1883 788
0 734
1 1729 3360 9419 642
0 112
0 1076
0 1286
1 336 2630 4529 404
1 2921 3482 9178 783
1 1202 3820 5163 1178
0 1353
0 453
0 553
1 4417 3584 9231 1112
0 332
0 298
0 1167
0 83
1 1560 1942 510 947
1 1014 1645 5243 295
0 1376
0 176
1 2185 1843 914 543
0 608
0 967
0 710
1 9 4205 762 1115
0 1079
1 1839 154 1778 616
0 1118
1 1497 1316 1736 281
0 246
0 1107
0 569
0 437
0 785
1 3829 3056 172 775
0 742
1 1767 1673 2056 662
0 1132
0 351
0 456
1 1785 2870 8667 361
0 837
0 472
1 1817 1993 7257 339
0 861
0 1026
0 433
0 1201
1 1408 3297 6195 1080
0 484
0 712
1 355 1519 2858 1122
0 1066
0 1361
1 4241 2353 1325 1359
0 865
1 2967 304 5103 791
1 614 3258 8926 182
1 3268 4252 5027 787
0 1101
0 334
0 51
1 4566 142 6430 283
1 523 1043 6766 912
1 2717 2787 1109 312
0 733
0 1004
0 1044
1 4776 4476 7900 648
1 848 4773 6377 594
1 310 3628 6394 1125
0 613
1 1885 4382 3483 1113
0 711
0 536
0 1350
0 198
1 3224 901 7140 959
0 721
0 1193
0 1360
0 509
0 214
0 828
0 815
0 391
1 4738 3780 2862 238
1 3401 566 1829 286
0 966
0 1381
0 1151
1 8 1042 323 882
0 1375
0 123
0 130
0 157
1 836 1818 5310 1055
1 1885 4258 1385 1228
0 173
0 446
0 323
0 256
0 1402
0 520
0 12
0 709
1 160 680 8971 824
1 3470 452 7649 135
1 2397 73 6130 782
0 158
0 639
1 1861 811 7557 242
1 2312 3309 6747 1124
0 237
0 208
0 1302
1 98 2688 8788 498
0 154
0 832
0 576
0 666
0 816
1 625 1977 8560 1443
0 830
1 4702 841 7097 193
0 1387
0 698
0 76
0 1054
1 2343 1864 1743 434
0 426
0 526
0 213
1 2228 1810 2011 1135
0 718
0 84
1 2356 197 1653 45
0 1391
0 164
1 2999 2785 2098 557
1 1030 2016 1792 1245
0 790
0 1032
0 609
0 1363
0 911
0 679
0 264
1 201 3331 639 584
0 1297
0 1049
0 1283
0 467
0 108
0 786
1 3075 3303 232 913
0 48
0 1208
0 387
0 567
1 3058 2029 6568 864
0 1198
0 1224
1 1933 2927 5295 917
1 2853 1693 5625 1405
0 1041
0 202
0 653
0 1126
1 2067 3321 9863 1006
1 2464 4293 513 294
0 759
0 171
0 1358
1 1575 2841 6852 819
0 1061
0 489
1 4280 2853 8558 766
0 116
0 693
1 232 1345 4012 612
0 1390
1 3824 3008 7906 896
0 842
0 559
0 1136
1 2816 1880 9175 980
0 671
0 1386
0 249
1 2680 3601 2160 23
1 2017 1863 5108 1367
0 1354
0 892
1 2472 4387 8537 1410
1 3252 4543 8062 655
0 167
0 850
0 1267
1 54 2854 4838 35
0 111
0 457
1 1643 2293 5423 165
0 617
0 914
0 771
0 10
0 485
0 299
0 541
0 1373
0 374
0 326
0 855
1 3613 3415 9793 124
0 1392
0 32
0 382
1 4769 271 6571 144
0 524
0 276
0 1362
1 1919 2789 7035 1057
1 113 436 5725 1008
0 280
0 854
0 1343
0 568
1 3919 3466 8745 65
0 1328
1 2394 4484 9687 503
1 4346 541 6107 343
1 4566 498 5616 98
0 822
1 3901 878 5279 1346
0 74
0 1043
0 803
0 54
1 2265 4060 6831 1419
0 1010
1 1558 1087 9580 1237
0 128
1 3803 3981 167 890
0 240
0 670
0 133
1 3906 3106 2483 1262
0 513
1 4602 223 5428 1436
1 1417 2510 571 279
1 4473 1102 7463 134
0 47
0 129
0 1308
0 150
0 329
1 938 1012 7652 684
0 1129
1 4277 3923 2124 159
0 756
0 1159
1 3419 4530 9552 1002
0 445
0 1191
0 1146
0 103
1 167 3195 460 1143
1 991 3687 5867 459
0 1108
0 1234
0 1018
0 1001
0 1218
0 200
0 1174
0 773
0 94
0 640
1 4080 836 3554 547
0 1278
0 1204
1 3910 4543 3911 320
1 3037 1390 2924 160
0 781
0 985
0 687
0 511
1 3427 2959 8646 1048
0 920
0 1062
1 3801 1423 3606 495
1 3330 2613 5793 1424
0 1292
0 260
0 219
0 289
0 1229
0 1209
1 135 3868 5876 1071
0 188
0 1238
0 1099
0 809
1 1246 4063 1948 1445
1 3859 1051 4747 1275
0 224
0 245
1 435 3310 6978 1339
0 1121
0 466
1 2708 548 4794 998
0 1038
0 1430
0 1246
0 435
0 906
1 1162 4597 9126 853
0 1187
0 254
0 1020
0 266
0 36
1 2896 3395 998 691
0 562
0 1411
0 92
0 902
0 1017
0 482
0 1263
0 147
0 1100
1 4452 599 1644 335
1 1058 4204 2848 1403
0 241
0 866
1 2007 1839 9704 1380
0 507
0 1094
1 2212 51 7428 1192
0 540
0 1422
0 210
1 3133 1970 1068 869
0 534
0 1280
1 1281 2178 6637 1258
0 1385
0 1103
0 577
0 93
0 1317
1 1507 3693 4329 979
1 3877 778 2763 172
0 944
0 1199
1 1056 1322 730 994
1 2741 4183 3302 1088
0 1119
1 2464 2089 8657 644
0 365
0 209
0 42
0 480
1 2287 2678 639 1282
1 3711 4119 5844 1242
1 1632 1385 3201 1085
0 1039
0 1015
0 1111
0 28
1 1818 451 9031 1068
0 895
0 654
0 411
0 481
0 1131
0 1432
1 3930 4584 9751 1310
0 1398
0 221
0 652
0 686
0 1130
1 4484 3539 9785 894
1 4478 1801 4624 449
0 407
0 1417
1 2561 294 4825 1012
1 3314 4008 3222 969
0 502
0 62
0 1134
1 656 4453 9740 696
0 1215
0 205
0 1288
0 474
1 1900 3374 2164 619
0 356
0 394
0 56
0 1089
0 685
0 647
0 1014
0 903
0 704
0 349
0 552
0 555
0 572
0 1003
0 179
1 3121 4652 6799 949
0 1253
0 1252
1 328 2430 4527 1034
0 518
1 2020 1627 4726 1365
0 216
0 863
0 560
1 3935 4210 6554 1271
1 3447 4745 9442 258
0 75
0 887
1 2563 3250 4186 1058
1 2433 491 4930 1060
1 3822 4601 5032 1210
1 4 1080 9692 1016
0 931
1 608 1033 5814 109
0 770
0 336
1 3744 4542 1407 1176
1 689 4396 8037 1022
1 3165 1980 6559 602
0 471
1 335 3580 1417 451
0 808
0 1021
0 1000
0 55
0 1306
0 106
0 1433
1 998 609 7670 740
1 3444 877 8872 228
0 1294
1 259 4758 6291 239
1 3887 2649 3942 1185
1 319 353 1463 1231
1 267 4727 8711 272
0 1364
0 41
1 1765 1219 2860 319
1 3734 1681 8662 856
1 254 3757 7091 589
0 313
0 1291
0 851
1 2616 2181 6460 180
0 428
0 262
0 965
0 79
1 4354 3122 3919 926
0 183
0 519
1 4155 3821 2663 33
0 59
0 760
1 2014 462 10000 402
0 694
1 316 2544 5479 499
0 615
0 1347
0 583
0 1166
0 1083
1 3442 1023 4377 802
1 1484 4472 5048 274
1 4193 1658 234 189
0 1314
0 1333
0 1379
0 1011
0 63
0 532
0 669
0 328
1 3417 2348 4579 385
0 252
0 463
0 447
0 375
0 811
0 155
1 1683 4142 2938 1005
0 741
1 1424 3120 7418 1408
0 345
1 4649 1265 6772 1435
0 1163
0 1332
1 3564 4121 1499 388
0 956
0 352
0 248
0 360
0 1301
0 390
0 450
0 753
1 1304 1065 8264 1221
0 22
0 448
0 259
1 704 3750 6787 595
0 341
0 406
1 1006 2499 6461 1295
0 1045
0 354
0 680
1 1090 4480 1957 415
0 738
1 2248 4404 696 357
0 1232
0 70
0 17
0 120
1 3274 925 4999 308
1 88 2733 9192 1287
0 993
0 1313
1 3828 4214 602 1072
0 938
0 1404
0 77
1 3286 2613 9380 868
0 877
0 90
0 71
0 1214
1 480 18 6702 722
0 598
0 661
1 3254 2651 9117 20
0 1266
0 146
1 3794 414 3780 174
1 2843 1125 1103 301
1 300 1834 3620 1179
1 4627 4386 1362 590
0 348
1 1910 249 3171 1206
0 1388
0 799
1 2824 2873 4569 222
0 930
0 1244
0 64
0 1312
0 395
0 363
1 4187 3783 2504 5
1 3286 826 1523 964
1 4534 1899 8970 800
0 839
1 3273 2231 5439 101
1 1356 3535 5499 148
0 1412
0 122
0 728
0 78
0 592
1 3644 2226 8614 1397
0 1331
0 1162
1 472 2876 4793 380
0 587
1 2081 4138 2277 876
0 574
0 1142
0 1149
1 4399 2393 9848 44
0 606
0 149
0 317
0 506
1 3274 4494 5367 631
0 296
1 3180 2171 7545 440
0 798
0 1334
0 501
1 2672 4091 9707 1348
1 3882 2304 8026 427
0 713
1 69 2241 7228 542
1 1809 2773 6486 1182
0 1227
0 943
1 2386 3151 6325 16
0 156
0 39
0 762
0 1400
0 575
0 730
0 1168
0 80
0 748
0 342
0 645
0 1276
0 1438
0 1329
0 86
1 1064 156 9419 1165
0 405
1 2449 2955 7264 1150
0 767
0 1315
1 3003 3851 3099 418
1 4440 141 992 225
0 793
0 304
1 1533 2624 9824 1370
1 2675 2644 9558 1418
1 2710 4586 7712 984
0 235
0 769
0 118
0 168
1 2723 547 5388 990
0 223
0 755
0 1051
0 564
1 3394 1847 5065 973
0 95
0 60
0 714
1 2240 2256 6592 34
0 250
0 723
0 1104
0 744
0 872
0 490
1 2553 484 6658 305
1 4104 4634 5597 1127
1 2682 2146 4281 217
0 512
1 232 1254 4860 1065
0 1031
1 3448 4201 758 292
1 4109 4110 6925 1087
1 2007 3491 9159 268
1 2790 3673 2065 622
1 3556 3070 5338 1225
0 1384
0 1277
0 69
1 2418 3362 9211 257
0 1216
0 1261
0 1197
0 804
1 30 3849 3091 827
0 922
0 1
0 834
0 244
0 1028
0 1059
0 630
0 1105
0 940
0 1144
1 1550 3658 7630 131
0 1156
1 1947 4544 1360 726
1 2616 3107 7341 537
0 607
0 337
0 968
0 1170
0 368
0 1027
1 4386 1237 6958 1421
1 4340 4579 6499 307
1 1410 1679 789 919
0 1157
0 900
0 999
0 1322
0 423
1 226 1116 8269 588
0 862
0 1133
0 1047
1 2202 3733 3537 989
1 2691 4664 6101 278
1 3795 1793 4997 883
0 233
1 3947 2368 810 1024
1 3484 1255 5602 702
0 992
1 3938 4479 1191 1073
1 171 4159 6425 97
1 593 1041 5442 476
1 4427 2194 6512 772
0 4
0 878
0 1164
0 852
0 668
1 864 1085 3239 1247
0 1063
0 140
0 735
0 1177
0 43
1 1642 2827 5721 963
0 1186
0 867
0 350
1 2697 1489 4433 1033
1 4179 2070 3418 1355
0 1009
0 61
1 370 821 7967 270
0 591
0 409
0 1429
0 181
0 291
0 1036
0 1303
0 611
1 2427 2591 2810 455
0 371
0 401
0 528
0 1007
0 628
0 936
1 3811 1670 9370 958
0 300
0 491
0 470
1 1901 3612 3627 624
0 396
0 1069
1 3283 1609 3323 749
0 1264
0 226
1 647 3668 8133 1304
0 19
0 37
0 381
0 330
0 325
0 21
1 233 2855 2288 82
0 212
0 1342
1 3918 3453 9369 287
0 620
0 578
0 838
0 951
1 11 3827 8629 1120
0 2
1 3605 1101 7213 538
1 4407 1539 1912 585
1 3495 4678 379 1323
0 996
1 395 1274 465 859
0 261
1 4262 4476 5960 1207
0 551
1 4335 4630 8207 641
1 2934 2644 2340 1335
1 2153 4346 4075 412
0 1289
0 546
0 1250
0 1110
0 1407
0 267
0 139
0 924
0 899
0 514
0 1109
1 2771 1540 4781 637
1 366 3605 8241 801
0 626
1 3175 4195 1519 1171
1 3419 270 3729 929
1 3721 624 7122 1341
1 1143 3163 841 833
0 410
0 508
1 2669 862 5093 145
0 1140
0 893
0 26
1 123 2766 5213 1184
0 161
0 845
0 764
1 2332 2911 7305 605
0 72
0 318
1 1263 843 7283 725
0 699
1 1843 3183 3457 665
0 580
0 1366
0 1425
0 597
0 1290
0 461
1 4690 334 5690 1202
1 4677 2374 172 1352
0 674
0 1050
0 941
0 603
1 2556 2061 8441 885
0 978
1 3837 31 9853 1070
1 4004 1192 8632 255
0 1200
0 105
1 2195 1431 9578 67
1 3413 1969 2300 127
0 563
0 939
1 1503 3124 3350 1035
0 121
1 4132 282 4456 675
0 344
0 1219
1 915 3735 7194 1183
0 1369
0 1249
1 1045 282 3198 970
0 763
1 3925 90 8637 469
0 523
0 386
0 841
1 537 1783 2112 739
1 3265 1456 9112 1268
0 921
0 682
0 73
0 610
0 89
1 41 4008 5037 1423
0 104
0 8
0 378
1 2826 4323 9649 701
0 810
0 1325
0 812
0 1298
1 4582 4067 6970 1269
0 177
1 1782 3103 5103 416
1 4490 4545 3633 904
0 923
0 695
0 1248
0 656
0 408
0 1052
0 794
1 4290 2507 8302 311
0 1299
0 908
0 263
0 650
1 4649 977 6419 840
1 1732 1091 7696 925
1 1788 192 5155 1188
1 328 1828 7143 765
0 991
0 937
1 193 4373 7744 1383
0 1414
1 3165 2794 9072 1293
0 303
0 91
0 715
0 273
1 3627 1571 6409 784
1 2335 1038 8524 886
0 1217
0 1212
1 4324 930 5874 379
0 500
0 413
0 1316
0 1075
1 3151 4163 2411 1434
1 4704 3625 1556 362
0 30
0 955
0 571
0 1102
0 570
0 49
0 977
0 558
1 2835 454 2342 197
0 309
0 203
0 776
1 4424 4495 9172 1368
0 29
0 777
0 458
0 1254
0 846
0 316
1 2366 732 6216 376
0 284
0 454
0 561
1 3263 4280 5705 873
1 334 4385 1136 700
0 186
1 2768 3728 6905 1213
1 2870 3267 9969 196
0 359
1 3745 3001 7663 888
1 3773 1663 5043 778
1 2201 3760 2895 364
0 373
0 891
0 1311
0 424
0 836
1 3828 4722 3198 1413
0 879
0 384
0 38
0 975
0 1326
0 858
1 3640 4153 4642 18
0 1393
1 518 1899 7938 1019
0 1139
0 747
0 314
1 3790 3451 8347 732
0 282
0 860
0 3
0 1426
1 493 2018 3598 269
1 12 462 4149 736
1 3292 491 2417 1037
1 181 2265 3824 813
0 1090
0 1357
1 759 4010 6140 884
0 1401
1 4288 2594 6847 397
0 403
0 1091
0 1395
0 218
0 720
0 227
1 3317 3511 214 366
0 535
0 1226
1 3917 4274 335 635
0 1382
0 315
0 1344
0 50
0 431
1 2827 2683 7621 1428
0 1067
0 430
0 231
0 814
0 960
0 370
0 199
1 1579 3937 4794 277
1 681 2965 2263 681
0 1161
1 496 1498 7477 462
0 1431
1 1970 4071 506 1324
0 950
1 1370 2975 1673 566
0 1338
0 705
0 780
0 162
1 2611 4398 1745 1409
0 81
0 436
0 24
1 3020 1911 1814 1040
1 3603 4023 5386 957
0 377
1 3595 392 4016 706
1 3914 2501 1958 987
0 683
0 1296
1 3758 4341 765 321
0 1349
0 1097
1 4071 974 2089 1378
0 729
1 1996 2633 5453 983
0 1196
1 3013 4791 4708 857
1 2451 572 7190 1285
0 898
0 1154
0 688
1 104 4142 4831 643
0 1160
0 596
0 527
0 667
1 478 2375 7776 285
0 1270
0 425
1 481 1990 3489 521
1 1648 344 1023 452
0 333
1 4457 963 8155 599
0 420
0 663
1 305 4717 1930 151
0 1152
0 825
0 288
0 843
1 3148 3021 8299 113
1 4762 3141 7161 143
0 986
1 4381 3200 7094 751
1 1169 895 5946 750
0 792
1 1410 4235 2770 831
0 220
0 1440
0 774
0 117
0 601
0 100
1 2439 2971 7550 421
0 399
0 438
1 230 360 4164 974
0 163
0 1084
1 4219 3658 6288 7
0 251
0 910
0 581
0 1307
0 40
0 1222
0 191
0 175
0 1230
0 649
0 460
1 1329 543 9748 646
0 600
1 1649 2165 7375 488
0 1141
1 3617 3456 5516 1046
0 1259
0 1356
0 717
0 847
0 11
0 215
1 1833 4018 7408 745
0 1189
0 442
0 1374
