4600 4599 649
3326 2443 3631
4591 737 9033
262 2018 5928
1786 1215 4699
2248 517 943
1465 1293 7690
1632 2980 131
4067 235 2545
4311 3529 5381
3071 1580 723
3396 1639 2109
2568 2991 4144
89 2236 9699
3494 1853 4432
2077 133 4519
2861 3386 5332
24 1118 5148
2382 3248 6379
1512 3547 6287
3012 4480 8879
543 2994 932
2585 583 8567
1422 655 4816
3251 1949 9246
4117 854 9727
4572 844 3030
2577 400 7504
3816 1172 8098
2842 2254 3657
127 4400 1569
175 2591 451
2255 1899 2467
1618 2335 7995
1043 292 4316
2349 2105 336
3136 475 2915
735 1821 2633
3894 74 3034
2485 3493 8468
3214 1779 9035
1660 826 4253
2758 1835 9343
2360 1078 6526
2564 3020 6842
3684 3952 2916
2410 327 4751
1393 2057 1709
197 3800 4090
1802 3941 5615
934 4140 1862
3895 2582 8953
3863 4166 7379
2725 1790 7756
2334 4274 8120
212 1625 3689
3476 1924 7118
4564 39 5137
1195 2232 4470
1040 2572 9260
4288 113 9194
1206 121 2047
3834 2876 4965
2635 3214 1884
182 3797 3262
370 1663 4701
1457 1096 9778
1629 2083 4150
1594 69 9627
1185 3799 938
3007 2306 4089
2934 3021 9296
2668 2790 6311
557 4579 1057
2383 4166 3932
3764 4596 980
2231 911 3417
1008 461 6
1432 321 344
3979 2991 6046
2887 702 2568
4226 3750 1483
4183 1266 6083
1894 1946 1543
3587 1781 1995
4001 511 9089
986 1431 9760
4101 2323 7679
44 948 6734
2291 2753 1261
4379 3195 6376
3262 3166 1080
4039 4519 1433
3093 3401 9046
3141 3602 6827
3371 602 1553
2705 3025 2093
1364 3519 1067
2636 1204 6392
3346 3931 145
680 541 5921
3225 2378 1908
4017 1495 2415
1590 3646 1690
1798 547 693
1592 2563 2150
4282 1727 1716
2264 786 4019
273 1426 5268
3598 2055 8026
388 4248 8932
1218 1256 5153
1529 2859 6332
4506 122 6857
1850 778 2707
4475 1304 8411
2625 3264 1299
3412 2975 26
755 4404 2909
4139 134 6786
1524 291 6737
624 4598 281
2290 1824 8094
2967 3723 8897
2364 362 6422
743 2220 6677
4254 1868 6024
1875 3978 6500
1003 2554 9302
1923 1054 7023
890 3835 4026
2738 3933 3641
4413 3238 8291
733 2949 4568
857 3828 5518
1408 439 1441
2896 3956 5233
2472 1561 2991
370 1823 2668
4031 1372 7679
2064 4230 2831
1685 376 5550
4291 2734 9577
221 1222 5064
1671 3416 4552
1927 1259 612
993 4292 9649
651 1537 2614
3585 184 5569
58 3523 6129
3912 534 5946
1220 1452 1816
3596 2102 4091
284 547 8794
258 1422 5229
343 805 2149
2884 625 8590
3652 3890 4523
536 206 7364
699 11 4281
4178 3288 8849
157 2307 9269
4588 742 6339
1467 3294 6330
3437 708 9866
3300 996 2985
1605 4328 8081
3638 3131 542
3370 70 450
488 3547 5686
366 2542 7338
4329 4547 2186
1459 4272 3821
2711 2148 2181
584 1520 691
2005 461 3440
961 3881 6330
2540 1164 4965
2053 1581 8910
3466 1908 8471
3965 626 9868
3453 2251 6490
1916 4231 3052
172 3398 2171
1014 2761 9008
1484 1402 5350
3786 4452 8151
2239 1857 1393
4185 4110 5793
425 943 6230
1168 445 9528
4154 3029 7375
4284 2365 5347
1112 4212 2774
3371 3839 2773
1273 2210 4269
2655 133 9044
660 274 41
499 2574 8031
3541 3708 9409
4180 2646 582
2549 2015 811
1311 1931 917
854 3765 6525
2899 1879 636
2377 4502 7787
1711 1341 9979
3693 612 1083
3802 3861 7340
3729 927 3229
3807 3853 4481
3831 1909 5682
4137 1120 2194
1523 1160 5826
1509 24 7853
2742 4177 4597
3735 4443 3485
2126 973 4858
2879 1346 1203
723 3356 4741
2780 3175 3985
3764 1645 2504
2330 2245 766
2582 3788 3800
1311 4399 1007
4223 935 6973
3396 3410 8784
3409 3970 7362
1091 4559 7106
1915 1275 4297
624 2337 1719
413 2983 7072
144 2136 8766
75 1037 155
255 2232 8024
2704 2204 1315
960 526 452
3156 3716 5612
2226 2799 2063
4130 619 65
1611 4025 4997
2016 993 3689
4458 1286 4901
353 2775 336
2822 3953 6031
2152 2118 2091
3308 2355 737
4439 4457 1982
2317 3730 1018
1024 4093 509
3066 1644 8267
910 736 3445
3504 2448 3527
2628 1928 8834
138 477 8832
552 1215 8295
3895 4447 3715
3293 4196 6140
201 3876 2900
3212 4073 5740
3466 1886 8313
4227 4531 3012
2111 2046 9621
3359 2140 3651
3466 2356 1209
3393 703 4244
1141 1234 3344
335 2966 4408
2271 4196 1237
1578 3028 4787
2114 287 126
3536 3390 3632
662 2157 4081
2966 2551 8570
126 2370 3779
2841 3308 1272
1891 3092 3304
2258 4592 458
4127 3715 558
59 4013 9550
267 3995 7879
3614 1937 8370
1499 2278 4605
4393 3884 2235
637 528 9304
208 3792 9033
195 3628 7270
2778 194 5969
1296 351 2594
2518 4504 2277
2395 891 1173
4348 4469 3320
4000 1298 1472
1458 4203 4886
1001 4460 9475
2552 2477 5383
2427 4552 8574
2654 71 303
575 1650 5904
499 3814 209
2674 3661 7034
467 972 7928
3214 2180 7648
1791 3286 7713
898 4319 8615
3537 3150 663
4559 2915 3543
684 1661 8628
3551 2318 9961
97 4025 3261
3375 4043 7489
226 40 5944
1482 411 9816
3224 3172 9400
1293 3269 2643
1010 878 1364
4379 3889 3277
4339 1077 514
2235 356 3880
455 3989 1177
1203 802 4332
2884 3882 3843
3869 1080 6993
2540 3776 9536
2802 3111 4936
1794 251 6292
1070 4431 7980
967 3333 8263
3765 53 6735
907 4493 461
1792 1777 5247
1826 956 606
1753 3999 4801
443 4253 7017
4374 4520 4395
2701 3097 9721
3889 3112 9302
3213 3958 7926
939 3258 2900
3381 2846 6004
2383 2105 2254
1844 3952 7080
2553 150 4390
3683 1292 413
2084 4291 2669
2259 3765 2416
1543 3304 805
110 3950 2880
2449 1638 8547
1886 3543 4989
935 4369 6784
1244 2792 9688
3387 1888 3131
1872 1772 4104
2875 146 632
3403 376 7226
1928 2531 2220
4592 2289 8040
3039 4140 9053
3811 1466 4148
3773 3231 145
1105 1521 7524
709 2767 1367
3059 2597 500
4225 3398 8706
466 418 7803
926 736 9544
3348 2482 5874
3096 3519 3462
2877 4481 13
2332 644 1358
229 225 5368
4262 2899 8085
341 4107 3706
2420 4037 2635
709 1115 7022
3908 2644 1555
4303 384 5268
1684 3328 1708
1854 4058 4766
2049 2191 5120
3258 2759 3357
2964 4492 2376
2075 2809 1492
2101 1556 545
786 1207 1048
3631 1167 3234
341 3775 6118
1666 605 6760
820 4035 7509
1810 758 3370
3794 957 3174
3361 3695 8705
1549 3599 5
1567 459 6927
1047 3394 4144
1676 4405 6265
2053 4536 3604
1198 3051 762
3893 1090 1550
1213 975 3635
3477 2453 2477
3962 341 7006
289 3663 2645
1241 2290 8843
2151 1400 2703
1172 2567 8810
1260 2815 3616
1370 2319 5485
963 776 493
955 3289 9687
2731 2289 6852
2831 1561 7868
4219 2636 7783
1964 4470 8831
2486 1995 2825
1774 2794 946
1275 2762 763
1801 1252 3736
3115 1353 5671
3684 3967 1542
3962 4498 2114
2673 3786 508
3497 2314 7593
1122 1834 5193
1662 3136 888
2753 681 2333
3528 4473 5432
4283 2244 4870
3719 3271 4514
7 2902 6140
2716 514 7965
1013 3520 97
466 112 5735
801 2439 8954
1669 3268 7364
2885 1559 5908
2321 213 5566
2402 2452 3634
956 1882 7914
2376 1226 8308
1596 18 174
4076 1791 1877
263 1182 6223
1343 2943 8335
4174 4240 825
486 892 3002
1561 2747 6729
2737 149 2826
2705 766 6533
3990 1534 5720
689 4240 5003
2460 2242 2285
1213 2708 1185
1126 2918 8559
3536 2307 1795
1777 4271 9196
496 2143 9686
198 3997 2298
4371 4038 4236
4573 1950 1420
3321 2374 695
4314 1117 5097
657 130 5897
1096 3326 4903
1602 2650 5038
1596 1080 5972
3845 1887 6861
224 1121 8552
3056 2295 3481
2850 2528 1129
853 1616 3650
2741 3456 4086
2440 320 1997
2928 3687 3145
201 4565 4490
1468 1897 3915
3329 1210 65
1543 898 2367
3975 2696 3502
1888 3545 643
561 3807 5560
2298 1015 8162
2956 1565 5366
1933 1083 652
4211 97 8769
3084 712 2569
3808 4016 5859
294 2127 6964
2519 3958 1883
2798 676 4679
4010 1148 9615
4459 571 6163
1867 3978 1138
54 4355 7122
1760 3754 7370
1224 2548 3663
3902 1472 2445
1231 3009 5831
4402 4322 8393
2011 2278 7485
1321 4194 8709
2740 4331 9539
502 3709 5863
3389 430 9054
643 3309 2560
4082 4383 1740
2699 30 2928
3007 952 3532
1493 4598 4672
3750 1391 5377
3681 2856 8979
2098 2433 3193
3458 2687 6441
1740 2359 4605
504 1122 1408
335 240 2508
1630 4581 7780
1415 1790 3537
4393 3481 7012
4597 3197 4414
3715 1227 42
33 4271 3782
3464 2874 2300
3472 343 131
1571 2331 5708
2974 2440 9261
4135 609 1409
3746 2217 5496
2556 2978 3048
2213 3225 746
2645 767 1492
1069 3403 7362
3650 257 407
2462 128 3499
4479 1481 8214
4562 953 557
3450 2691 3828
14 2620 6289
222 4389 7283
3947 1029 4896
1801 1467 5656
2224 3897 4162
2693 253 9036
3937 3123 8974
1567 2194 9871
1457 3360 980
3882 4480 2438
4080 838 3475
3473 1938 4451
1234 939 3860
3040 4371 6188
2315 2117 8521
3517 394 1532
2043 957 8599
3962 1998 1307
1560 1272 5504
3993 2263 3906
4381 119 6948
3311 173 8723
876 1338 3954
3282 1626 9565
3521 3149 8856
4269 970 7768
1982 12 9643
3324 1018 4705
4238 2951 1320
2244 3640 962
2614 2359 2051
3938 4382 7370
2641 1021 145
2072 2012 5319
2302 3384 3802
3694 1416 5944
89 2210 5559
553 1130 3701
4219 4566 8620
4390 3620 9862
1631 890 2560
924 3274 4620
4171 2029 4321
4556 1918 7658
3203 822 6835
2463 1909 4561
3101 3796 4114
3438 3824 524
2370 3661 4305
4106 2293 4810
836 2572 3256
1910 3779 5851
637 1380 9685
1217 571 2205
2055 3914 795
2111 411 4411
276 3401 3305
1840 1507 7015
67 1053 4474
4111 2902 4657
2987 923 7481
1340 2278 4289
533 1307 2750
3301 4072 1042
2225 3528 8251
4207 391 7266
1953 3222 5685
2406 638 6063
2658 4579 1574
927 3145 5154
2799 3391 5012
1582 215 728
767 4307 8728
3830 2275 5652
1312 2296 4144
1294 3791 8367
2460 3570 1110
4028 4091 3043
2180 2624 3403
3404 2299 9118
4066 2132 8434
3681 1091 3165
2332 606 2878
2057 1943 1591
2119 194 1367
2867 1048 6635
4507 610 4541
1096 3509 3736
1095 1765 53
3591 2015 7896
4540 2205 5987
2524 2027 2749
978 3075 6371
2498 1575 1731
4551 4009 5350
36 2737 1744
3898 2583 8328
914 4553 9688
2793 1436 2223
609 3808 4181
1545 1760 8389
1874 822 8041
2817 2197 4802
7 426 1036
2252 2474 7629
2166 111 8373
3716 920 6136
3460 233 7976
1527 2182 5760
992 3371 715
4174 2055 3011
1590 1851 6560
2154 4173 4623
4404 672 610
1091 154 7824
546 1520 7406
3561 4017 665
2003 815 8694
505 687 302
2325 2398 6269
3590 644 1933
2324 248 8465
4333 4544 1496
3133 1316 1398
2794 3429 4558
2850 2550 3509
3107 2285 8195
4132 1006 2250
3478 1475 2268
4064 2202 6530
2006 3901 2972
4134 3496 1266
807 2459 5932
1043 2288 5384
287 2432 1016
293 2943 3299
3690 1588 7743
3223 2534 2871
4529 250 6965
2422 1176 7940
4489 468 5121
3292 121 2934
2148 2247 197
2207 4037 8462
922 3909 4706
3322 2311 5773
4368 3344 2991
816 4068 6680
1361 4068 4398
3052 1862 3514
1273 4520 3920
167 2758 7262
2668 1595 611
1709 970 1335
3637 4196 6902
432 1535 8686
3055 1801 9691
2960 4349 5914
2566 3849 5640
3842 4142 677
2005 1171 4226
161 3659 6147
2210 720 9988
2219 2487 2720
480 329 7743
2020 1634 3894
4256 1014 8939
3699 4305 1370
2439 1478 500
2315 1670 9004
2194 247 1277
3153 2785 8513
597 2485 4309
897 2641 8978
4393 2892 108
1501 3936 4612
4462 3977 9873
3764 288 6394
858 4334 3380
1606 4200 6391
1068 697 2792
3424 3346 285
2082 3509 4846
4094 2568 1378
2703 4338 5938
4554 3330 6729
3694 522 9743
2814 216 2725
3018 3389 4610
1819 277 8285
3707 1179 9971
4387 2965 7506
3769 4468 6410
1888 1026 5061
630 3658 4064
310 3713 6080
700 3766 1469
2459 3011 637
2056 4537 8910
2882 36 1636
1221 1541 54
1278 509 1590
1911 837 5492
2051 2027 8354
1127 730 6713
1031 2656 8776
3536 2873 6910
2374 2735 2731
463 99 2343
4362 2788 3475
3797 4391 3411
3851 336 1861
278 1393 3211
783 3103 5341
2634 2489 8388
3821 4379 43
3986 4590 8604
1612 97 8696
4572 2314 1419
2312 322 1451
3419 4224 965
376 1486 5323
1861 2818 3429
3208 1950 6521
662 1516 6995
3646 2493 5906
1606 807 6831
3471 4 6642
3781 2243 3966
4570 2138 5332
1815 2829 3238
3857 2738 9328
3430 1241 6356
3027 2271 7152
4050 565 167
273 1114 3777
3963 2986 6715
3153 1757 2427
689 4423 5545
546 3552 1745
3703 4554 9046
4287 3626 4107
4469 3688 8035
3922 3402 4769
2804 250 5968
571 4578 5931
1817 166 5187
4136 3104 8619
526 231 1303
2534 4209 6731
1930 2283 9085
947 4089 8807
971 3313 736
891 2236 611
2972 870 5017
3038 1625 3647
814 2649 324
3609 916 5841
3354 3925 5644
2968 4477 7483
1723 3988 440
995 3673 9751
1230 2626 381
3808 792 3035
2557 3470 9515
4413 2183 6679
4538 1903 4379
3371 1012 803
4458 2118 9133
3298 2554 6969
1216 602 7259
2790 920 378
2336 3380 8872
4229 2929 1132
194 4452 3493
2962 767 389
2626 3688 8001
4138 17 5130
2846 3153 8196
2727 3550 6499
189 3493 5906
2507 4153 491
904 963 561
2360 3494 3780
759 3333 9429
1001 3456 5264
4397 1569 772
44 4310 6387
2914 2510 3113
1431 1380 4210
69 968 8134
1172 1685 8611
3704 3567 7555
3971 2918 3546
694 2506 570
2636 576 4467
3726 146 8893
951 625 8369
2349 3563 8426
4055 3954 4009
1998 275 5336
4061 553 1662
3906 545 9491
2492 2291 5201
2340 2172 7773
1181 1201 2889
4558 4427 8818
2920 1141 4373
3623 2198 9484
3911 636 9220
3412 2862 6347
1826 3410 3640
2385 3717 3765
587 3323 439
3315 2977 7267
1533 3470 3381
3029 3103 2639
4218 759 5423
2445 4361 2281
4303 1886 5440
4243 165 3067
3527 2588 3034
1217 3546 8216
4154 3978 7454
3774 3631 1551
3239 4391 8608
1092 3599 322
3042 2190 3650
2522 2883 1355
1826 2942 8977
3316 72 9497
3784 2028 981
683 509 4053
3303 4357 972
2613 911 6258
2757 3189 1241
2712 49 8780
81 1378 5966
65 3842 9773
3900 967 1354
1704 2910 1353
1712 356 6756
446 1178 257
4508 883 5462
1570 4219 1274
2455 3933 350
1549 2948 6276
1392 842 3095
321 1062 3155
457 4272 1025
764 2572 2784
108 2024 2340
2093 789 2171
3721 965 8084
2350 3667 1609
3538 1993 4678
3361 4140 3980
3507 510 5129
2366 2609 6438
3805 4549 2604
2506 1761 5205
1520 3468 799
2815 1315 5145
1466 3319 2632
1478 3605 1544
2923 1586 1741
4167 130 9250
119 3204 9408
582 2551 4696
3438 709 5715
2395 25 5980
1797 914 3148
2092 2543 9752
2394 4496 419
4332 3822 5269
4263 199 2872
3404 3064 3927
1928 1326 8463
997 3032 7005
850 2329 9818
162 1967 8173
3426 1805 9812
1793 4043 1098
3250 3180 83
2572 1991 8780
698 3974 2490
117 3279 3255
504 765 7962
2771 3170 1466
2537 935 1265
1092 4074 6822
4201 1104 5823
3313 159 7578
4296 1697 1536
487 976 5363
1402 258 5221
568 3808 4287
1034 262 569
2190 338 1752
3842 219 3597
2739 2705 4403
715 3225 3330
1558 1268 8983
1841 3811 4658
607 4561 496
4321 1529 2227
4053 1493 2007
1592 3264 2050
1943 1714 146
2889 3567 1138
2542 2735 8335
3161 4179 8108
4390 1399 9447
3360 646 5714
155 3266 3587
3 1166 7669
4335 2117 1647
3281 2058 3784
2157 3553 4720
3230 1519 7703
4105 3206 3323
3314 972 1189
4021 1605 8812
645 2832 4137
654 2599 6646
1069 3222 6443
2385 226 6541
4429 3097 8092
2046 3151 5691
2670 314 9533
2826 820 7065
3261 3700 7614
696 4497 3074
2767 2906 7002
1371 375 766
3528 1691 96
2481 1498 8495
3555 1207 9456
3345 1621 9305
276 2422 6133
2692 3302 8497
1804 3413 9252
2858 513 5353
4199 3941 6498
3265 884 8997
3293 2983 8475
1106 1415 3198
4043 1012 8890
1076 580 5522
4573 2288 8556
2727 1843 4683
3214 1766 3252
3286 614 5623
1088 4222 8631
1634 619 3243
95 1981 2458
1285 1257 3966
295 4526 4454
2067 3003 2742
1027 2251 5225
3477 3040 7246
4480 4344 290
4542 3440 4688
1815 1909 1121
4397 1634 4989
4238 1462 5624
514 3137 7417
224 4542 5833
2161 3130 8110
269 4516 2747
3280 2074 7679
2076 2565 3529
3346 1851 4222
2366 1861 1552
2762 4336 730
4166 4594 1206
2218 916 3154
2095 3181 9405
2595 2283 6277
2931 3636 5352
2643 2362 5612
4221 2027 2751
2990 1773 4785
1258 2233 7281
2252 33 8412
530 3213 4225
1671 3486 956
2903 496 9963
1892 3640 9179
2266 2427 358
338 3309 6080
3015 281 37
302 1879 3997
2419 844 611
3942 1820 4570
887 476 1998
2099 1792 2636
3448 3500 3831
2230 4360 6415
3701 3559 8918
2683 3689 7380
3736 1528 3344
4045 2903 4869
4468 862 4825
2584 879 2727
523 2476 6804
4595 3657 8707
4146 768 9621
4062 700 4909
3452 4119 7333
383 929 522
3281 4342 3467
1424 3701 5951
2770 3153 7371
4012 795 7817
1643 2354 6400
429 3527 3802
1280 4067 8237
2819 1190 7393
428 2602 194
3844 3062 684
1161 3820 9210
3318 1369 4697
736 3104 8052
1578 2356 5428
2003 4006 3835
2280 3059 7685
2317 4423 3899
697 3204 992
178 2582 4562
416 2431 3927
1853 3739 624
2119 3775 2522
4207 2492 745
746 4376 2756
3084 2141 2710
4044 1066 5073
955 2240 7219
88 3866 4917
758 2751 9515
651 3096 288
2332 607 6169
4082 3993 6879
1194 3980 7279
3036 4300 9090
429 4339 2889
4209 2775 2476
4374 453 1738
3273 3387 4477
3150 3198 9257
1368 350 7856
4276 963 9232
1680 3852 8603
4196 4063 9531
2968 4092 5186
429 1098 8833
3341 1135 7213
2286 139 3607
3186 4416 5326
4064 1456 1972
4366 4540 56
1806 2873 2878
4402 1496 3292
4468 2576 6657
1174 1979 2739
4402 1430 1645
1077 1933 2305
4162 2529 9401
2543 2790 4676
2550 1460 4689
1188 2959 1330
280 4232 127
3349 1912 1516
2218 129 6750
1019 1978 6793
4491 2284 6025
3848 3031 1203
3302 361 5240
3335 472 7685
3824 3915 123
2077 498 2210
1781 3644 8067
2559 3757 7986
3657 1126 1251
2652 166 2031
508 2273 9515
2078 2103 1825
1303 4394 2150
1535 726 4018
4277 2242 8548
814 3027 7309
610 175 3503
3963 3118 495
815 4153 9495
202 460 6802
149 3367 1525
2416 2320 7573
2029 1646 6959
3765 284 4227
1493 2047 1184
1326 1931 7406
3134 3014 4527
4005 1693 6221
4083 2367 3958
1663 2158 2684
1733 3526 4117
357 3811 3123
4398 2201 7890
1004 2420 5523
2037 1940 3828
4593 3564 2541
4570 4009 6079
4574 743 8701
986 1631 7914
3247 2121 4875
601 3121 5941
299 3100 7895
3639 4068 6473
722 1174 9101
3998 1874 8909
892 3154 1043
897 3552 9345
3150 2707 1651
1870 2215 1579
4574 3381 3333
3975 335 214
432 2858 3024
1115 1678 8152
4386 2027 7642
1056 1040 3527
669 4413 4479
4502 1372 7785
3331 223 5851
2620 3859 6943
2447 2244 6720
3028 3650 705
2802 1874 8352
657 3256 9768
1935 630 3958
2291 64 8072
2593 954 2711
4433 3971 8140
3467 138 6710
350 1025 1988
134 648 616
2063 700 4921
4420 1143 2273
4095 4585 6663
3945 3778 4210
3797 1455 8808
2159 364 195
1799 4047 334
3020 1475 4824
614 1547 3072
438 4125 5655
1339 2747 6261
2394 4128 492
2351 3497 4995
2162 1023 2478
2279 511 3896
4376 1749 1636
124 734 5941
2366 1327 2368
4316 2500 6898
4059 1870 5057
1937 3758 2785
4556 236 6775
699 62 7442
2344 551 8348
3810 2816 8280
2255 3168 2430
3472 598 8635
2590 2547 3596
246 1872 6413
3754 3290 8364
3451 1760 5029
1377 808 4817
1593 1077 1835
2082 776 8057
1889 4296 5903
1434 2960 9396
3491 2416 8088
1590 2399 2121
433 2152 9198
4023 4047 1613
513 4457 9196
2794 850 5410
16 3792 718
2766 3122 4115
2652 2501 5858
851 1725 7742
1359 4479 2742
1688 105 5918
4021 4240 4687
2422 3259 3767
4287 4504 8090
3168 592 6579
1061 1385 7380
2129 2336 1089
369 4447 8571
2603 4152 5953
77 1986 9001
871 2023 6904
948 1846 9265
3088 2431 8674
2759 3611 3454
578 3568 7892
2678 100 5943
4165 2546 6497
24 4361 7084
3446 1644 8191
2170 3549 9160
3210 1156 9086
1582 1005 4598
525 3757 5076
2508 4461 7670
3917 112 5197
3275 901 3076
2955 531 9740
136 4210 3772
1901 795 9378
1871 128 979
2636 41 4144
3351 2701 6632
1487 2475 8442
514 3386 1198
1899 4135 6209
413 1349 6511
3273 689 6700
2526 3199 4286
1719 3596 8453
855 3595 3729
2008 3125 8482
986 4238 8660
283 3521 1578
1689 1336 8765
3746 1403 953
1179 3687 7104
3631 793 2788
943 3098 1812
2404 2738 445
2305 4496 2829
4533 3481 7683
1559 672 3038
4489 3592 1176
2785 1173 2284
2820 2846 6444
1720 3284 2076
3555 1882 6985
538 661 5504
2655 4197 5720
438 979 8324
4198 3361 8425
3796 858 3686
2815 544 3421
1049 4553 3219
1940 3624 9979
1933 1972 8764
608 1321 3847
1752 2183 4550
4156 1304 1760
1007 1906 5024
1091 144 5792
1293 1112 672
2039 3579 8670
451 1304 3266
4342 1694 6576
217 4447 3489
2392 1614 8850
1169 2460 248
2257 1816 6054
3012 3029 8076
4040 13 9239
2531 4354 4765
2962 2918 7570
995 596 8288
2295 2677 4942
83 2634 7229
4320 524 9278
959 3181 3443
876 708 6278
4533 3296 4000
3416 1721 1929
531 2562 2681
4066 271 9387
2618 2365 392
866 2772 8396
127 847 3140
1460 4527 1245
1433 2543 9013
1727 663 7723
980 681 20
3990 3025 624
539 3281 6825
1160 1143 823
783 2365 4271
3355 4264 8587
1731 1968 6604
356 1458 9203
248 1904 4018
4169 2178 6266
3435 258 8119
3154 308 763
2684 2181 5537
4157 761 5130
1196 1629 1799
747 744 7573
4487 4452 9233
2284 23 1367
2489 1912 3418
882 1774 9182
665 461 4471
2233 816 6683
2945 726 8184
3181 3614 8032
4448 382 4380
2250 3178 9942
768 3146 3648
230 3248 7333
1754 980 2363
3484 1453 5804
1029 526 9676
1577 1044 9323
1584 217 1071
1334 2149 7875
3484 3663 7744
2098 1202 2047
2365 4209 8290
1865 290 7315
1013 3984 6189
2429 4153 9445
4459 3595 6195
3704 3151 2241
3180 1535 2354
553 4257 482
3721 2227 528
1874 3657 1214
4138 625 537
1222 871 5546
809 194 328
3597 3622 7695
2326 4460 9980
1210 1130 9573
1584 3679 5781
4147 4489 8381
1441 878 4445
1626 913 5618
3473 1303 6935
1909 2572 9631
146 1901 9456
3894 2152 7532
2420 2906 4765
2578 2685 4162
4456 2735 2188
4496 2247 3386
4575 25 6257
4588 637 2080
3547 2099 8252
1880 2713 1477
2080 3252 5852
2287 806 217
3637 1386 3032
2139 351 8003
4414 1108 9594
2819 293 3386
682 3009 1221
683 3927 8330
1510 542 2734
2375 2266 7692
4253 3664 5165
4537 1683 5553
4192 603 3892
73 1032 6368
1970 2078 8473
4347 1993 9774
2157 762 9308
3813 237 2642
2115 3235 6159
3548 322 2422
1016 1061 8966
2538 4319 722
3288 3099 6861
4154 3209 4129
2597 3203 2095
4166 4045 1578
633 616 7345
440 2011 7266
4316 1521 4072
3690 483 9064
3486 1637 7096
1986 2823 5944
3663 3313 7974
4147 2107 7969
3897 1003 4106
1846 3037 5573
765 2738 7682
498 3400 7965
3232 778 74
1019 4146 5377
826 3663 7167
3470 1436 6346
3153 3171 1750
3509 2085 6700
3998 2546 9678
299 2795 5815
2098 1340 2434
1164 3631 568
4516 3527 3490
4214 371 8747
2869 4027 2410
318 3708 6173
3531 2228 9249
4587 3666 7204
2141 4392 3126
4109 3525 3514
1859 3844 9604
3436 2632 947
520 4396 6721
3114 577 3464
2482 3897 1734
2441 2766 6507
2874 4495 1890
1760 4533 1520
631 1240 6297
3172 1726 3502
4211 2768 1552
3037 2827 3217
2939 2911 1009
479 1721 6239
1530 2256 737
919 3689 984
3763 1099 9304
1591 1166 6882
3345 1229 1228
2751 4374 7240
2072 2046 870
167 3731 883
816 1602 4546
1415 2502 8231
3546 1410 1642
2917 4176 7128
2101 1807 8438
4192 1014 1578
2560 193 3547
1264 2330 7088
3908 1134 7510
1516 2972 3873
1487 1865 7407
4447 4148 5483
1902 135 750
1491 4522 6456
4493 3186 2517
2580 3512 9875
1055 276 8148
3567 1297 4477
401 3357 1848
3978 1775 3660
875 966 8976
2356 1973 5304
1940 2657 1713
3296 4461 5904
1058 1563 1482
2361 3999 7414
2680 3989 232
2918 1890 7585
3974 3735 7086
3227 2693 7681
3765 3000 4575
298 3864 9428
883 4039 3545
2739 4035 6711
3453 3172 2676
3621 2604 4309
3581 2092 8911
1053 1443 40
4472 247 3328
4489 244 7878
752 4253 9306
1945 783 1355
948 4174 7284
3841 2604 2812
3217 2306 920
2769 3826 9796
1197 2002 5561
4444 556 1897
714 2128 7393
2848 3639 572
2329 3580 5330
107 324 7129
4025 57 4341
4388 1675 266
4288 3791 6828
3349 766 7469
4585 2917 3075
542 1129 9316
2389 408 7254
1049 2209 140
3451 3986 6738
2796 2487 3749
3968 478 4270
4557 3848 327
4535 2010 2602
2343 1875 5851
570 4089 5600
498 3037 1753
4420 800 4882
4160 1076 6061
1037 800 1737
889 3264 4249
1262 3772 5579
1754 3320 4256
1742 1905 2893
1588 4240 4039
3103 1425 3768
3087 2977 2571
457 4448 9081
462 2494 1642
244 3928 4634
3491 2045 1168
1740 3625 6211
406 3615 3580
117 20 2792
1536 1561 207
4574 3935 5830
3990 284 9472
4084 641 5147
3640 329 8627
1727 4548 3804
2901 3869 6598
1361 4500 6068
3693 2853 404
1163 3942 227
2181 328 5027
4446 801 6520
1114 3685 1997
740 1046 8180
4361 983 5667
4466 2249 1746
4208 3322 2954
2246 1061 6050
2829 3127 3554
3996 1472 4342
4158 8 5697
464 1820 958
2651 2308 8799
4076 3432 6836
918 2723 7018
3164 1880 2144
1395 2142 3069
1753 3087 4293
4483 3602 2556
1373 4368 7391
508 1372 3240
2968 867 3297
3409 4365 69
625 1417 8
117 73 2524
4244 1375 7985
2096 4109 4039
168 2397 5555
3909 3719 5066
379 2228 8875
871 278 5818
4171 2867 887
4007 1398 6258
652 616 5455
3273 3048 5776
3273 2049 371
1165 4527 3802
2223 2232 9137
950 3939 6963
133 1093 3554
3693 2580 6179
3916 2425 9549
1808 2437 6853
1361 1616 3604
3415 2982 9399
3442 229 1655
2017 4053 5090
144 3578 1801
1857 1044 9448
3285 1782 4624
1499 492 677
3708 1312 5581
15 4522 7520
3973 4297 1066
507 431 8432
4188 2792 6648
1345 4097 123
3323 2785 3578
2765 923 4940
3630 2948 4481
2043 3322 9525
2869 742 4173
4400 4142 8720
3153 1056 3184
1055 3230 9792
3754 2107 5629
3729 1769 6332
2809 3706 8416
2920 3003 3078
321 418 8463
3871 284 4476
3352 2135 2526
4141 598 1352
1392 3694 801
2770 4165 4830
2294 1249 1484
2067 1100 7485
2484 2702 1148
1365 4514 2528
497 1728 7274
2115 566 1887
4013 3505 3172
4435 3982 3002
1669 2076 4534
3210 344 9224
1422 2646 9707
156 2501 3520
2455 3448 3552
1584 1809 8782
3974 223 5655
4076 1795 1143
3589 4203 2356
3344 685 8007
1844 3214 1395
1127 3793 6977
680 4431 9797
2427 3292 4193
1041 2064 5436
2127 4300 4164
1534 1054 9190
2622 2336 7653
2110 2534 4723
1720 4109 9728
1733 2401 4255
4086 660 2565
1525 3862 3992
2818 1564 9837
1743 4260 8883
1556 29 399
3186 1357 5925
4089 3687 6677
1964 1826 4840
3201 4481 8673
2487 2383 3296
845 4509 5922
496 4145 1068
3930 648 2471
2324 604 699
4130 2706 7671
3414 1952 3248
74 3897 1853
4094 1354 1829
3939 4291 9528
3488 626 7388
4558 2964 2075
356 2812 6211
1081 1995 464
4585 2657 6751
2001 2833 5618
1094 1319 7154
2996 2440 5114
1654 4241 4707
3171 489 2392
3548 4383 5750
304 3553 6522
4525 1900 7767
2841 1244 8483
808 1746 5063
13 2093 5366
3345 449 227
4312 2926 9343
3915 1599 9852
4327 3792 1451
3907 668 5725
995 536 6549
2076 3945 3332
2650 2301 163
431 3557 197
3975 2069 8030
2014 3804 7891
3637 2838 855
7 1675 334
1799 2078 5233
2297 806 850
37 3800 2219
3028 4482 7119
2019 3955 3914
950 512 570
1758 2411 2614
1440 3950 3512
909 4557 1133
1438 1322 5474
2534 1144 8527
4206 1572 4880
4402 385 3592
760 3046 1640
1263 1874 2459
2805 3643 5974
27 2256 6225
2297 2809 3034
1530 2628 5704
1450 2387 4435
894 3924 8379
2017 3998 8514
3446 186 2675
3563 1805 3147
746 459 8417
201 1279 7959
4427 2767 8649
462 2369 4931
3748 179 2167
3822 1362 8973
1810 1673 3073
3350 1813 1575
2657 3393 661
1532 457 3107
1370 2491 1824
4293 4514 8604
3395 291 3866
365 2093 1802
892 3248 3774
1795 675 5306
2030 4073 2035
1994 4126 6262
1136 3720 6133
1315 3220 5926
2244 3040 8116
1298 3033 7403
1940 971 3129
1184 4506 395
266 1780 5707
2163 20 4374
3363 782 5200
3761 1490 9952
2377 4395 1707
3880 22 4214
1357 1052 1409
2565 2803 1597
805 2495 6820
3904 2308 8908
1854 3710 2994
1465 1678 9994
3972 4191 1531
1623 4214 1564
2000 235 5451
1309 3013 363
2415 77 2328
558 1736 3918
2874 849 9347
736 4139 8011
963 2091 9850
2910 559 7872
149 2704 5903
3558 4066 5329
1516 1326 4493
1292 2966 5988
382 2691 5998
4403 4580 9788
4036 578 9539
3825 1835 4583
3361 4390 4012
1685 964 4321
1984 1689 4143
3355 2173 8775
3044 2084 7949
3851 166 8159
2471 1235 4281
4020 2246 4345
785 3245 7899
688 1491 2365
2973 4430 8799
4074 1133 6128
103 2927 9951
1915 1858 5422
4222 3798 5757
3567 1791 5264
3938 2109 3419
2122 2684 2638
4255 3419 6846
3819 1386 5553
1056 813 5897
524 1577 5206
3183 2751 9301
2557 3823 1186
1117 3292 3306
642 2427 6371
3075 3594 2888
2182 3514 5453
108 3368 8243
2014 1689 475
4357 4349 3008
2569 3628 5747
2179 1215 8183
2854 3735 5180
4380 1424 6096
3568 1916 820
1463 3897 365
4487 4210 9668
1982 140 716
2067 3971 5393
228 4349 6894
238 1447 7590
178 1223 6636
2582 2246 2561
3899 127 1829
2989 2751 7243
1945 2907 1365
3731 2779 2312
346 2409 2694
2504 3672 1808
927 262 8331
4038 2140 3475
2658 164 2817
696 99 7664
2945 3318 3337
2308 2447 2835
1073 2338 562
2525 3982 5980
1227 3311 2764
2825 1664 932
1945 1487 45
4463 2177 3122
2166 518 9487
591 3924 7780
2102 1523 1800
4328 836 1188
769 3701 698
896 2011 6773
3885 2083 4976
775 2426 6357
254 4500 2430
1801 542 2422
1415 1371 8665
1180 989 2460
3192 295 6557
4251 208 6175
4284 3197 2523
42 2323 4036
482 1158 6775
2103 2205 8044
3094 1546 1869
1588 742 6582
1497 1253 3367
2630 3645 859
458 1424 8073
4132 308 3617
1587 1991 7771
3620 3971 9346
128 970 1984
3768 528 6526
3667 3508 1073
2221 2242 2419
3683 4318 8126
4538 2652 5397
4050 3813 7607
721 3582 3211
2834 2351 4272
3834 1414 4881
1061 1127 1589
2236 4079 5755
2151 3511 7720
4240 638 9321
2328 405 4696
266 1883 8446
2673 3498 4277
250 4308 9645
3395 23 2549
2679 2634 1328
2474 2904 7961
96 2834 7772
653 4534 1101
2590 3669 4500
3464 3436 270
2715 4507 423
3087 460 5241
397 2673 5822
2744 3243 1844
557 3477 8151
7 4126 4094
160 2538 3409
2145 395 4757
2230 2894 391
1796 553 7023
303 2859 1650
1880 2344 5011
1763 437 8847
3381 4566 3884
4173 1997 6183
486 3822 1661
3950 1925 8869
4534 193 5506
3545 1163 7053
4190 2556 638
2241 4469 6638
2090 2293 9429
928 1016 651
205 1576 9027
2574 1279 810
705 1340 8172
3653 3339 7913
2071 2494 7516
2161 2535 8396
3514 1342 5394
3792 3472 2548
167 210 4739
4035 2453 4959
2719 1312 322
1989 3190 4884
3854 4338 1822
1577 1876 1554
4533 4149 9019
906 913 4026
2478 3744 3699
1423 2899 9210
3472 1610 5946
3763 2793 7580
3070 3453 4676
3775 2886 2215
1216 2325 8488
312 3332 7280
1091 4267 1007
3156 1469 9595
568 1359 202
2821 2712 5654
389 1166 1225
2038 3227 9733
1108 3905 5678
3634 555 4630
396 1494 1896
2560 2903 1661
886 2885 5358
2205 1631 5293
3662 3145 4132
672 3635 1648
1674 3806 7416
508 3223 5375
211 4247 8102
2459 4140 5366
3905 3604 2718
3570 2330 6921
743 1930 6360
305 4561 844
377 2528 1398
1733 4530 1479
1629 3360 3999
4373 2971 7486
1030 1039 4538
640 349 1391
4497 4231 7824
2347 707 5674
3153 2154 407
3493 774 7219
1595 4080 503
480 2423 3833
962 3556 6326
309 810 8252
2958 4178 6459
1305 1728 8100
2221 4485 7049
2689 4467 8824
418 277 3051
4083 2442 1748
3838 144 9661
810 3696 8890
90 4190 7572
1729 3568 7434
3701 2785 1156
3173 247 9311
4279 2263 9726
1789 2995 8627
4310 3179 6364
3066 2396 7015
3871 3681 1988
307 965 4681
3970 4086 3605
1809 187 93
1132 1909 4380
3624 1229 9855
3557 1302 6767
1464 2127 7471
1855 1976 9100
808 1888 6132
636 1712 2988
1591 593 5736
1882 1078 4552
1267 1209 8106
1798 377 2628
1970 2098 680
2193 2655 2610
3472 2859 8404
3813 4251 9184
4458 4438 9884
1109 3495 8966
457 3491 430
3630 2848 8468
3231 2776 6806
4020 88 9185
61 4229 5609
2730 1187 5675
172 513 6150
1715 1487 7475
436 3075 4411
1939 2815 5290
623 1447 8579
3006 2993 1070
3392 1297 4263
3454 1851 2177
4584 2331 8962
1733 1837 768
456 1299 3240
439 2399 5881
4386 2149 2689
4420 2151 5941
1282 2225 4798
1122 3260 3056
2186 3660 158
2099 1265 6120
107 408 7327
3720 1917 5537
4411 2002 3700
2174 886 1816
4036 112 1081
2406 1064 9720
457 1365 5464
3774 2188 9383
3 1775 295
1404 1715 3616
2728 106 5836
3674 1562 8858
602 2519 9099
1630 2351 6562
3585 346 1758
3430 618 381
432 2977 2243
727 1707 3769
888 262 2098
4101 1839 9753
3025 2399 541
1991 3133 7942
424 1679 8467
2387 730 9954
3836 223 8384
4197 777 1335
4324 3673 1953
3018 2539 6953
2756 3689 9254
3748 3079 6528
2801 4597 6319
2260 209 3065
3807 632 3256
2501 3311 1352
4436 2892 6497
1306 2281 258
1590 2160 1853
652 2761 2843
2774 2735 366
2158 3193 764
2550 920 1509
1162 1880 6031
1554 3365 4048
2532 4540 5522
2288 2289 5478
1913 2854 2673
1733 1634 8409
854 2558 8205
1628 1251 4672
1077 3918 5410
4018 261 2823
1517 2021 7469
607 570 9515
925 1663 5543
1642 588 5039
3615 3948 5549
3191 4060 9883
3065 2623 3447
3031 1673 3084
2097 4424 6334
43 2658 7396
4191 4438 4076
1720 2819 3461
605 3456 2063
550 407 6311
2174 2512 8175
3828 1118 587
158 3984 6521
871 168 3978
648 4147 2753
3080 169 6855
733 3382 3485
4572 1186 8632
1220 1683 1645
3472 542 8737
3300 4099 9940
1863 2873 8137
4058 2357 7796
3511 1349 9049
506 1268 3586
2478 2808 4161
1921 154 3409
1597 245 4377
812 2726 6555
1594 1228 4916
4293 3619 388
771 1451 4414
992 2943 3921
3570 2017 704
4487 3500 7824
1458 863 7328
851 3332 1869
1294 1817 300
3882 2018 8101
1912 1274 4814
4163 3943 9839
3344 3751 8646
2960 209 8864
3665 534 82
1323 2637 1925
1293 2401 6363
2441 1422 439
1491 2321 5117
3915 1450 8501
3750 3673 4281
1749 1251 6348
3554 794 8502
3075 747 2952
1190 4373 1562
2053 3918 3961
4321 2890 2480
587 3770 4663
1074 1560 219
281 3797 7012
524 3294 2918
2516 425 8760
2982 2104 2047
3835 3240 3068
2541 159 8297
3326 4469 5540
3245 4299 8547
2151 1127 2685
2614 4447 8793
4433 520 2637
3015 1723 1047
529 4012 5452
1093 4070 5139
3549 2254 6897
2869 2003 4305
1579 3281 9992
400 4257 8232
2642 3135 5449
1032 124 9190
2512 72 1709
2143 3714 5211
4029 670 5968
2401 2332 5516
3743 1409 2503
3199 875 2068
1985 657 9768
1309 908 4401
4032 2266 9450
1050 4104 3306
2222 2156 9445
565 2187 6231
4380 2240 2109
176 3339 7515
347 1615 7854
4020 1932 7252
98 3381 687
2651 4030 1306
1304 1021 7343
1989 3761 6755
1595 3774 6627
4579 3781 2692
3942 2342 2002
4222 3844 3996
4451 2978 4598
4225 4522 7661
1432 869 7421
1585 2954 7804
2543 3885 9935
905 1155 8580
4525 3133 4787
1973 2555 433
24 3897 5053
92 3383 2421
4318 3401 3708
4524 1737 6886
760 2644 6834
2385 2875 5021
4100 213 4854
564 374 2132
3151 1832 4271
3901 4581 8562
2871 2458 8498
1799 1334 7369
2197 1695 245
4067 1042 7929
2937 1260 6686
3867 1597 9873
1926 3074 2226
1230 3804 1080
733 3514 7156
3629 2524 9296
3016 4589 444
3778 347 5644
3603 738 9844
4084 2355 5109
4197 4517 6643
2601 4088 4900
2857 2569 1318
3227 1576 5757
3321 3840 255
184 3252 2682
3990 3840 4612
183 3726 7273
321 4400 4871
2722 2102 7456
1536 2340 545
2830 2033 7768
1742 788 2637
3563 984 8149
865 96 113
2801 4062 4645
3133 3640 57
4546 2177 2150
3968 3680 2969
2314 1475 8067
4017 2435 7165
1857 2609 909
2911 268 9771
2742 1382 6967
2290 4228 8964
3339 4131 8137
3400 2319 6866
8 4440 6222
319 724 5140
577 1120 6323
3248 3841 4730
160 2649 8800
4474 131 631
3051 3748 4260
3151 1792 5904
3097 4099 5702
2832 2085 3748
2266 1275 1563
3615 2222 2798
15 2005 1734
650 2144 6789
1534 3419 2891
2867 4582 5346
2590 4461 1737
3117 3543 9989
863 890 2629
3267 3783 6205
3949 3793 6743
2246 4011 8454
517 2185 8994
2414 2098 3614
4328 3683 4786
3413 4357 2440
1293 2895 4879
2649 3521 8161
4294 3892 1873
4106 1894 7798
3290 2205 47
1718 2433 3888
3948 3738 9559
1901 2052 1404
723 1033 8558
1767 2312 8884
3831 4352 6553
862 119 3705
1650 4517 3900
822 16 6024
4177 2807 7065
2869 2269 1764
2485 1785 6137
3748 669 7308
1304 2514 5444
2702 2855 5932
1404 4212 6252
4348 1148 7983
2743 2039 7528
1166 2116 331
994 410 2858
3230 4077 7356
1581 3232 6201
3192 1464 6227
1201 3111 3414
3394 1485 2138
242 42 4491
980 2450 3244
3625 579 1721
217 2858 7981
4273 2938 6602
2993 3545 8821
2733 4585 4136
2135 1415 4927
4208 1113 8460
2863 2335 4531
3251 2933 4232
1041 4080 9089
3781 187 7317
3680 218 1951
1515 2727 149
4429 1643 4714
105 3220 1983
4490 3561 7481
3319 4599 1062
695 1268 8219
2185 1800 5951
1828 3891 8302
3473 1547 3627
3980 3805 9123
610 808 305
3180 1962 8563
588 2094 9075
4588 4570 9264
913 67 796
277 4000 6888
4178 1483 5746
3135 2660 879
1783 3419 9816
3736 4582 1421
2215 487 7155
155 2555 5084
166 2615 6388
4051 2600 730
1504 2803 7343
2883 3531 2553
655 2370 4728
3546 714 4112
3524 2216 2188
1793 3690 7749
3729 1564 6079
253 4303 1501
3498 2859 5511
3280 3419 7544
3770 2760 5847
2468 3474 4664
2277 1659 8519
3321 131 2343
142 3148 1777
317 1157 3214
679 2569 5537
150 4162 865
2430 3422 6444
1507 134 2505
3629 2669 6387
2555 3104 1451
3094 3917 4579
2247 286 440
3850 427 2827
710 4204 6480
3529 1568 6581
3560 97 2835
2913 3105 8649
2972 2168 5559
3027 1939 3098
1991 1291 6890
3686 2785 1325
435 422 4522
3124 964 2386
2807 1951 5393
2004 2912 1859
4098 1822 6109
2019 1998 8745
2821 1615 2492
2983 3922 4973
2726 1423 8082
209 4058 9705
756 3017 488
3414 722 6276
1640 1700 5764
2472 418 971
949 1532 3610
942 1794 3006
3044 2022 4790
1785 25 9819
150 3938 4807
2651 2452 8893
1693 3490 9030
2780 1531 8077
1897 4407 1641
1455 3240 1930
479 2001 1114
3287 3605 6698
3482 1361 9698
2307 2568 2729
18 1061 4069
2614 641 5861
2905 3302 352
406 4319 1504
1425 1768 8681
3407 4577 3246
4576 3003 9354
1138 2285 4
4209 3444 1109
3885 1699 8470
2760 2361 6630
3900 2616 6657
4197 1477 2374
4391 4164 3954
3443 3645 1139
4090 170 3624
4332 3022 6307
2674 767 4649
3387 4337 9755
3673 3332 9534
4327 2746 3669
4460 1325 5156
2928 1011 1226
3705 3437 2715
1681 117 5852
808 2931 7177
3665 3456 7409
2132 1298 8956
2472 4212 9395
494 2873 4208
1393 1053 1023
585 2448 8786
963 4056 1101
1949 2550 4090
2728 4242 456
525 4022 7385
789 3305 5575
4264 2267 6251
1215 2984 4714
3006 1988 8150
412 658 2658
4238 3609 6896
3374 3470 3137
4332 4030 9184
264 4306 3668
4561 3603 4896
1947 4524 1523
2259 2415 4731
4600 1749 1272
2528 1267 4517
2819 2061 6260
3111 505 3857
1975 3336 3673
1274 2251 9128
4449 2229 1745
339 3365 6751
82 1904 256
2078 3445 9117
1574 2614 8329
3906 1830 1823
2767 2474 1695
1607 2654 7394
973 3272 192
261 4473 4427
1917 3457 7224
2042 1602 2176
1741 4596 9627
2438 3645 3926
2690 4007 2296
2880 1441 4260
2374 3537 2507
1571 3260 7671
3619 2592 7932
537 679 788
3410 2014 9704
3026 3255 6876
4589 713 9533
3196 4497 5382
1426 234 793
2228 2143 8048
1710 1163 7646
182 1847 4321
3416 4462 4435
2880 4497 9732
3540 2545 3552
2540 457 2310
3571 1475 6716
1548 2472 2159
406 3782 8586
3685 703 1049
3309 2280 532
3737 239 9785
902 620 9597
4055 2995 8206
4146 2516 7733
150 2319 6364
3047 8 3098
2088 630 950
2366 552 5621
551 1623 8904
1466 824 6002
1078 3376 7629
3723 1039 3061
894 4074 293
1040 1192 159
4193 269 3348
4397 978 3777
1816 3511 5858
4283 2359 2814
4538 1628 828
1433 1156 7277
1127 1029 959
65 1682 6587
2360 3408 9175
3012 4333 4026
701 996 4293
3750 1121 8178
4342 2693 9724
2700 1768 3636
895 4534 3329
1367 733 5340
4534 4347 9338
1668 2857 9621
3443 1274 9623
1542 111 6082
4591 2532 5495
2222 1024 6465
2890 162 3908
3748 708 6232
3653 2570 4212
3922 4536 5957
2911 3368 3049
3803 1927 6340
2326 2068 9026
1476 4197 699
2444 370 6558
321 989 9138
1549 2047 4423
678 3539 2018
2945 4397 4382
2628 1720 5937
2221 2099 3964
2286 647 2048
2318 725 894
3201 525 6393
3418 3348 2461
1550 2767 7481
3897 2833 4619
3632 1795 4786
4153 2077 8269
92 4535 190
2087 111 51
4187 828 4612
1833 1803 920
4064 4262 2141
3049 2494 5961
4018 2710 9779
4490 2448 1402
1844 651 1910
2002 1066 1576
4188 1581 2892
366 1799 421
1722 2452 3738
2338 1390 6365
2188 2045 9242
1566 109 6496
3525 1286 6360
1229 100 589
2923 1260 912
1943 3605 3222
1543 1481 4536
508 2749 1885
2322 2332 8927
1432 2747 3746
1223 2136 3811
3147 998 1844
2379 277 8032
3795 3856 6586
2141 1228 3470
2820 3433 6846
1795 3179 2187
1091 1911 4643
922 2887 7109
3886 2942 9277
2479 1522 4040
3253 1024 1590
2557 1574 9469
1011 2784 9342
84 269 9397
538 3602 5482
2679 673 2872
2148 1634 2781
1726 168 5295
4234 1094 4556
3165 242 1828
2749 4175 4735
4361 2572 1413
2530 1920 644
4171 4569 9928
2456 683 2178
2872 1981 1243
994 1932 6989
3910 1034 2989
3720 565 6125
3517 191 5343
4460 343 1407
3760 2256 5768
539 1247 7351
3316 4396 8885
3229 3952 7189
3495 2037 3883
4002 1089 3526
3006 1585 1199
1669 3423 6077
3046 4492 6035
3770 4265 9044
2959 4182 555
4112 2508 412
3623 3149 1202
4223 3665 9280
3398 936 3319
2433 2852 4111
902 3740 9884
608 1159 736
230 389 4569
2264 2564 4820
2763 4227 2761
4374 4055 6012
4478 2330 2004
1740 688 9108
3236 3867 6804
3629 4295 9372
2115 2722 3778
3736 987 737
3866 1230 2670
3528 555 982
787 2742 212
219 2728 4227
1748 572 3533
3349 3360 4693
4452 1382 4558
296 2722 2866
3990 3070 2221
3788 388 8705
2753 3148 2030
3087 269 3961
2968 304 3347
4247 1951 9535
1197 1211 1739
3594 3320 9085
4512 3548 4405
3842 718 4793
2207 614 6406
2638 2134 6611
2760 1451 7104
694 3938 7943
2571 1629 2127
2276 3004 7562
4053 4198 1467
1650 4154 109
4335 112 811
2538 4364 659
115 3245 9449
4149 3944 8487
2758 2328 5110
2841 4364 602
4160 1719 1721
2586 1695 9768
3419 1594 8580
4377 4308 2594
2372 3011 7148
1416 3967 7559
964 2445 4752
2553 2976 9480
2173 4059 2658
62 152 409
1530 113 2376
1990 4067 6135
437 499 5560
3370 2146 5258
2515 3387 5829
2893 1231 7849
336 4081 9347
1581 61 9727
1033 3887 9348
1411 4309 7906
3632 828 1504
1222 3119 9916
2018 1836 8929
265 179 2315
4333 1038 9931
3122 3184 5412
109 1278 2692
3392 3447 7328
884 1340 7288
317 1399 6042
237 1339 9560
3873 2856 8054
1102 2835 1998
3731 1801 987
3223 120 4391
4296 2114 1928
1785 4131 5653
3064 3297 5713
3163 2774 9376
2341 2483 8672
4175 2895 729
3002 2515 7579
2338 4150 868
2237 3759 2497
2011 1800 8546
2478 258 5587
4432 3890 933
786 820 9500
2209 3494 4258
4532 88 2277
2552 1753 3741
546 1414 9292
2705 517 9190
1984 4296 368
4481 4469 449
3050 528 2551
3959 1422 6417
3673 1137 3877
3765 3338 7614
597 806 9214
2417 2322 4367
3963 2627 733
3724 4085 4146
4427 139 1474
1411 2126 782
2434 2774 5351
2992 816 74
2983 2715 2948
788 1986 7642
916 265 1451
1625 1502 9374
1193 40 2729
114 1265 6728
1908 3681 3238
1746 1017 3065
3153 3759 3813
4300 3171 2858
1651 574 241
1000 3339 4510
906 3721 2576
2638 4354 7011
2252 262 5053
1859 1817 6674
3078 2766 2018
4240 1919 133
816 277 4270
3208 423 851
3509 2915 3681
2910 4533 9526
1028 1241 7582
3395 2023 8341
3184 4452 3460
2091 2950 9780
1177 1172 5646
4275 1204 8963
3975 3293 5574
3224 3940 6988
4466 1200 6347
1686 3234 5994
3417 967 4270
2739 3810 7579
927 3689 7879
3934 1530 6538
4252 2019 9685
1549 2683 6234
2334 372 3483
3337 4143 6859
100 61 3883
4154 758 3658
3270 2998 3169
1356 4501 1666
3154 2645 1586
2137 4515 2418
3326 3273 7913
4388 1968 3033
3981 2091 2854
3673 4297 3403
1639 387 894
2891 3659 1357
3329 202 3248
4426 3238 4040
2076 3928 3996
3916 414 819
4402 400 9772
2438 1084 6078
224 2340 6430
264 1294 2437
3616 246 566
2362 4431 6836
1766 3612 3995
674 3390 6307
3193 1482 1246
864 1486 7884
2680 3952 6318
2120 822 8458
1965 1741 7638
3897 4031 9658
4098 119 3462
344 3402 8011
3813 1186 9662
3904 3474 282
2717 1358 4574
2774 4068 5186
323 90 4998
1456 1887 1510
30 2681 7539
4421 4109 9949
4415 1583 7636
3134 4138 6968
4094 4175 5388
3099 2023 9635
4370 3675 2872
3309 4038 3361
2184 797 4283
1837 633 4426
3037 4062 4782
3991 2340 406
3491 2659 6887
499 3433 4573
2104 420 9742
941 3977 8056
489 3614 4876
915 4591 9615
3167 2490 9239
2747 3135 7256
3010 4041 3850
4500 1997 2988
986 949 6588
728 3808 4304
1664 3069 2625
4522 2204 6138
4428 1196 3103
2392 3193 84
2667 252 8482
2093 1410 1489
4580 3472 4139
3685 2252 9198
1290 298 722
1278 3161 661
224 2329 4233
1603 2 5219
2086 2298 5800
2717 2879 4721
3248 1989 2797
1415 3089 2406
1940 3044 3313
3121 627 4244
2201 3888 2352
4100 4374 4443
1898 3309 3912
1480 3358 9175
627 1938 752
2168 2401 941
1084 2858 7975
586 1643 429
4254 3680 5381
1416 3846 2314
848 3648 1963
3871 676 6799
2425 4364 9444
365 3604 2757
3682 1209 2172
4037 17 1741
3857 3161 4609
2926 1248 8962
2384 4370 4491
2577 546 2219
2536 2272 9440
1267 2816 3109
3010 297 8166
2124 3891 3635
2410 2304 9107
3252 4423 4570
610 2377 4987
10 3202 4809
1010 3243 5146
845 3068 3202
844 1408 240
3144 3677 9863
2167 4095 3101
3152 2850 4928
4155 185 3756
3399 1126 1048
1384 4060 9347
4031 2697 3663
2671 1243 5324
4120 1200 2399
210 3365 9203
3128 1093 8040
185 903 7288
3292 423 5679
3004 791 5581
2737 409 9955
1257 3965 5093
907 477 9397
3060 4381 179
525 4362 2579
4151 2765 3120
4328 2193 6780
3014 2937 9428
3894 2811 8986
2167 4103 9746
3395 2479 3149
833 3745 4982
3941 769 2224
266 793 291
4161 1258 952
4599 2321 1298
3147 4443 6947
243 453 6420
4061 1619 1638
3090 1930 9776
4110 618 6833
4455 3245 8421
1659 1837 4584
4511 1692 1499
2313 2851 689
3173 1094 1756
4409 318 559
1107 2837 7756
2491 2452 7204
3050 3690 8184
3480 1293 8363
3935 215 5472
3695 4284 777
3889 1444 1584
1225 3178 9222
2319 1534 9193
2462 560 2647
3882 1225 7534
2143 1336 6803
3886 3047 6711
3949 3260 8466
1853 4454 1844
4531 4571 4990
2767 3741 6732
1563 2162 193
3174 510 8660
1944 868 5851
2345 4207 1911
1857 302 1190
1184 1685 7435
338 1441 9338
3211 3351 2062
3981 2280 9811
837 2945 1001
433 3778 1097
425 4292 3091
3772 1206 1573
767 4036 2988
3555 4024 6503
859 329 6564
116 1049 7917
627 526 3292
3410 3216 6987
3344 4336 9801
4300 1890 3775
2861 4107 8554
3371 2990 2186
4065 1329 3966
275 1546 2147
1621 3943 3556
4412 172 1596
2064 396 2710
4163 1546 9310
1102 3666 6245
1485 2320 5054
1263 4374 6453
2842 2532 1782
2100 4497 8507
2573 468 6613
4440 4306 2163
1029 2212 222
3342 2542 4427
2430 67 9502
1993 3197 2990
3242 17 4813
2116 191 5202
1853 2976 5060
4572 4424 9076
4556 4508 3688
1289 3230 491
3374 1561 5103
1766 4327 8938
113 1814 1401
1702 1298 6918
3269 3469 6030
3968 180 9565
2017 3628 7160
3050 3818 4683
4543 2996 6006
434 2994 9210
3024 2868 4670
2647 923 4453
2065 3752 8019
4503 721 2241
3282 860 8827
150 2537 5411
3184 1203 5340
2893 1373 3547
3698 2195 6923
1566 2055 483
2027 3121 1186
2274 891 414
2873 3570 8267
611 2148 8920
4401 1312 6728
1416 1102 9269
2595 2842 8295
4276 2276 4020
1001 3587 8939
2774 1078 6446
1907 4269 6997
4450 1924 3373
4354 330 4940
4418 2839 6040
1903 672 6718
1604 2625 4398
2224 1293 9554
3138 1506 4636
642 11 9427
2316 1787 6942
1921 654 7578
923 3056 9945
2471 673 5686
1598 2227 1444
2447 2708 8118
1013 140 5408
722 1483 3514
2699 4162 2315
3213 3436 1760
842 3767 5043
4467 2390 5516
2739 4450 5358
516 2410 6929
1247 2376 5694
781 2707 7403
7 3295 1616
2249 2948 7687
2411 3385 5938
1858 876 5483
929 708 6292
555 136 2402
1488 3980 1593
128 3725 6503
1659 109 5476
4129 3740 7865
1991 835 7408
1006 4053 2576
1861 2586 9357
3884 3139 9731
3849 3356 1563
3721 4534 4708
1053 122 1178
3919 2452 1469
2030 3833 244
158 3630 9697
2368 1761 2641
3262 2283 2316
3657 1385 1642
3657 3759 5034
2168 2709 417
3934 3558 1851
106 2255 7756
3621 518 2502
3984 3577 8589
1097 657 3400
641 2793 8419
4406 3034 5911
2508 1916 6719
493 2739 3635
2988 984 5963
1607 316 6330
4377 1153 3271
298 2593 9928
1120 2063 9528
843 398 8307
1445 2353 4971
2113 3279 7008
4335 3866 2577
3612 3328 8939
2248 2053 9365
529 4075 9825
4487 379 1440
641 1914 4055
4524 2999 515
1811 3241 4625
3898 3431 5914
205 1170 478
4553 128 1155
808 1742 9956
3120 4216 7334
3512 2313 7719
1582 221 5185
1157 3707 6161
4237 2084 1634
3752 1980 4405
641 994 505
3791 458 9066
2239 2625 6449
342 2849 5277
890 1286 5524
1875 1782 5840
2206 2985 4881
3859 3723 8337
510 1047 1207
973 146 692
1073 598 8385
2178 2686 951
2455 1910 326
231 2273 1391
2740 4354 5530
2897 616 3311
1294 524 7968
909 2760 7777
1655 2797 1213
55 2036 1503
1644 2886 1260
1780 3497 5788
680 248 4408
4123 3572 6645
2889 2833 3026
2075 1102 641
741 2836 5107
406 2177 8476
3282 3881 4630
3666 580 4826
899 2864 5511
2900 1813 2547
1456 3313 855
2873 3741 6910
1598 2638 5053
4245 505 7463
3614 1833 771
3887 707 5141
727 4145 9501
3915 4403 5548
1100 2221 9011
3113 3805 3908
2214 386 4947
3311 3808 5139
1212 3889 7640
2884 3543 3982
1862 739 6691
3263 2796 5776
3004 4042 8550
1613 4421 8013
4290 4276 6817
4395 2210 4243
3041 2393 7969
4184 3788 4428
58 232 8733
4560 4245 4668
4249 3978 7709
3931 2067 4569
4124 1434 6598
1630 527 4520
1375 814 9880
1675 1389 9473
1482 1397 3621
3014 2146 1933
1709 337 418
407 4113 6107
4490 785 2579
454 575 6367
402 406 8470
627 2919 5746
1530 2865 3307
2631 3812 1454
2463 3464 7685
847 3408 1978
980 3500 6372
3494 4320 4976
2203 173 7428
2356 2637 8000
1018 1589 6015
2878 4128 8824
3345 3100 5043
29 2674 118
3011 1686 9141
24 942 9286
4089 1440 2466
3249 576 3826
61 3758 4286
4501 2346 5447
1887 2027 5689
3824 3080 7
1238 1353 8746
2340 485 5978
1978 2641 6579
4513 3052 3665
3055 1629 999
525 1921 5083
2973 1148 5305
1218 3624 7365
561 1533 6135
3106 1462 7733
232 4111 1996
3512 3785 3187
2057 579 5108
681 1307 375
3889 3951 142
2831 4378 5873
4461 756 8422
4479 2566 291
3320 1231 3844
2455 383 944
4582 2862 5522
3363 2751 686
3846 3721 3264
3247 1228 111
4326 4126 9770
1887 2481 9955
808 761 4282
3758 4229 3993
2703 1147 6245
3904 1685 7616
203 4336 4388
353 3742 3814
1292 2078 4997
3014 4260 635
3276 1955 1328
4500 398 9654
2187 4140 7095
3237 1544 3792
3633 3253 7104
2759 2560 8397
2293 458 8072
1156 2917 450
4082 2238 2974
969 3244 1487
2850 4262 8864
2423 4529 1789
4591 852 9007
1106 3576 4731
1550 291 8462
1521 420 9542
503 1262 7106
2347 2226 152
1180 120 2362
3162 2341 7833
178 243 2437
2692 4039 1090
3863 2399 2355
119 950 7097
1625 748 6554
4397 1957 7892
1484 2913 3679
1386 22 8716
4176 4140 9233
1568 77 8717
2614 847 8243
3396 3676 8744
3909 2279 3058
3896 1369 4794
2436 2329 4079
1710 2740 9699
2960 3084 1585
2102 4269 1367
4484 3839 4604
734 4445 5888
3551 3882 8386
435 2267 796
3388 1223 2813
1644 80 3122
1362 4453 2311
1566 2546 1982
2870 343 6982
4314 3723 3241
973 765 3249
4129 4512 9665
1049 2070 1474
2670 2419 2088
3781 2308 7940
4252 3459 4876
4445 3064 6098
1644 2667 1252
1932 2700 1630
2533 1601 9566
1950 586 3952
4513 2906 5338
491 4021 5033
3448 8 7533
199 1534 2569
2337 2560 2333
1684 2977 3567
1975 2834 9680
708 324 2110
2567 3817 7051
1716 2422 7394
3322 3053 7345
2369 1861 9115
2583 1351 7032
1856 3677 9833
314 2168 8129
3620 4386 6959
2590 1255 1324
2813 622 9892
3346 898 5018
472 78 3477
2164 677 7266
2788 3353 6808
2455 2889 6264
2997 852 7814
1496 3387 1898
3426 3927 9537
2176 2905 5140
1973 3866 6641
263 3481 207
4569 4553 2539
3506 3966 9982
1636 4507 1765
2011 1029 5779
4435 3513 2919
3295 3540 5019
3530 4116 5068
1914 843 8676
4339 3460 7544
3943 1299 1946
3580 3506 4269
2719 324 9555
4063 289 1906
926 161 3194
2121 1071 7125
3235 679 4661
150 2437 2790
2145 2578 4963
3054 481 1241
4369 600 7235
774 10 1495
3333 254 527
307 1247 8326
3821 4347 6800
414 1831 2408
2565 2900 1810
31 2286 4518
470 804 9272
1666 2602 1291
4541 3340 1115
3940 1099 3884
2254 2088 4751
3984 207 2262
3283 3344 721
4153 4350 4295
229 4086 2802
1764 1686 2919
1126 2747 1046
816 4585 4570
2895 2621 9031
1639 1381 5394
3052 22 8072
1928 4497 1299
3258 2849 2799
3475 353 1910
2243 1849 7117
1037 895 3874
9 1261 5231
4278 19 6626
3445 3124 2684
4339 1279 3220
2069 2377 4520
4535 4125 7633
52 4583 2489
633 1312 2753
474 352 2109
3595 372 3997
1094 3683 5676
4349 3746 6506
3714 4542 5713
1246 2828 6285
3575 2811 8807
1060 3838 9977
4080 2653 1067
338 4320 6662
1268 1281 4446
4108 1333 5907
4557 260 4949
2614 3823 9150
2884 4113 5423
2837 4163 1324
1962 4158 2499
2158 1230 1485
1263 3869 2416
85 3230 1138
175 4179 5584
603 1117 7369
483 3086 8901
870 1527 979
3246 1819 5349
2933 3053 8568
491 2489 4647
940 2782 5479
3861 1213 1367
641 4020 1903
1092 785 4023
395 2425 7702
1209 1211 399
4103 2458 6126
1418 3153 3910
1529 1039 1568
2394 1029 8584
2590 2274 2845
2505 1962 6
1425 2637 8093
957 201 1861
2395 3026 5651
2659 2416 9548
642 1123 7468
3490 2834 1059
2251 1543 4289
2661 2215 512
3503 1941 8349
2104 1687 4045
1723 1942 7159
2177 4115 3180
4296 3408 6150
1178 3458 7305
187 1178 6441
3765 376 6980
2494 712 505
3112 941 9573
4525 2589 384
2188 3335 824
599 66 9222
2189 2613 3374
4498 4279 4474
2579 4522 1740
336 3649 2147
396 1772 2752
2276 3843 8067
3853 3956 2026
2795 3285 6287
2860 2348 4539
4020 4429 931
1419 1591 4417
2912 3257 9881
316 3529 3854
2367 92 287
550 2996 8725
436 4307 1316
2101 504 6633
2814 532 2116
1 1808 1876
348 906 9088
1122 3328 9933
3142 4150 9925
1389 746 8479
2047 1646 4263
2180 1795 3618
1155 2087 9670
2457 4475 9740
3070 3256 8685
1153 4253 1609
4193 1558 9742
2997 685 2760
4246 161 9672
2291 944 6791
1669 1563 5492
1762 3534 8967
2266 1479 550
4510 2752 7564
4503 3155 4466
460 3767 7717
952 4118 4744
2898 1499 6795
4456 87 1953
4242 2020 3997
4301 3435 9914
2302 1492 152
3687 548 8183
3610 375 2271
866 3321 1193
2404 1306 1634
2228 606 6602
1811 3402 1546
2395 3158 4319
4031 3232 209
3753 739 7633
1554 1279 8368
1305 3959 6786
1168 4304 7853
946 4029 6907
1157 1359 7344
721 1609 7822
2868 350 6012
849 4048 2801
3086 1907 1013
323 3531 2860
4519 1345 2110
1143 3200 2962
575 171 2416
1976 2040 6257
2777 1580 6031
2435 2165 3806
2458 807 6493
2459 3004 7873
183 4549 1174
3547 419 4966
800 3776 2906
542 4168 2394
3543 4401 9877
596 2547 66
4415 1021 7775
4218 426 262
111 1359 9610
1636 3600 2300
2995 3490 3071
3201 4398 15
3366 2195 5427
154 4260 4277
1950 2763 4359
409 140 8715
1168 418 4684
346 2899 970
224 4560 9425
740 3895 9576
637 4264 7698
4407 4491 8798
2903 2947 56
3480 576 864
1426 4261 9811
3408 3905 4940
2335 2435 9063
3211 1114 6037
206 3901 1688
1221 2766 478
363 2431 4417
1073 3027 7726
2585 2373 5498
1820 2075 6071
327 725 6834
379 820 1245
617 138 2295
1442 2714 3329
2734 1735 8125
3602 3360 1004
3839 861 2521
673 3613 2829
4107 3506 4186
2107 3107 7913
162 2333 5002
770 3925 4209
852 719 7345
1131 3148 2532
1054 4184 7811
556 2374 8481
4099 1521 6894
2349 1240 9359
2949 116 9245
3035 2797 916
72 2344 3053
1768 4311 3006
1690 4397 8220
1496 580 48
2028 1770 1458
3608 2625 7102
3493 2172 3148
4077 151 6214
892 1548 5904
1219 3796 60
2318 1235 4336
2347 4065 2011
567 1159 3243
2164 1746 7514
3905 1676 9610
1406 4422 6875
3989 1928 4843
1289 2272 4617
4057 2569 5505
1905 2681 2824
582 1357 9790
3867 4 6741
2050 771 4323
670 4230 2063
1691 2531 2448
707 1224 6992
1833 1679 9069
4183 4587 3339
4544 1874 1013
3767 3901 8672
3875 3306 3938
1729 3967 2942
4121 3715 9193
879 4289 8917
2985 3784 4155
3793 2888 7451
1463 3730 4821
4268 2527 4539
3498 2455 1975
2503 2129 5298
174 3084 8208
2573 2258 9196
1925 3418 8610
288 1264 4939
330 4011 3084
2417 4084 4999
313 1570 9681
3155 2286 6464
115 1804 217
3062 3367 3188
3698 3903 3867
3023 4554 8398
1537 3605 7745
988 1077 3763
3720 1890 5054
1600 3503 5154
4 630 6060
1453 2097 8449
1702 4544 9410
2308 2407 6182
2315 2116 7972
2944 2095 6651
3277 4594 6259
3358 3609 9067
818 230 3192
640 3750 5379
2820 2629 3008
2044 3150 2473
466 3903 2914
897 4024 9832
1020 684 9296
1164 1481 4787
3620 3764 2939
971 2281 5117
1149 2406 1426
1778 2952 7195
1171 3564 4714
3315 3122 3490
4097 1972 901
2570 1247 1229
2440 1595 1563
3552 2417 6985
4155 2697 2417
2548 2101 3202
2136 1082 3872
4480 4143 4249
2575 4415 2328
3922 2957 3262
1593 2718 6657
3174 1481 2064
3196 1338 6446
3918 2895 7760
4290 1443 1281
633 3988 2635
2772 3868 1891
2998 2543 9724
1711 4536 5302
4466 2490 3387
1810 820 1054
201 2285 1002
1318 4429 4816
2166 1763 4379
133 1989 292
817 1785 703
1125 2232 1953
3584 2472 2566
2627 344 8351
1327 886 1353
921 4398 5478
2500 289 5737
2051 3204 8223
3294 2923 9790
3073 2102 8964
643 1285 1060
2276 1304 1005
548 3199 8777
3186 1069 7783
3987 2425 9999
2025 4299 4407
4525 4018 2545
3067 2103 9032
17 4240 4303
3619 4338 4346
941 4095 9455
191 3196 5300
2496 913 1762
2118 499 6262
3543 2993 8049
506 1059 6987
4460 1907 5255
1232 299 9167
3793 2157 5160
4491 816 22
3018 134 6226
3447 3169 9009
2853 1334 4619
161 123 1442
1692 1785 6211
4305 3551 1313
1828 3915 6264
1613 3663 5546
1684 264 5213
2805 58 4129
3064 3582 2766
2680 361 7896
2420 1420 3242
271 2459 7296
1675 2921 8098
1090 1345 8435
279 105 3191
3024 2490 3266
1834 782 6283
777 1504 2881
4225 1116 8045
1134 1441 7009
2720 3482 559
2078 3062 362
2348 3442 8944
3072 1720 3874
544 3320 6686
3530 3143 32
2316 3160 5659
3651 4443 803
3588 3534 2338
2648 1810 9382
2666 960 4609
1309 3239 9251
4171 1409 7807
796 3806 8734
1792 1865 599
636 3558 4667
2157 972 5259
1551 1198 9833
3817 3531 7481
302 1086 5169
671 3809 7722
2 219 3658
1814 3632 149
1911 4504 1383
2955 2040 6000
2348 1245 8014
67 975 8249
726 3592 2018
1576 1298 4163
3928 1810 1994
3963 3818 825
4433 1443 3258
1861 2844 8687
2399 37 4969
168 4247 4511
3607 1985 2759
1481 3526 840
2998 3399 3433
3918 4402 7132
587 3626 9705
180 4582 3285
1439 3305 4415
3422 1639 1129
816 2157 20
2021 1147 564
2548 2192 3860
3566 536 8389
2828 732 6769
2083 792 5293
2783 741 9027
3181 3184 1156
2132 1921 3598
3873 413 685
2474 183 5917
3192 1292 9549
4006 3022 7108
3416 1527 822
3810 1019 5802
3137 4529 2336
584 3617 2319
2255 3133 2458
3991 347 4406
2655 3013 6140
3792 962 9980
2796 3466 2492
1898 1929 1669
1347 3897 7972
2994 4452 7359
667 738 3347
2088 3589 1585
2524 1649 4031
3502 58 5158
4184 973 9921
4082 625 7222
2063 800 6282
883 4483 5697
633 1790 6072
2999 2579 6247
2825 874 6755
898 2225 9245
2523 1091 2298
1388 923 5986
85 2474 2872
751 2173 4471
929 2472 7700
1571 2139 5443
3050 2052 2043
4420 208 7767
294 3996 6522
2440 209 5977
1431 2081 7270
2993 2510 4389
1852 1557 2990
1327 2079 6960
3930 1699 4064
539 3396 571
711 3463 7516
1963 314 3415
2370 1931 807
4299 4044 3864
2611 1140 8095
3818 1815 3550
1018 3381 8384
1279 3400 9117
1194 2767 8375
3486 3736 5317
1675 1099 259
1030 1732 282
2537 380 1166
1793 2683 1903
3539 1802 9139
3059 799 9653
4245 250 3980
2267 4040 4043
4341 1177 3036
142 2751 5593
3051 4020 5714
645 133 6323
2624 1924 4000
4469 1841 1093
3612 3377 317
3763 1883 4158
4063 2245 4740
2336 2900 9156
463 1556 1331
1632 2522 7579
2290 3512 992
2508 3685 8146
39 4212 4386
2584 3847 7398
1730 3826 5154
766 957 6186
4138 701 3789
949 3041 5717
2953 3833 9014
3235 3796 5144
2404 2963 6553
3036 3637 7216
3658 3227 1558
4395 623 9107
2440 2328 5085
2965 2498 3810
696 260 7518
2172 2590 1358
608 3772 9080
448 1717 5135
2088 1633 1645
2647 3014 7110
3776 732 5082
4270 3495 122
3475 1659 4062
2326 3292 7540
4396 3919 5291
1657 3987 8156
3667 486 7382
1614 1145 519
2451 747 4294
4079 171 3817
1272 712 452
3490 4506 2166
433 2687 5998
4044 3015 3967
3931 1489 7529
513 1361 7494
2297 4219 8297
2777 1850 3009
2452 537 7844
4518 1891 4097
4207 2697 651
189 1551 3180
958 2815 944
4336 3247 969
1617 1083 8483
3892 3502 8088
875 1442 5563
1826 2879 4341
1645 113 3655
3782 388 1100
2231 3113 8658
1067 2387 4739
1045 3837 5337
2697 156 2688
873 1639 253
253 1042 333
2660 2570 953
3799 1183 920
2975 4047 4418
3802 3215 6317
3297 3752 3198
1176 3788 7067
955 1627 8802
1111 1897 4160
1251 2099 3512
3822 4483 9799
1903 2113 2275
660 226 6818
3633 3158 2593
2034 2248 7102
3608 1043 7092
546 321 1358
786 3407 682
1939 1000 8674
3856 1367 7564
1872 2253 9108
1032 1750 2186
982 1821 1887
3956 427 9336
3835 2736 5056
659 657 2596
1355 1269 629
2406 3635 4166
811 1053 5822
1438 4445 7383
3747 360 4078
1821 3249 7660
3694 1887 5013
4311 2293 6496
4435 2902 7116
2826 2781 7167
2435 1546 7587
1330 4027 4153
2064 2816 4354
3364 3157 3903
2687 2540 2153
991 2163 7875
455 2792 4356
2378 140 3618
3248 162 2427
3848 3356 5316
3181 1674 3529
297 4339 9760
63 1722 2184
3071 1383 6615
4412 3865 4928
3471 1637 5536
1883 4037 2521
2635 3063 3346
3566 2290 7780
3914 3533 3008
4348 4453 492
4595 3851 9603
1719 3293 8520
2176 3936 3794
1403 2200 8782
3829 3617 7735
1054 2805 2542
3130 1769 1592
1566 612 5605
4198 4249 6318
2586 533 3835
4349 3343 3470
73 151 255
1698 286 3136
965 1417 6649
1898 4586 2388
4256 1881 3409
3506 393 1145
362 1928 5688
2064 4524 4866
2654 1490 1031
2158 3538 6061
1762 1263 1216
1998 4357 9511
1271 2330 6021
3758 3119 7132
3371 4197 6497
339 2227 5011
1002 3625 9520
1577 1798 6224
3231 3640 636
1062 4458 5751
4135 2913 8930
2000 1133 8871
3563 3028 8031
2903 1203 1047
2897 3070 5124
3079 970 581
1435 1315 9067
1063 3456 5773
4317 1645 4237
1771 3428 8791
419 3849 7750
2880 2454 1429
1684 3851 2685
3590 605 9190
179 1566 5125
527 2089 4352
1960 4308 6149
2173 1302 4882
4533 4169 5077
1698 1861 1357
1852 1763 7425
704 1213 7643
28 2481 9453
4489 1115 9904
2133 4597 3376
2576 1279 2441
3598 674 7278
2239 2449 3105
2076 2444 7087
3836 1777 8152
1377 2423 4914
4183 1862 4609
1591 809 1709
2204 1831 944
739 3251 149
569 3324 2293
4502 4219 8218
4556 1037 4781
3332 3641 5186
1892 3726 9030
4320 1194 46
3707 2452 622
612 3152 150
721 2589 6666
4162 4545 6994
2938 3305 1424
1004 2756 5410
2253 3487 3589
1764 4144 7708
1276 3851 1023
1720 121 7450
407 3399 19
3124 2106 9692
709 1042 9987
2980 3686 6989
1313 215 9292
2092 3388 3653
897 2052 6037
2566 2636 9830
3286 4277 6600
2549 3772 327
393 3963 67
3704 1996 7275
406 3410 4643
2613 3671 5638
4387 4504 4673
4016 3098 2652
3977 2455 2298
3276 4228 5428
4408 3437 3236
772 1430 8829
3103 4284 7898
3059 980 6963
3365 992 8885
2520 161 3047
3849 3137 2143
58 2265 2814
3464 3206 5843
682 2300 4197
376 2990 693
3542 1206 9416
2263 1500 874
2604 490 4682
825 705 9158
2990 555 235
333 2303 8593
2965 2393 8517
972 3685 1104
3427 4021 3198
171 4333 7101
4144 3676 8712
181 1801 7701
319 2574 5495
4222 1084 9383
4459 1053 7456
504 4210 2692
3309 489 2926
3895 1411 1246
526 797 9676
2142 3026 9564
923 4392 9972
688 958 1021
1613 2913 5838
2968 1846 4280
907 3358 1278
283 2814 5501
25 2658 2927
4287 2155 415
2842 793 1430
4189 2350 122
2056 240 5002
3367 609 5543
895 2136 3289
4205 1118 8814
4525 3947 2529
4450 1352 4881
2000 4180 7621
240 2150 6102
2335 3357 7525
3843 3163 5298
1981 2466 1661
4495 863 5087
33 1248 2315
1191 3956 2881
1060 56 5730
3528 637 2216
681 1766 7739
337 321 6632
4518 4549 2426
2488 2940 2664
3053 2452 9225
3033 3704 963
3449 3614 8225
82 2596 8634
1017 703 3607
734 3036 8731
4066 3335 8592
2224 3572 2320
2517 4443 8509
2298 482 1088
469 3624 9816
2032 4038 4564
3778 2864 1288
1274 2320 8630
3733 367 7933
2513 687 4839
4145 2213 4703
140 4324 773
1695 2361 6761
1291 3706 5416
355 3149 2735
107 1584 5912
3138 3053 3837
1378 1987 9540
2693 1916 9178
3632 3983 9254
770 2838 9943
3564 3252 3059
820 4482 8630
2817 3610 1463
2090 4579 3576
2929 4080 1462
3066 2379 4483
4375 3706 8138
1814 3969 1318
1072 3789 4853
4216 2880 585
646 142 3373
1789 2764 5067
877 2288 1231
2356 42 6127
917 3239 3646
371 3495 3233
4591 3625 9991
2486 2129 3439
1935 876 9581
3010 248 3901
958 1756 3990
3814 938 3462
4457 586 7414
299 3976 4602
748 3395 1702
4577 1725 7987
563 3664 5686
4186 2183 5479
3934 2022 7747
4029 4319 6812
398 2383 5900
3072 4200 5031
3231 1764 803
2312 3559 67
1592 1179 5542
3314 4503 6140
752 2970 4984
1582 1748 1857
4265 4156 4495
3252 2116 7475
1507 3459 6195
3420 4586 6245
215 971 7855
3776 2075 6593
1154 516 2435
3178 3718 4901
201 904 4859
4317 4419 7083
4520 3915 8218
1008 2342 6748
4072 4470 2183
1165 4163 6413
4383 3975 6842
1290 27 2294
2151 453 1871
979 1220 4257
1189 607 8104
569 2642 9007
1467 3904 8247
2801 180 1283
3286 3955 2713
2931 1560 5437
2047 2365 7987
3434 2056 2482
4062 3389 5700
1942 3161 365
4448 4574 5799
1752 3134 1874
3134 1621 1729
1076 1055 956
2174 134 6970
604 2625 2998
1613 274 9060
816 4175 2209
331 2998 3464
4102 4291 9112
1947 3076 3671
829 1139 9065
1567 3664 4146
2697 2458 9891
1622 300 9463
1985 1102 8267
1639 205 8548
2833 1447 4283
2772 4145 4000
4449 4465 2848
2753 3344 1336
4298 3568 3006
1520 4434 1384
1227 391 4333
593 1525 5777
3385 2386 2380
714 820 400
4511 3095 7708
1385 3200 8888
527 1881 8609
3056 3409 8257
3922 4081 3573
1716 781 8471
4168 1385 5464
1987 2312 1939
4379 3137 3853
183 232 2436
4482 1849 2750
140 2892 4688
436 1252 7559
319 1732 8286
3287 2787 9562
2936 2880 5132
1630 2755 3935
3515 5 4289
893 3076 3269
1184 4065 2099
1434 3578 941
2675 4049 457
940 2434 1279
244 2117 2035
1379 1672 8495
4255 1645 3755
978 3234 359
1020 3471 269
3702 4258 4995
931 811 5060
3643 1457 1448
4595 69 7035
380 2516 7380
3372 673 2589
3936 2526 1882
3579 3033 314
4028 12 2812
4382 108 9940
1576 4267 5794
1730 154 2811
2180 4555 3567
3635 2618 7588
534 1507 7312
4341 3822 1932
405 3812 3851
3987 3964 3865
3770 694 6167
1471 1637 2651
490 4129 6957
3282 2574 9427
3238 4198 4013
467 1431 3543
1835 1819 6308
1349 698 3485
2103 3549 4229
2492 818 4187
860 1903 1638
2015 3896 6357
1101 2143 5142
1306 520 565
2399 4318 8346
2231 3772 3260
2053 973 1964
2614 3552 4212
1068 2668 1969
1305 3211 2061
325 2910 9611
198 949 6452
692 1358 7140
4574 2116 5811
2055 1141 7974
1716 1496 2347
3922 2569 9979
3557 3656 5220
1962 3311 1754
2589 268 6601
225 1291 1691
112 2450 3601
4426 1633 6341
558 2259 7437
2803 4515 4769
42 3649 1969
2421 342 1287
1181 2602 3313
2999 616 3605
314 3124 5686
2869 947 8300
4307 736 1514
2745 1502 2569
1686 1491 75
2767 4340 1422
1244 4433 6342
2000 2377 4175
3043 782 4120
993 1651 9387
1593 1635 5069
9 1733 7126
3602 3645 136
1011 1257 763
4231 3738 2541
4174 1054 8412
4174 909 9829
4138 1577 4007
349 520 5246
3618 3695 9958
2570 1977 5910
2091 2371 4815
2613 1571 7195
1885 1631 596
2827 43 8129
1282 1179 8141
1531 1323 7148
2405 3553 2780
454 4026 5505
179 2632 9943
21 1696 6778
3877 1620 7428
195 3108 7388
4158 1430 7677
1606 2954 9450
842 2422 7751
3036 1190 6049
2390 1626 4966
809 1998 538
3139 4554 4671
607 2471 1449
3346 231 3068
4503 1405 9440
1962 884 8219
2628 4302 6698
3489 3680 3339
2187 1875 6518
3779 4292 6713
1990 4543 3447
4593 2500 504
4590 2400 4375
913 4255 400
1034 4235 8396
2121 1272 6563
1248 2146 2355
2011 2776 776
2067 4337 3745
1424 4395 7096
612 4518 5498
2003 3264 2359
1430 4459 3448
2576 2967 4458
2981 1697 8628
3910 3431 9523
1952 2226 5924
2737 608 8713
3131 1318 6190
3476 1355 5838
3004 1436 7953
874 381 8089
2312 654 571
4233 1948 8124
2644 4265 4429
3477 863 5841
3494 2843 1053
4340 975 8059
1259 2088 3335
1592 2328 1938
2950 831 9822
1994 68 3941
1548 1746 8830
3933 2532 1223
269 1114 5230
3442 3276 5644
1502 36 1567
614 2959 7178
992 1966 2026
1620 4392 8074
4285 216 9166
3618 1453 411
90 1935 1841
1636 4104 4864
1666 497 6731
3325 2399 9414
361 1540 7904
50 3510 5657
3364 3728 2896
2088 3900 6848
3394 3692 9968
120 446 4141
1175 1613 9377
2649 3976 8866
2423 3328 8281
2864 3829 2493
1596 411 8901
4541 378 2942
1630 2123 9404
3956 3808 6973
551 3497 3023
276 1683 5016
1291 1121 5220
4131 276 8136
1576 1596 1043
291 878 8470
700 3863 8145
837 3865 1434
2935 3609 8304
3148 1550 5187
3753 1580 4886
2925 256 1621
1936 1545 8235
739 1849 8715
1332 1314 9389
1622 2509 6202
1196 3503 5224
4527 3734 254
3971 1955 6529
937 3684 7559
1298 1822 9667
1212 2076 5823
423 2737 1734
3364 268 5986
3158 3491 7856
1785 1229 1969
4287 2637 4306
3767 1762 4720
2271 204 7450
2545 1959 5759
2092 455 4227
3416 2189 676
378 1580 1921
4550 3235 4776
2336 3474 6630
482 4275 270
4189 1633 1566
2579 3776 7779
4199 4272 8505
337 1760 8542
767 3614 9455
3032 3097 4376
2534 68 2218
2521 1348 1576
3809 3077 4958
2298 2594 2163
2166 1305 3081
2513 293 2348
3220 4555 4964
3460 3845 841
1722 2302 7506
1911 2547 4273
1290 4152 4829
4118 820 1090
57 4248 2277
1740 3679 1519
4231 4437 5087
3996 3619 5209
3615 3333 8650
2298 1295 4714
2556 4484 8715
1239 1360 8838
4373 3443 8268
4141 3252 6470
351 4367 6311
175 3600 1067
3190 3669 1613
4433 4519 8339
486 1655 6218
822 1081 4454
4472 3551 7557
2187 3731 9357
4561 3931 7987
2640 2435 2609
2037 4263 9776
4040 1479 6557
4466 3567 5459
26 215 7218
62 2114 6919
2104 4096 1198
662 2571 3181
1389 3030 7117
2884 867 2001
3964 846 5672
1856 4367 4454
507 2277 2815
3210 2085 3148
449 1645 5138
3030 4595 1383
2839 3564 5289
1947 3926 6202
1034 3876 967
3622 2901 9541
4525 184 6029
2882 2447 2522
257 3714 8489
4469 3171 3655
3242 3134 3924
4313 4384 482
2569 1412 5871
2092 3412 1651
3547 2564 3074
1837 2876 5564
4354 317 3165
2894 3557 1763
1508 407 4690
3999 3988 4734
1127 1095 8656
1740 1725 1499
60 2365 4501
2108 4055 5473
3688 1176 8762
2888 3662 150
144 2608 5919
527 1862 4320
2427 227 1458
3525 4173 1577
2704 530 3786
3045 110 1794
3742 2727 2651
3400 1441 8334
3101 4318 6332
403 349 4327
300 3816 3641
1048 216 4302
4055 613 1679
3305 4572 4711
147 1486 2422
4588 3535 6294
841 2213 3794
3860 3387 5078
3772 2875 4762
2376 818 2854
4016 3997 7939
366 2271 2378
1534 3819 184
3463 171 5874
363 1264 7941
253 3067 1120
1543 1147 4513
3039 862 4614
4591 1653 7098
3909 46 5987
1207 4094 3636
1208 2862 5871
3164 2473 8365
423 519 1462
0 33
0 137
0 216
1 4599 734 139 541
1 3962 4041 6512 289
0 641
0 396
0 470
0 228
1 18 1230 155 31
0 356
1 53 2402 1395 484
0 182
0 32
0 629
0 542
1 64 3972 2537 215
0 344
1 2417 2109 6174 453
0 242
0 219
1 4132 1378 4465 298
0 535
0 504
1 1782 3587 9684 391
1 2425 4182 168 285
1 2195 2468 632 120
0 152
0 621
0 550
0 342
0 124
1 3278 4336 6184 163
0 437
1 781 3530 8848 4
0 401
0 388
1 2204 3646 4084 151
1 4483 3186 9001 70
1 2607 235 4779 479
1 3763 1634 7039 286
1 3655 3054 2346 166
0 514
0 355
0 340
0 594
0 369
0 420
0 618
0 85
1 2691 1861 5492 458
0 92
0 518
1 3206 650 7453 205
0 538
0 123
0 184
0 40
0 418
0 231
0 84
0 57
0 277
0 145
0 71
1 918 279 2034 411
0 515
0 278
0 415
0 126
0 586
0 30
0 273
0 253
0 61
1 578 3682 6925 540
1 1002 4197 1076 88
0 112
0 188
0 632
1 4278 3844 739 55
0 209
0 497
0 593
1 3903 1754 3790 554
0 323
1 3835 731 1227 628
0 103
0 90
0 570
0 637
1 4344 986 1066 225
0 462
0 357
0 170
0 275
0 522
0 606
1 2232 421 6244 412
1 4316 4114 8894 35
0 64
0 523
0 526
0 519
0 252
0 428
0 359
0 39
1 2296 3184 4166 246
0 230
1 2247 1358 8509 265
0 21
1 3245 3530 6615 364
0 159
0 410
0 58
0 150
0 162
0 280
0 132
0 361
0 431
0 306
0 574
0 501
1 4472 1799 4671 38
0 321
0 193
0 555
0 292
0 45
0 221
0 444
1 3241 2826 7128 609
0 596
0 347
0 456
1 4338 2999 2796 307
1 2787 4444 1867 346
1 3864 2452 9809 63
0 639
0 213
0 612
0 320
0 348
0 374
0 466
1 897 1837 6457 573
1 1588 1556 2910 449
0 81
0 429
0 400
0 601
1 2140 1152 5102 490
0 527
1 2992 847 1086 73
0 338
0 49
1 3926 2235 3968 36
1 690 2931 9848 256
0 211
0 196
0 18
1 1180 4291 9897 175
0 41
0 409
0 308
0 54
1 1904 4320 8678 164
0 183
0 483
0 513
0 383
0 76
0 75
0 140
0 111
1 3638 2437 7104 589
0 139
0 333
0 7
0 52
1 4364 3222 8616 545
0 648
1 1420 795 7182 276
0 368
0 72
0 180
0 118
0 281
1 733 3801 7087 161
0 607
0 269
0 425
1 4105 4112 1580 645
1 3968 3000 6038 426
1 3390 4110 2673 585
0 311
0 569
1 3776 3857 1987 27
0 296
0 537
0 79
1 4345 266 9309 104
0 354
0 227
1 895 485 5219 460
0 580
0 517
1 1628 2598 7687 339
0 300
1 988 1839 7741 165
0 117
1 2959 3553 7584 485
0 452
0 581
0 530
0 334
0 9
0 2
1 4020 3122 1945 435
1 4217 1089 7912 201
0 94
0 459
1 1916 34 8266 467
0 498
0 128
0 1
1 3729 1298 7805 590
0 37
1 1446 2719 4339 115
0 187
0 474
0 463
0 172
0 432
1 718 2611 2939 495
0 291
0 279
0 512
0 597
1 1561 2140 314 179
0 171
0 125
0 625
0 579
0 516
1 1911 2298 2659 546
1 3854 811 4663 446
1 3262 1302 6099 622
0 367
0 6
0 493
0 438
0 254
0 373
0 93
1 2522 1211 9417 284
1 3563 3073 8685 407
0 552
0 588
0 272
0 457
1 1138 3991 3504 113
0 67
0 389
0 82
0 494
0 345
1 3140 3239 5927 208
0 509
0 564
0 282
0 223
0 604
0 312
0 77
0 259
0 101
0 95
0 50
0 176
0 25
0 116
0 309
1 3982 1665 6007 264
1 3960 2725 7321 181
1 4288 3101 7728 351
1 4465 4376 8004 332
0 65
0 222
0 454
0 234
0 565
1 2418 3635 8580 605
0 487
1 460 809 8651 328
0 153
0 20
0 16
1 1840 2110 4385 576
0 558
0 377
0 395
1 3398 2739 8823 136
1 345 4491 3439 417
0 24
0 251
1 3887 4468 2178 15
0 343
0 595
0 394
0 268
0 108
1 1075 357 8003 149
0 257
1 4081 127 872 127
0 154
0 99
0 83
0 613
0 147
0 119
0 10
0 14
0 260
0 562
0 240
0 297
0 114
0 638
0 381
0 384
0 62
1 3063 2033 6086 491
0 406
1 1003 4352 7938 17
0 236
0 626
0 350
1 2843 1428 8579 217
1 3121 2793 6163 528
1 3349 71 8147 29
0 138
0 619
0 47
0 199
1 726 3377 7852 560
1 981 354 1678 98
1 478 3636 2755 158
0 109
0 316
1 1151 3482 1015 313
0 122
0 461
0 43
0 324
0 630
0 327
0 330
0 59
1 3928 3682 4277 557
0 26
0 197
1 3263 61 4617 393
1 3937 2849 4951 352
0 107
0 157
0 397
0 402
0 442
1 3366 2802 2817 398
1 4214 4572 1037 386
1 2055 810 826 549
0 439
0 224
1 450 2598 8178 218
0 207
0 475
0 599
1 3327 1534 4423 283
0 379
1 2894 4130 3501 335
0 28
0 135
0 353
0 144
1 564 1290 1587 255
1 546 1549 5723 582
0 13
0 303
1 1522 3118 3347 69
0 244
0 500
0 471
1 1594 2309 9220 146
0 598
0 584
0 505
0 510
1 1308 2523 4622 481
1 3798 743 7503 627
1 1656 4567 600 96
0 97
1 4400 718 9290 238
1 4007 2923 1137 421
1 2809 2391 5724 214
0 430
0 525
0 614
0 358
0 189
1 1349 3615 5729 248
0 476
0 178
0 572
0 261
0 290
1 3771 2976 5095 203
1 620 4465 9132 506
0 507
1 687 940 8200 563
0 5
0 174
1 3419 316 3815 262
0 142
1 68 3679 8166 220
0 644
0 587
0 3
0 177
1 3948 364 9605 624
0 482
1 1154 185 9306 362
1 3071 2618 3223 610
1 89 3450 8673 267
0 447
0 287
1 568 3331 4086 74
0 445
0 634
1 586 1457 2917 450
0 399
1 1317 3719 5013 186
1 2007 1306 5226 78
0 271
1 2701 2241 5293 451
0 263
1 1428 1124 2313 544
1 4517 648 2851 414
0 533
0 266
1 2228 3980 7028 202
0 559
0 633
0 247
1 2274 3436 29 233
1 4339 1195 4832 464
0 317
0 615
0 566
0 441
1 3807 3131 5311 465
0 532
1 4156 288 8799 370
0 12
0 89
0 427
0 553
0 212
0 299
0 488
0 200
0 42
0 635
0 80
0 229
0 423
0 19
0 337
0 468
0 11
1 4515 1358 9398 499
0 524
0 141
0 623
1 16 3796 7089 408
0 556
0 232
1 1700 2489 9207 274
1 2075 3242 2400 642
1 1523 3608 5511 190
0 602
1 2834 3525 8823 169
0 156
0 647
0 440
0 295
1 1987 331 90 48
0 235
1 1818 4231 5219 387
0 319
0 360
1 590 2669 1634 492
0 424
0 472
0 44
0 567
0 548
1 241 3682 6245 129
1 4153 1455 8951 419
0 643
0 536
0 34
1 522 1972 6279 110
0 561
0 102
1 1992 1183 9947 155
1 1789 1611 6534 68
0 326
1 2410 421 3048 378
1 2635 1884 4232 53
0 571
0 270
1 844 4529 2898 210
1 682 2977 4733 51
0 331
0 649
0 413
0 365
0 160
1 1716 1895 3925 608
1 363 2994 1568 469
1 4341 276 4051 294
1 223 3224 3842 376
1 4017 575 3648 620
0 304
0 480
0 133
0 592
1 4266 2046 2617 134
1 3173 3646 197 46
0 258
0 443
0 100
0 130
0 192
1 3646 1173 3447 23
0 503
0 131
1 887 2737 8378 245
1 3056 4250 2463 195
1 419 482 1364 405
0 433
0 191
1 669 98 7929 616
1 989 3047 2025 341
0 148
1 597 770 1863 66
0 489
0 380
0 473
1 3831 728 2048 329
0 315
0 436
1 1814 3440 5269 568
1 1328 996 9531 336
1 1504 2101 813 578
0 640
0 349
0 534
1 1301 2224 646 496
1 1513 2090 3588 636
0 631
1 4440 741 7142 167
0 600
1 1344 844 4207 583
0 448
1 1089 465 3135 301
0 239
1 4046 2358 7339 591
1 4238 1163 6568 302
1 2781 2618 198 382
0 539
1 2452 2123 9915 416
1 440 4363 481 249
0 422
0 603
1 2829 940 2688 226
1 26 2836 1284 455
0 371
1 2732 103 9536 198
0 529
0 434
0 204
0 385
0 551
0 56
1 3902 3365 5201 477
0 486
0 293
0 86
0 403
1 2529 2309 9283 325
0 91
0 521
0 237
0 547
0 543
1 1515 334 5657 577
0 22
0 646
1 1628 3573 9271 173
0 366
1 1357 2200 9797 143
0 250
0 87
0 60
0 502
0 305
1 4113 639 272 194
0 168
1 2740 1779 3920 185
0 478
1 1987 4110 6810 575
0 363
0 372
1 3199 1351 3873 106
1 2420 4258 2571 314
0 617
1 3333 1262 3655 392
0 511
0 390
0 8
0 243
0 375
1 1148 280 7604 611
0 206
0 404
1 3030 3724 1921 105
0 310
1 1662 3611 6843 520
0 318
1 741 1199 148 241
0 288
0 531
0 121
0 322
1 1828 1557 8455 508
