4400 4400 547
314 156 9302
2004 665 9246
2568 4167 124
253 500 579
1147 3906 5956
307 2657 3492
227 528 2011
135 1017 9428
3412 3091 5972
703 765 516
386 1632 5664
1157 4100 5045
3926 1609 9662
3329 449 5895
3983 3549 591
3918 1846 369
4080 751 394
3477 3077 4791
3875 2259 1082
3862 1015 2431
3964 1187 1881
614 1646 6469
766 3274 4333
3018 1700 8776
1316 3455 3216
3460 138 2062
1585 906 6328
4148 2030 5114
1434 991 6712
1799 3658 5694
555 2357 4547
977 1956 4428
1091 4207 3850
2078 524 6879
94 1639 6999
2239 698 9442
665 1372 1946
2537 1540 9568
198 1368 1672
3677 3257 8362
716 3087 4304
651 338 7302
2319 4134 9736
3394 373 5955
3893 1718 6625
3398 1197 498
520 2376 1064
1845 1895 7041
97 848 3897
1823 2994 2601
1409 1067 6750
1831 4018 5169
1022 3844 3540
1116 4228 7955
4021 8 9359
1698 4318 3519
3103 27 218
2663 1355 5314
1134 3766 5050
732 278 1215
306 2754 4328
1445 2663 2238
1473 584 9603
3039 1009 5264
1551 1501 5789
378 2880 2979
2493 13 7856
3702 89 6845
1193 1271 2876
2913 3189 5502
3707 1538 7543
2098 1465 5099
1044 1085 824
1313 3416 7800
3724 2081 6805
4247 1184 7112
3436 1031 424
1412 42 6183
3299 1586 9190
2540 2018 7597
1807 1411 1641
2432 380 7639
3583 4066 7060
1785 3335 7689
883 2203 6868
98 4137 7896
2448 3134 4595
2706 3635 8090
2291 2460 6842
4289 704 30
1441 2630 1850
538 4148 3388
3979 818 6722
3585 2183 403
2207 1491 377
1612 3770 9026
3037 2458 219
4321 2018 9506
1815 1205 3013
1400 4160 9318
2994 3615 7393
3948 1006 6151
2636 2320 3195
1038 1469 9321
4031 2406 5821
1255 4103 7481
305 2396 7831
1602 3192 3521
412 3802 8500
1514 767 4066
2902 269 7289
2185 1273 7308
2437 91 9258
4072 4159 7786
1357 3326 5095
759 1937 6340
1192 1169 1874
308 1109 3089
2382 2653 6773
2676 1380 8537
3559 389 657
1891 3077 1111
921 4056 6061
839 3856 9601
3286 179 8152
3238 2805 1747
2618 757 9732
3154 3626 4145
2735 3091 4474
3981 3275 7629
2048 2372 7672
2438 4126 2695
4215 1455 7666
1677 4133 8285
410 1291 8525
3071 3103 2614
1637 1573 7407
1790 2472 7879
1504 2581 7830
13 2810 6996
1878 478 6910
2824 988 2905
12 2742 7884
3272 3869 9238
68 4216 9848
1253 3682 2514
807 3763 5497
3683 2500 2283
3714 1594 4053
1069 136 4481
3832 2901 9613
3124 264 7470
2008 1454 3430
2505 2297 1928
3841 3086 2471
3192 2212 5054
2625 4143 2186
1578 3548 3369
1790 3933 5907
3040 1391 9548
1015 578 7596
3252 1398 9437
959 3275 6286
3800 658 4796
1145 1525 3992
667 48 7362
753 3980 2092
2913 3708 6238
230 3642 4299
2086 3184 586
504 1513 9680
4208 1390 6523
1590 1688 8128
4376 666 2491
1609 2350 3224
1107 2433 3491
3438 3631 8085
3363 676 2899
2753 3735 1667
1801 3380 4127
4345 3185 7219
1032 2622 8352
4388 1014 2447
2469 3514 2920
1263 2499 3700
3460 3865 3732
722 2616 4088
2761 2412 3192
4226 4155 5195
3151 2060 4467
3981 3960 9721
559 3817 1609
1728 3112 6733
1948 4087 8289
2474 1617 4783
1537 2505 2847
2902 1227 9642
1597 446 6475
1419 3844 5532
1321 465 4143
3580 210 7048
1260 2629 2856
2671 4015 6600
77 4398 2044
3977 3732 5996
22 1001 332
672 1707 168
3474 2954 5841
2066 2400 6602
3043 3950 4984
1772 1738 3393
1453 3993 2763
1001 862 3069
3344 2940 6738
2457 1024 2888
628 1772 2538
3276 3149 775
1863 684 6800
3138 1101 6319
2047 2985 550
3705 1606 5158
2992 2729 2476
4255 2445 6863
3921 134 3549
3274 1450 9895
2868 2677 4983
28 726 4449
4038 1420 217
4367 1050 542
411 4098 2408
1902 2095 1740
3477 2154 5145
4120 3417 9078
3382 3031 6556
1158 2307 8058
4392 1493 3962
1208 381 2283
709 1186 8510
3030 1799 862
4248 2301 331
3348 137 6170
2699 1011 990
3685 2382 4293
1416 2160 2330
3015 1952 892
1738 2020 5716
512 2859 9700
3649 2200 7895
2115 695 3134
1825 3570 7406
3917 1208 3314
2368 3306 2093
3023 258 3406
2061 2797 2226
1115 4390 4065
624 4363 8795
498 1270 6391
401 1842 7569
4277 1348 9841
3872 4224 2221
2048 915 8775
2087 231 7355
75 2942 27
1062 724 7940
4322 686 92
1605 934 5937
3207 2694 2123
2460 1178 8932
2673 1753 7032
475 1105 1755
3527 2204 8865
1814 2561 3112
4186 3842 4176
3325 4038 6334
240 1285 3460
3991 3918 9728
3030 1749 2081
1633 1241 9190
860 1848 3910
1189 1684 2845
4032 3549 8448
584 3524 8651
2167 4093 9178
59 4300 8892
3468 1015 9359
914 2728 1060
3994 4158 2797
2879 2528 4672
3634 1091 4333
4046 3804 1430
1187 2409 6696
4209 3900 6326
3061 2243 8546
690 651 5989
2864 2206 932
4270 3481 3598
2967 768 7505
2822 2512 8522
3524 975 3782
3381 2229 2341
1020 4334 1103
723 1902 575
3515 1112 5946
2036 3385 1272
277 1893 7362
2511 4055 1266
4385 2320 6816
3898 3774 2252
1442 348 7025
1963 3981 8061
844 1937 8498
2850 4240 9694
1569 700 6855
500 2000 5906
1122 1766 1027
3800 3467 6420
967 1692 1806
3148 1716 7111
2610 2330 5531
1282 2913 1238
115 3600 7514
1711 1276 5406
710 988 5303
645 134 5773
4357 3998 5979
2195 1976 4193
4289 2304 3760
3091 2264 2413
1974 3870 8549
1277 3829 7965
4249 1247 8112
2160 464 4983
1967 433 8831
3930 2333 795
3870 3641 8231
1989 3983 387
4163 3667 3636
1831 489 1283
3971 3136 6431
2746 2287 558
2309 2955 9962
1448 3491 4303
86 1773 6198
247 4312 5740
1720 914 7077
610 4361 6101
2661 3717 61
3936 225 6607
3242 4104 537
2203 12 9929
3622 3953 6848
928 3058 8173
232 1621 9147
4111 1221 8705
391 3645 9828
3150 3503 945
31 2429 4365
888 3213 1463
605 967 937
2534 1137 6217
3132 721 4260
335 3521 5433
265 3858 4144
2474 215 1125
2533 1378 9679
3451 1522 7244
3244 1368 8445
1993 3968 544
896 1405 3067
2764 4370 9693
258 439 634
468 958 6130
2455 693 2386
3949 878 9864
1121 2 9246
4269 3136 7660
2901 2927 403
2648 2230 504
417 3717 8155
694 3737 7673
874 2433 4134
2894 4372 5272
2865 3357 3784
3227 3228 5528
3607 4024 1440
2164 1261 2192
4175 680 7418
4290 1918 6213
2530 577 7084
2468 1501 8866
3261 510 2405
2106 2357 7471
1651 2787 3529
3251 2118 8620
1003 410 9530
884 1753 188
1921 3374 6642
336 3919 7500
1618 1409 9297
2783 2041 1384
2690 551 6435
3663 3912 8863
223 2441 2655
2074 802 5399
1773 3045 7981
1220 3172 2490
3455 1488 2968
2334 3619 9399
354 3948 9
2546 2321 9882
4229 1656 8455
3625 24 6506
1529 1433 5862
2335 637 8997
2208 2195 7941
3958 2505 5826
1708 2593 1267
2188 992 8945
1019 38 9778
1257 2470 3392
924 752 1634
2002 1752 240
937 3564 8930
3138 3898 1072
631 12 1838
2664 214 7083
2038 2136 3449
889 4263 9864
512 3772 6052
1166 2908 6260
4027 3680 5761
3477 1280 9683
1080 1081 2730
1231 23 8992
4299 2262 3364
1513 947 868
1520 855 8031
682 2047 8323
2112 2801 4323
280 1627 8846
606 1288 7632
2934 1622 641
3519 1993 5626
2573 2687 4980
775 1043 8079
4091 2049 1062
1042 2064 4309
2682 1448 1143
2454 923 1153
123 1323 9886
2254 3129 4875
3950 1131 638
783 2609 2200
506 4048 9468
2122 1689 95
3963 4357 9095
2226 3618 685
2418 1453 8633
2153 1214 2206
1132 1247 931
1043 162 9307
1109 95 782
1052 75 7211
4103 2163 7864
2256 3573 6006
988 1091 7324
80 421 5827
3001 1166 6537
1036 42 1080
4152 3490 4602
1587 375 2037
1302 1392 4089
3025 88 3892
3284 1917 5089
1437 2952 9956
893 529 9882
4122 2248 9315
1241 65 4687
2773 1181 9958
1195 2765 5279
4028 3022 9539
3354 770 1296
3523 3422 5549
2947 945 585
1782 1379 5997
762 392 9268
1432 1439 3208
2810 419 3175
4359 4023 6698
1334 2402 947
3483 3387 19
2762 1733 6560
3934 428 5649
1382 3573 596
3459 1647 1439
3696 1259 2091
1314 210 2555
4206 1595 5762
1749 3427 3293
45 4217 8455
2436 2084 2446
4347 2843 8186
491 3250 5435
2117 1852 2862
1262 3185 362
4192 4043 9286
179 740 5210
2896 3444 6128
596 4205 5816
3315 1967 9525
3054 2685 7727
2421 3650 4237
17 4167 6953
942 417 8069
4073 4193 9210
126 1495 4967
2610 805 6193
4166 3047 9517
3336 3435 4703
3616 3564 9153
3070 3980 8512
2206 1064 276
2785 3337 5585
2172 3204 9379
2595 2282 4625
3615 2791 8124
168 952 697
1783 3800 9906
3003 1425 5373
4375 1487 7543
441 2357 3521
749 1350 3847
1483 941 6555
89 130 8780
2407 3288 1585
3678 3319 6587
754 2724 3159
1249 2834 4326
362 1684 7398
4071 4216 8375
3264 2528 1066
2428 1918 826
2341 699 8516
3782 1484 2257
3868 367 9237
4083 1919 7585
2426 3931 3461
1893 109 4870
1436 4034 2910
2114 3581 7491
3381 965 1009
2183 3601 2815
2244 933 1249
1609 4257 5013
1516 2130 2305
657 4381 1493
1883 4181 8458
1392 21 7691
1252 2354 3593
3162 4361 199
1332 3051 5169
1479 3273 1773
1649 1981 3992
761 1017 3891
3694 3012 9010
2109 4312 7054
2629 1262 4550
3085 4326 3912
2307 1677 3720
502 928 4888
2990 3509 2459
3392 2692 4057
3928 57 7932
1867 1284 2291
687 2137 9262
3136 2252 3201
1661 1196 5008
1949 24 6512
212 3771 4377
2397 1627 6668
3557 1774 1424
4080 661 2460
2900 3929 5734
1030 3893 7140
727 1452 5405
4221 460 8201
1570 3130 545
2010 3065 8369
3209 3473 9604
2232 1805 857
795 1426 1652
3921 143 8809
2585 4091 8639
702 2371 3023
3091 4266 8126
2243 2630 8227
2905 2470 5113
4196 4255 7665
315 1691 3517
1789 4130 8141
2734 416 9379
3401 3967 2332
1126 1560 7335
4263 4151 4532
3812 465 3700
3893 2727 2913
1092 644 7100
751 3910 5207
4239 99 1001
2375 3432 2565
1443 3208 9231
1342 368 9672
2889 2860 8142
2487 2286 2404
169 3379 9778
1096 186 2693
3195 2864 4032
966 1555 6884
4081 2342 4661
320 2497 5276
1433 4098 2470
3180 1883 6793
2706 1009 4916
4056 3330 1530
2299 370 6841
3093 1332 8432
2735 1089 6149
3362 2470 5844
20 3487 7211
1597 3681 3350
3645 2569 3397
647 461 5507
3202 1741 845
1802 694 9112
1334 2348 9268
1726 4276 7392
3364 3992 2589
4191 403 8358
552 3048 1894
3658 3704 5991
456 1518 7274
57 1801 6322
3526 848 5016
311 1220 5515
1202 4352 1453
709 9 8878
1642 3144 876
812 2617 7738
1448 3327 5038
1996 3691 9081
96 1740 4036
3498 2699 4783
2760 2636 2265
3889 3068 3982
3112 4042 2351
2065 3622 6568
934 1078 7283
2284 1389 2251
1582 3030 3321
1056 3446 415
2265 4192 6755
2963 1303 6800
3991 24 5655
472 2332 513
1730 1364 4039
3128 2537 7116
1200 4177 2229
2345 506 8270
2577 1638 4225
464 1278 3116
153 2408 7437
2171 603 4040
1446 716 7922
1603 603 7038
1800 970 9727
2035 939 4171
794 1 4436
2233 2699 9770
897 612 4152
847 2167 8010
1034 3046 7587
3824 323 1523
2569 614 6778
3011 2013 2321
1212 4100 1236
1265 4370 7624
1541 2941 6695
2692 4336 9935
2167 3181 9149
2090 1870 78
953 1920 9961
1033 2880 2914
1859 3788 8701
371 3928 5244
3834 220 4525
1185 1810 3796
775 620 4098
1440 2552 8104
1484 1804 4265
2103 4016 9802
3598 4226 4582
1668 4256 2448
3771 507 5860
4062 4366 1712
1802 2652 6388
2117 1858 708
1201 3857 193
589 1940 4790
3576 274 4224
3816 4313 8974
218 3966 9527
912 758 1933
3265 2358 9403
3407 3387 2221
644 2231 3931
1923 3713 8853
3690 348 1435
1857 3552 9076
1146 2277 47
4221 1437 2495
3980 3745 9070
203 2152 4592
4301 4006 9625
361 567 8625
2468 2133 4768
1885 1947 4619
1185 4107 7546
2857 2862 7089
4151 3053 6125
841 592 7613
2564 3255 4238
3110 693 2728
1778 2235 2606
2653 147 6046
414 4044 9481
3715 938 2939
3562 3125 700
824 1051 8519
3223 75 6362
2434 394 2799
4276 1268 249
286 1902 712
2381 3173 4034
3875 1998 519
3835 1737 8031
720 2935 4419
3035 4133 864
3990 2694 934
532 2049 6541
4015 1918 767
65 1470 1663
2638 2176 6214
1349 288 4220
1090 3866 1374
1478 762 8847
2033 2462 8558
2628 2360 6054
628 2489 5183
2833 1232 9570
1669 3753 2742
565 2509 4330
1785 3492 1262
2258 1756 3502
3351 4318 7286
3923 1489 5181
2901 3449 8551
2439 2121 8051
3725 3062 542
1212 2151 3959
109 654 4968
1082 3983 8565
1123 177 3724
2444 3915 5726
746 1705 4610
4044 2479 7638
2632 674 5036
296 173 1567
3750 2700 5609
2519 3336 5968
2833 3354 3693
3381 3287 3335
4387 2207 1101
1633 3997 6088
1479 3959 5742
4155 2229 1029
670 3514 5046
1997 2133 2543
3388 3640 331
3653 577 3367
2139 4038 2063
409 872 1138
2465 773 379
1397 3602 7108
661 385 8589
454 2952 5804
915 611 421
3859 1970 9905
585 1168 7697
3559 473 7738
3652 4198 8326
382 3107 1039
3880 952 8523
294 1877 9322
2203 1065 3404
4046 3079 2615
703 91 1346
2058 2104 2867
2924 594 579
2020 2008 846
553 1440 8685
3825 3816 4146
3838 689 8749
3966 40 4188
3885 3557 2191
2538 1110 2982
373 1381 9840
1326 2386 7393
576 99 1208
385 3891 4009
925 2986 4759
390 3872 6410
2927 1284 8256
777 2385 537
993 2935 4459
2596 4399 6141
1175 4379 3402
90 896 836
4275 4271 1822
1353 4126 8097
212 3325 9076
784 4065 5643
1903 1007 4053
1910 3014 87
831 865 8752
994 1620 7019
444 3492 9568
2149 3379 5100
1814 2407 2687
2340 2847 1591
1780 3716 4813
2161 2058 3500
369 3034 8774
7 4328 87
2065 1105 6144
3095 766 482
1642 474 7694
2534 1027 1651
2782 751 8253
847 205 9714
3652 902 7120
937 3547 2973
2575 3201 3161
278 2000 6613
1991 4073 7458
866 1684 65
646 2671 4825
2725 4385 1875
593 47 7722
3276 4330 4209
182 1338 182
2261 3459 4721
4142 4085 7546
827 2326 4312
3026 80 8697
4100 528 2461
3975 414 8154
3967 2184 9871
2201 901 9700
2283 2327 5628
2618 699 6086
3784 1797 6158
178 2529 5590
3124 1291 4459
784 3670 7037
2229 1556 3257
2684 2206 5310
2102 1180 7055
4376 2200 6199
3624 1677 6800
2136 2163 9380
1437 1478 1869
4212 2477 859
3455 3768 4160
2759 771 5688
4269 541 3869
3066 1700 1290
3144 1244 3925
127 3026 4624
963 551 6779
2987 1140 6752
2670 2808 1881
3188 1797 404
3729 1991 602
1012 2596 3907
2736 3253 9609
2857 3976 914
3167 3762 9872
2154 3662 5057
4212 333 321
564 4072 3665
4283 4325 6664
3838 779 3151
1407 937 6935
3389 732 6890
227 4312 9107
42 3520 1663
3554 2757 476
2879 3264 1612
3779 4080 890
1304 1774 5028
3528 2034 1964
543 356 9653
2905 1929 2874
3730 3687 1638
695 3543 2261
3277 374 3762
441 899 5139
2695 3850 1039
3942 2856 6540
1473 201 3896
3881 4186 7569
2218 345 3077
2095 1621 9761
4254 4200 5517
3820 899 7984
2177 3762 9660
1233 2155 337
3679 3636 3727
628 302 7150
4236 3197 111
3688 4276 9548
1270 2255 9189
412 4071 2062
401 1937 2035
949 1379 9014
3981 664 8835
4380 3759 354
4395 3545 4456
3084 64 2940
168 11 9361
2848 2330 6572
1914 1266 1034
2648 4166 6515
2377 926 4318
1573 2523 2144
2717 203 2008
2446 3558 3929
4191 496 4637
1346 3736 8428
1519 4077 5306
176 3518 6730
2482 75 9933
1250 3361 4679
3635 2561 9737
256 3303 2004
59 3282 2646
501 193 336
4144 1274 3010
251 3871 639
1781 3164 4173
3057 1991 8388
2429 3057 5893
1568 3825 8720
4102 2293 1638
2900 1602 1751
1138 308 5541
178 407 1307
1522 1093 3537
1647 953 8244
3193 2012 536
811 81 8294
1515 4182 8024
710 1166 4061
2814 441 2934
2273 2807 3498
64 2280 408
2756 1595 5788
2223 2218 610
2685 917 1201
350 3511 7125
4216 2966 4275
3616 2798 7919
663 40 4691
1462 98 3953
1731 1553 9773
3339 2248 9577
1774 4003 3186
402 3171 6904
292 1536 3383
1648 2703 2063
2148 357 2187
2900 4295 8645
480 2863 6060
2444 68 8641
2123 1647 2708
1765 3150 6904
388 1389 3110
2523 3654 3276
259 2230 2902
198 361 2340
1759 2949 4386
2647 794 544
804 957 175
2006 4040 3523
1938 3286 1659
4141 4388 764
2854 2202 829
4349 1123 8884
2424 1141 2563
888 3156 9561
3521 3831 2590
1703 4136 641
4108 691 5741
3218 3278 8505
4333 641 5535
3523 1309 6529
4191 3373 9908
3882 1826 8023
2525 3022 1956
3473 134 4971
1193 2882 1985
3119 1112 5308
4297 1314 9979
1304 2029 3500
1483 677 9020
3363 4235 1959
2564 444 3756
1918 1754 4286
3442 3255 5634
1817 1388 2714
1707 1113 8581
3751 2971 5801
2391 3720 7091
670 358 7007
3293 1985 3979
4181 3539 1057
3207 2516 9763
1019 1455 8905
1067 1097 3993
2981 1589 1115
949 187 4683
149 288 8532
2229 1397 9470
651 1873 8780
3598 99 2005
2437 4106 470
3280 1447 2394
2203 2907 338
1080 265 720
3184 3542 2371
2862 1770 6063
809 4175 5575
2008 3148 2943
1680 607 7283
1262 2463 5583
2106 2378 9581
3200 532 9527
3805 3616 7071
969 3620 2180
4389 2481 5999
615 1857 4313
2842 1569 6301
4378 508 2375
3493 108 5357
2714 2068 8991
2473 1426 730
2677 1089 5150
1767 844 1138
4327 834 9133
3366 423 5904
2669 3744 1024
572 3720 440
4313 3157 2209
2189 231 2729
2508 3077 1395
1912 1551 8295
3870 3045 6559
549 1605 1833
3859 1556 9151
2865 3682 4079
841 3960 9663
1821 3209 9713
2077 3453 3807
1238 3504 7222
2452 4033 9011
1812 3932 7797
1134 3679 592
768 3662 2764
609 2335 7571
501 3674 1865
243 2380 8728
2162 2599 6842
3381 3449 9734
418 1433 5413
915 4193 8645
807 710 2819
2486 1569 5004
2235 370 6939
1296 1449 3031
3039 6 1397
3868 3457 3751
4237 4156 4187
108 2692 5035
2484 2092 1278
1360 2252 7027
2371 1003 5999
541 2373 2872
3827 3014 7444
4178 1225 8930
4014 662 1894
3640 653 1618
2756 1694 8285
2647 1873 3859
669 2154 8009
2944 3020 8724
3950 3620 2824
2453 2322 1818
742 3609 3599
2968 142 9939
2094 1570 571
3801 1005 2648
642 4364 7794
1595 2803 1228
3725 1755 3192
3646 2605 4494
917 1342 7506
3124 3830 946
1755 1690 6390
1062 4042 8496
1205 2444 6266
3191 42 3036
4172 470 8177
1949 2485 6189
2879 190 78
3421 1546 3007
1877 129 8036
2937 4079 2089
529 1516 4807
288 3316 4809
3352 3983 8971
115 1651 2233
697 4100 830
37 1882 714
518 3472 5639
2032 37 1282
3515 3789 9111
1266 3493 7181
3412 365 4142
2122 180 7678
3620 570 2350
4396 243 2489
909 3438 7319
3112 498 8718
3387 323 6343
2003 246 7410
2851 452 7341
3238 2462 4015
402 1761 3793
907 1970 4640
1705 3587 7560
1733 3249 9608
4370 892 953
3341 1283 2118
4144 2445 6408
1214 558 8700
654 1364 8028
761 2774 9531
2044 1867 6544
3691 1807 6820
2061 2398 6146
150 4101 265
201 1514 100
3798 2027 7003
846 1100 5515
1315 3760 7872
579 3462 1639
4310 2020 286
3422 1246 3099
515 1820 8733
2566 2997 8412
2476 601 372
3838 3198 8449
4380 1038 3319
762 3772 2486
4346 2566 7532
1330 3807 1688
232 1871 6770
850 3920 4011
1841 3746 548
4332 2557 8891
4326 2218 7669
739 1678 8336
2990 1176 2798
310 2372 3295
943 211 1287
1860 2941 4292
4057 1749 8511
898 1323 6939
3061 117 9169
606 3437 4656
4170 340 9251
3579 3065 7550
2673 1793 7177
1282 4352 6178
1542 783 5550
3160 2493 4407
3315 1544 9831
838 1743 977
880 1845 4423
463 604 3496
1340 4149 261
575 3855 6601
1529 2836 8419
2574 3716 2065
3941 1843 9975
4034 2761 5804
2613 2435 7587
2933 137 6320
3860 2277 4833
1046 103 2131
3499 2139 9094
2170 1927 926
4262 3332 8009
1497 1859 7380
4320 3000 5078
3857 701 4473
602 557 5399
57 731 4157
1314 4239 8107
781 1352 9210
2225 2779 2019
1791 1027 502
4388 2678 4847
4321 3284 5378
3393 1007 4031
1459 3391 5107
1351 3185 9764
2136 1184 6101
3380 4076 9470
2272 1822 781
318 2938 2191
3877 1556 9895
2497 536 3817
767 4225 9072
757 1591 7549
3492 1892 5394
4259 2174 5208
3297 4263 571
2366 601 2242
2330 665 3160
2352 4063 5483
4095 677 8949
2147 3962 7389
1681 3080 4630
2321 1521 2400
1068 3292 8257
399 3886 1911
1789 1405 951
2094 1048 4371
432 2187 3469
3194 904 6924
3030 3497 9951
158 545 7630
4394 4221 4672
1245 2776 8605
1264 1866 3716
1358 4046 7293
3714 740 1438
2314 3990 5796
1134 2610 9734
1727 704 3035
2022 1183 2267
4391 841 133
1026 2410 1803
440 3947 343
136 3107 1227
3634 4128 9190
3009 4215 2356
2910 2774 6586
1025 1663 4717
2425 2663 4281
3917 3973 3899
369 1474 1876
473 182 9634
137 2545 8553
1272 1330 6906
2831 1379 5907
3633 2699 9929
4386 1233 4532
4165 2980 7259
1745 716 4672
2029 91 1344
811 2558 721
2695 1381 2183
198 2092 9518
3242 994 663
4025 2016 1937
1844 1027 5975
2836 1823 4975
3360 113 2057
413 520 4058
2474 514 7092
4106 4090 4729
2702 265 6667
3718 1298 844
3903 3286 9198
4190 802 1984
1539 145 2076
1969 2350 7793
3184 3306 1511
2475 3235 9788
473 2146 6432
1449 3115 6545
3921 385 4633
946 357 4425
3612 2616 1785
1763 3968 7288
3713 2999 4055
3465 3339 6703
3753 888 5049
2248 767 8177
2610 4023 1726
3013 2710 6037
992 2892 2957
1864 234 2514
3022 1027 631
1946 3029 5210
3000 3752 8440
981 2826 79
146 298 8650
2614 3777 4781
2552 2143 898
4069 535 2150
287 760 7368
3969 3932 4693
3681 4015 5305
3657 4373 7471
339 1231 4003
276 1318 3191
3210 3481 9231
1004 2550 1953
3637 1619 7747
1763 3439 2400
3889 236 6159
2516 1568 2794
1768 834 399
3750 3738 3650
3158 4003 3143
1475 1210 1665
2255 4107 8736
3573 2925 3738
3311 1540 4491
771 475 2785
3846 2946 7835
3978 1661 2753
3327 2391 9130
3627 2148 3727
2845 4300 4367
3567 1935 1558
2275 1005 3748
890 730 2771
1673 1991 6753
397 2511 6543
2662 1978 5115
64 667 495
1542 287 8149
988 1832 3874
542 916 1204
2214 1445 665
399 3972 8145
3120 2458 7202
1855 3834 9068
86 1445 4718
4031 655 3339
1810 4128 3617
1804 717 2993
1293 4097 9442
375 4234 6008
3123 933 9041
650 1503 9542
3626 2030 7435
2736 2306 981
2584 2133 6700
3118 503 8025
999 185 2009
734 1273 7928
2115 2882 1992
2562 1553 6338
4001 3044 6528
3941 4380 9405
927 111 7586
2612 3460 7918
4054 2746 8290
1711 3081 7800
3820 4130 4185
4216 3125 2093
1174 2699 2672
3362 2637 3322
516 2987 8025
3857 1714 442
1424 3060 9373
2440 4248 954
3130 1838 1795
2942 2654 2418
1432 618 5204
242 992 2702
4102 3731 1723
2596 242 3988
790 1383 2394
1803 2100 1017
4198 3903 8494
4393 3654 2996
1485 3372 342
157 3097 1341
3814 3567 5806
1946 4245 9893
4172 4087 1600
4053 2511 5064
898 1182 8981
441 2474 1073
1628 975 3173
2967 3188 6689
3108 3900 7684
452 2925 8216
3209 3665 5797
2376 2570 6727
3735 334 9963
210 2907 7015
4126 4113 4997
3768 1709 85
3400 2443 882
3199 3160 5433
3178 3243 9670
2579 4317 2398
3157 2214 2037
2130 1607 7925
2608 3151 7599
3229 1920 5926
1609 4246 7441
2428 95 1052
2812 1903 7922
106 3558 4184
1147 3302 1636
2133 2797 4304
3610 4193 7521
3522 332 3188
2772 1902 768
2053 701 5314
3150 1423 3022
3718 727 702
1580 2995 6620
1844 620 2337
826 1043 1118
2622 3024 4543
236 1024 9567
1066 3898 1217
1900 71 8949
2730 1950 7090
2084 3673 9160
1978 3155 2748
767 2695 8568
4151 2319 8294
397 707 8707
2643 826 5931
2018 3429 6702
4389 2472 8709
3577 2006 5784
123 2791 4628
1591 2690 8665
3489 398 6173
932 1035 4675
230 2764 5055
3381 1993 3713
2670 1965 4955
2549 468 1606
718 855 6756
2853 3505 1709
2379 903 4487
2312 2708 5713
3707 1768 4860
3042 2862 132
620 3693 3136
3886 1417 508
3842 2481 4372
1106 494 3612
2686 1429 675
1285 4183 3349
3993 1695 6425
228 3442 2109
1045 1251 5812
4284 1599 8940
2097 1561 407
1315 4237 4740
3649 1965 8810
423 660 9041
2065 1189 4619
592 2942 8045
3798 1138 3242
429 1417 8281
298 1825 4777
129 2982 8426
1167 2818 3396
3119 4121 1241
1089 875 4621
4134 2702 5861
3308 2655 3735
230 3612 6311
714 2785 5895
3377 2525 2305
2044 1984 9607
1561 2905 8450
2572 2684 9465
847 1630 8388
456 934 6283
1901 1515 3856
2584 894 9264
2303 4135 3089
1187 1342 5300
756 3303 8954
3034 2190 1314
3580 2591 7707
1611 1337 70
3791 3816 4395
4045 153 2505
1227 2662 9584
2291 2992 998
366 1056 237
1203 1372 1510
3546 3821 3465
1937 343 8177
3080 1286 9427
353 4059 9900
4229 47 2841
2754 681 8991
3807 1124 3263
1425 1126 9775
1457 1115 7694
2490 3343 3344
3711 4298 1617
3142 1933 2683
2944 3409 5985
3444 2917 8568
2720 2950 5677
2029 1759 7576
1420 4081 894
4149 4107 716
4023 3464 8948
3138 467 8407
2395 2394 6588
3044 3864 7427
3360 1009 2347
3660 1661 6279
641 2159 4005
4314 4392 3218
3132 2782 456
3514 1908 2236
964 448 3082
3706 4333 4553
496 3092 669
3688 3980 651
3824 1935 7996
2962 3149 3058
414 4267 8274
3719 2450 4919
1873 2256 8501
499 4335 1139
595 1666 8407
1492 154 828
393 3399 3070
1234 1286 3230
148 844 1242
3748 967 1200
2076 3437 7219
2919 4088 2241
4141 2733 1326
610 3973 4268
2470 3378 960
151 4072 9044
324 4269 4026
3213 1990 4172
385 2281 8979
67 529 6867
2328 88 1075
701 3183 1154
3157 1368 4934
4066 3347 3081
2061 3110 1007
1380 4153 9653
861 1432 2425
3545 1286 5718
4267 4291 32
2768 701 6631
4172 3433 4875
3255 1597 5778
2662 1617 6764
132 4332 7640
2058 3861 7168
305 2878 2831
1750 4117 2325
1691 936 9119
2659 2093 2971
63 445 433
1553 2079 3111
831 53 5834
2645 2249 4664
4070 3954 7650
550 4275 1867
3310 144 5570
776 2328 5554
2981 2931 5167
3303 2446 4031
71 125 20
3103 3975 4902
3692 1723 7208
344 1142 890
3470 1850 5293
3255 3898 7771
579 4241 1644
2080 722 4668
485 2629 5532
1854 4140 4061
2023 3109 3039
2602 1102 8245
1199 1366 2113
1944 259 7843
234 709 3008
1316 3456 9877
2013 2410 2111
4243 2271 8598
4030 1032 9687
4047 689 9384
3538 2522 9241
3141 38 2469
1044 1883 412
4329 3133 1470
1653 2281 3855
3710 3240 8038
1743 2663 1134
4103 1741 2124
863 634 6277
3444 4230 4909
3209 337 2141
2511 4292 2286
1903 3681 699
722 68 9688
2047 401 6203
314 1886 3108
2469 905 335
3529 524 7154
1071 3073 1048
3219 1557 8615
3802 3610 8504
1111 3247 876
1560 899 9932
3254 3089 6235
1358 2147 9787
774 3322 8875
2230 1457 203
2959 703 4398
3251 1301 7752
3339 1483 9068
1425 3675 9138
2436 3464 7241
2094 1817 2778
68 842 3782
4092 3218 6335
1147 2268 1960
4308 1308 8142
2444 1965 9965
3391 4173 2564
26 2652 6973
2814 3070 7151
4328 815 9700
2733 3773 4082
1484 528 5291
2226 164 7529
2409 1996 5914
3114 3698 6643
1954 465 6288
1582 1537 8871
1992 919 8222
718 1208 562
3596 2060 6835
276 3639 9573
2322 1072 3957
1735 19 9674
3739 2843 2621
3019 3521 8999
2372 405 6923
3807 2497 5964
3096 3554 5193
1528 4075 1351
442 1559 1897
1159 2933 7773
945 3657 2802
4358 1674 1617
2304 1510 2616
1155 2393 2328
2881 652 7570
3904 2082 706
2262 2874 2206
4145 1665 2732
2338 2616 1284
1816 1764 8816
292 444 4057
2917 606 406
4191 3001 4722
61 646 636
4154 1533 4345
1907 2111 7266
2904 2948 2720
817 3595 1900
3547 4271 8616
2868 1151 3001
1518 1727 6872
3152 4011 6570
62 1434 2527
4202 1731 9828
367 1981 9034
1496 478 449
2101 1136 5099
4040 4014 2039
2316 207 2441
1840 361 3179
992 1661 157
1824 4204 651
472 773 1137
433 2124 3276
4210 1652 8026
554 2122 2792
32 1758 3706
1185 168 2728
1761 4246 1192
275 2912 2355
2351 1299 4576
3378 961 7799
1899 892 6038
2490 2234 7127
216 2886 3872
4033 3818 9183
4358 3069 4195
773 2137 4669
2209 2354 4229
215 1831 7359
3490 1629 3341
52 1610 8504
1122 4398 7879
2915 4096 5199
2638 2577 6737
2729 4206 665
463 1701 9772
3522 3194 1383
3251 3077 9423
2153 2840 100
842 1096 2738
2592 86 7612
4243 4367 4594
3252 670 4341
2727 1062 8477
1034 981 1112
705 3536 9108
1968 2187 5418
980 2823 179
2535 1467 7151
1482 4070 3897
3696 4037 9413
347 241 6503
3957 302 2384
2174 1267 4955
1731 2282 3566
196 408 8013
57 148 8862
2066 3357 5484
26 672 8395
4172 3923 227
1470 3737 8442
426 2104 3511
535 570 4544
1532 2768 9717
1795 3118 9726
837 3958 7555
537 64 5001
2104 4198 4819
3328 1379 9748
3060 31 2673
4283 2102 1873
474 1352 7721
947 2981 6077
2996 3748 9448
516 3004 1014
790 2585 8743
2147 50 4600
4072 405 9775
4173 519 8363
3789 3471 1928
2126 751 6287
4046 4330 7805
1442 1161 9047
3670 392 7761
1296 3286 4677
297 2144 3343
819 1291 711
2378 502 6637
807 2629 178
3978 1377 7216
2950 1094 1892
2911 1844 3651
3739 4330 3111
1927 1766 1509
3891 1460 6047
936 73 2665
3857 1456 9163
3698 4327 4886
4100 1229 3455
1437 830 9182
409 1312 3827
1486 2864 9683
1523 810 3702
177 3756 3614
979 2187 1012
219 4185 6605
2221 1484 7545
2965 1335 7766
2616 3908 2185
4189 3447 2690
2989 1754 3470
782 834 8538
2336 500 3224
2335 245 6067
4031 1726 6748
503 3477 7868
4232 3117 2657
3282 1306 457
4294 4147 8553
662 659 6520
724 3525 7772
196 2279 6567
3406 2235 9555
520 2456 7569
378 3685 3679
1146 748 8781
41 2218 9746
2926 998 5364
2342 3903 2575
2215 2837 5766
2534 3022 3708
1911 938 2598
2594 4086 924
3125 3314 5431
1546 2435 7123
3040 4292 6628
531 3280 2681
833 2120 5774
749 1943 3957
1105 3110 5382
1138 2497 5754
1907 949 1348
2202 381 7816
1034 3182 5984
3016 156 8646
2557 421 8795
3896 1016 6338
1753 3694 5788
47 1062 6108
3065 659 9849
3056 696 6640
4159 1522 8661
4350 152 8504
3091 1942 3513
2508 1787 7615
442 1213 4633
1557 699 7695
2515 2360 158
2325 3866 5701
1053 2993 7886
2402 3685 3067
4166 1862 5091
3725 2043 1851
3061 3779 7257
2996 348 6855
4399 707 1974
4271 2783 4723
1145 2367 3091
544 354 7150
2754 3030 9527
2870 3640 4603
488 3346 4331
516 3145 1345
2426 1416 9249
4368 404 4931
2317 410 4234
3381 1616 1581
1372 2157 9737
2297 4223 9831
3427 3089 1285
1103 751 6859
3223 1992 7663
1220 1230 4032
3300 2435 9830
327 2511 4535
3722 3688 4992
4109 2217 7983
2361 3159 4391
4264 966 4579
515 1386 9509
1528 588 4728
885 4084 6904
3932 1373 9908
1232 134 7979
2616 3981 2265
1061 467 8832
4247 3773 3713
253 4320 8337
1663 768 4026
1451 1540 3170
410 3308 4743
3173 1787 8767
3858 2016 9711
908 3876 5516
3210 4014 3502
3420 1797 6203
342 438 3304
4008 3077 518
3435 1646 7965
3147 3797 7220
1094 2919 9780
701 3707 7393
2474 2869 1313
596 618 6217
1020 3625 424
3884 345 9481
2162 3755 7269
4006 1262 7723
3774 2943 4165
3027 873 5678
3489 2464 2898
1693 3868 6136
40 4314 2760
2273 2194 1736
1301 2468 278
2718 3007 6591
197 1374 8417
4182 431 6331
1150 1438 7389
1786 764 6261
4012 2352 3411
528 4002 1709
4398 619 7880
435 200 6626
206 237 8694
2461 1531 8548
4218 1467 1972
2569 324 7405
1892 2526 2613
2134 2986 5020
915 925 4830
29 301 5413
3404 2956 4592
3672 1477 2373
3823 1759 1948
3510 3292 6440
458 4253 61
3999 252 4932
2968 3850 1209
1732 1595 7615
4126 3520 890
1319 3131 222
1019 1550 1316
2208 3662 9414
1725 1235 5161
429 502 7850
3436 3820 6304
3124 1299 4482
1038 1888 2710
2540 4029 8203
3314 2034 2610
111 970 6063
2205 2851 3113
4326 579 9446
1407 1245 2319
1694 1981 440
862 1771 4410
2658 808 1552
1629 3787 3495
764 3485 6420
3939 2089 1083
4265 758 1535
2987 621 407
4230 649 6646
1944 1744 8977
1343 3241 8967
2534 2955 876
455 3078 2046
3871 4007 3868
2079 1638 6513
4097 3980 5229
492 1592 9509
3327 1093 3876
1166 2905 9655
2677 2743 939
4229 3129 751
3837 3686 2113
977 2329 3491
582 716 5856
1200 4233 2685
1558 397 3850
1914 1981 411
1912 166 1619
1528 1588 8959
454 4104 6050
4194 44 4447
2953 3110 1319
2160 3151 9676
2344 959 3497
1153 953 6650
3103 662 2031
498 2072 203
272 202 9032
4123 1673 6335
804 852 7564
69 596 9653
4204 24 5480
3010 3822 9993
21 1036 8839
3565 1074 4377
2647 1076 877
3059 3429 2498
696 3603 2168
4185 3865 4519
674 243 2155
4394 448 5619
729 2869 1503
2681 3446 6020
717 403 8405
3270 3107 9017
2904 1051 6650
2386 1676 4099
41 1282 5184
2185 492 723
3623 2195 9351
2883 1608 1641
3893 3508 8056
1699 3480 9949
847 225 6024
3921 1233 5067
1143 3828 341
1858 1856 5348
2503 570 8665
2519 3448 3279
750 805 4031
3992 3062 9738
1670 1753 6501
691 769 3151
2741 1053 1386
3643 3704 4115
1977 3998 1986
1854 4147 8041
682 2223 5252
1793 2754 1407
4316 3973 3743
4337 3703 5183
1023 1656 6852
1392 2572 5686
3451 3388 2561
3346 3245 3489
3339 3538 3534
2656 2402 2387
2726 211 3582
3309 2007 1905
4001 3671 1047
374 3623 3255
453 1724 7462
181 1907 5051
1940 3527 6964
2592 2232 4137
4078 1834 64
798 1795 2119
172 3118 5260
358 84 5594
1063 472 175
792 3901 9406
1390 1649 8265
4053 3937 7506
2961 1993 3238
696 1796 1374
2989 3984 1020
4222 1038 4577
4328 3962 9853
3614 1697 5297
2905 422 8245
4325 196 4791
3048 381 693
1867 3634 7439
1207 4296 3911
978 1716 916
1154 3889 5244
2177 1152 5428
170 721 9950
3034 2158 3258
3163 3736 1553
3309 146 9712
1816 1794 5299
1919 2929 1490
1999 4018 6553
1699 1765 704
418 1461 1736
1492 2200 1082
4152 3093 2298
2446 556 3871
3610 225 7250
2963 2333 6353
3700 156 9638
3163 824 9439
3309 2618 1962
3176 370 3025
1817 2351 4920
184 993 3606
2660 3297 428
959 666 8026
2483 2508 6441
3442 2730 1725
1883 1386 4605
4051 1834 8547
3553 1507 3831
3558 405 1961
262 3708 3780
1875 4264 3930
1625 1861 2036
1311 3814 6907
193 3620 1555
578 3682 6438
802 2816 5513
2472 573 2865
3537 3842 4346
449 904 7085
1102 2819 1350
303 507 7218
1415 1604 5680
812 2252 9364
721 3734 3068
48 3584 9250
3655 2742 4612
104 3039 9092
4228 589 1854
1216 3952 8316
2611 330 7793
1448 262 8706
3965 677 5889
3064 3075 1824
738 2280 5124
2601 3552 4847
2558 1068 3140
3633 3217 9652
3655 212 1156
2355 2173 4097
837 3328 8966
639 1718 1233
4213 34 4036
1958 1123 4918
545 2937 3679
2838 911 781
261 3670 1685
3703 828 7215
59 1260 4811
1363 1900 8943
3697 3180 7575
2128 3487 1049
1594 2002 9542
4002 4208 2459
1752 2659 1824
2672 4083 1874
1779 4386 4301
3964 1800 4717
473 1639 3502
3169 2538 6308
34 2569 1849
1015 1771 898
4318 2493 5981
285 412 9910
596 3892 9413
2397 1775 7922
2107 1489 8350
1555 1786 6787
2959 4219 4529
3137 727 9810
2069 527 5201
4217 2219 9975
569 386 9874
4017 2880 9546
2471 1710 8036
1916 3607 9741
3929 318 7532
3283 3226 3857
1311 2587 9323
4352 3108 1724
4283 1421 3032
4013 4229 7809
3564 2865 5109
2216 3729 1033
748 2146 8308
4308 1260 721
1656 2929 6695
3961 3444 7255
4281 4308 1507
2659 2803 9068
1560 32 5023
1836 1557 6384
2757 710 3346
3831 3969 6898
1352 3734 4247
52 2879 9288
1987 4237 6864
1889 3224 8596
2060 799 7048
2697 250 7112
1032 4139 5858
3897 568 3194
2291 920 4037
3152 489 2010
4154 3985 7470
693 4299 3565
3931 123 8274
1534 4389 8141
1064 1779 8450
4194 473 9354
2252 2073 3834
2631 922 5418
1352 3299 8839
3710 1224 134
569 3156 6344
2109 1364 2212
3906 3543 9670
3196 1914 6086
2242 4397 2553
1971 1570 8303
1904 888 9982
2916 1191 9471
2194 715 1065
2536 1666 6546
3942 3929 8442
2677 1962 964
2735 561 1214
1276 1107 9368
348 914 6702
525 4223 6424
1554 290 1754
2725 1113 9325
1119 4096 8312
2162 3066 3412
3216 1496 9540
1829 2093 9063
2915 1065 847
884 2823 5191
2439 1699 2779
167 4193 1808
2957 1287 7449
4342 80 6980
3207 2475 5327
2241 971 2592
3520 849 6418
1300 1533 8572
1192 2071 3924
427 633 474
1986 4025 7017
1088 3925 9002
3873 2155 3732
561 3554 2540
2447 3370 2080
4283 1018 8822
2490 3992 8870
1984 2843 1832
1514 2760 9714
3176 4340 6464
1043 4228 5934
3048 3677 444
2847 1931 667
2042 57 9530
304 574 6882
525 3378 7783
1011 1027 7203
2028 617 3024
2721 1380 7508
339 2031 4803
1181 3948 9972
3523 914 3861
21 952 3648
3442 1732 2679
3841 2992 5061
4326 408 7190
2825 2832 3289
597 608 4314
1485 3876 9101
401 987 887
1876 1599 5037
1122 2054 4467
3715 2674 2162
2211 639 7910
432 3659 5511
4384 1320 453
4145 4182 1509
4095 69 5930
3034 1680 522
3866 3052 3826
3404 26 8028
2853 1635 1192
1144 149 2789
802 691 893
1995 2993 6237
895 3391 7200
1273 2732 596
3746 46 3447
3219 1779 4076
2228 3120 9965
542 2127 9737
13 4080 1688
664 864 5986
2272 1595 3468
2792 235 3745
2872 4196 1849
1651 268 9707
2666 663 906
3943 2391 6614
351 3492 1535
2386 2695 2635
2752 3200 6594
1748 1710 9293
1551 3460 5352
1106 84 618
4183 1864 1893
3080 639 2981
1565 2490 7690
3192 3801 3669
1724 269 1001
112 2491 7401
1065 2753 3687
2919 3397 6592
1924 3645 7194
1820 3461 9441
1321 2720 7211
1544 8 2469
4103 4240 231
472 4007 6574
2093 4180 7662
2830 2804 3764
1629 2378 7592
2585 1639 2545
3914 4088 678
3790 2745 1193
427 1735 3727
235 3319 3328
457 2354 241
4399 1095 7625
2588 91 2287
3913 601 7578
384 1057 7693
2604 1031 3124
3162 2466 4298
335 630 2636
1699 2110 3488
2129 2604 3946
3938 3446 1266
4220 3073 3145
2785 2135 1643
3533 3758 2614
2540 2028 6981
2068 650 1850
2058 2961 582
995 2318 8955
4137 816 92
1106 935 2939
4080 1232 4413
1967 2312 247
3701 2829 7218
2474 3116 7267
1454 3526 2229
277 3916 5289
4249 3493 207
1377 4234 4760
4381 992 6918
2189 4195 1705
383 3064 4771
2488 2357 2150
565 4109 7714
4316 560 2563
3756 2630 7326
1397 2968 5605
2338 2484 3540
2599 3942 8563
4393 1714 4408
2839 2371 5102
1541 347 8130
3532 3861 1303
3160 2499 3627
1215 3700 2333
642 823 3124
2072 1515 4590
1673 1017 5185
957 3939 8359
2916 3856 5257
1576 1043 1880
1687 3162 688
766 1557 3728
4072 4340 6795
427 865 6838
4322 3889 1637
3859 1402 1647
185 172 4892
3426 1866 615
839 2281 7551
2930 3062 5454
3146 4201 4096
4383 614 2054
1146 4190 7302
4381 2305 1695
2154 571 5330
1944 3410 803
3675 2712 6338
3467 2572 3549
218 1627 9212
711 3307 7291
779 3883 1217
3546 1809 8369
705 1414 9895
2032 1372 968
1233 2510 1541
886 1161 7416
2225 3189 1199
2353 4374 4184
1409 523 8416
1910 3101 8102
1713 3130 6612
3459 4354 6143
599 4029 9334
3415 3802 1553
882 2999 3357
1774 3528 8175
526 946 4235
900 240 1179
236 2040 8370
2167 4133 618
2551 4159 9802
1984 2813 1875
4334 575 8811
3227 3864 9245
297 14 8356
2396 3784 7194
2066 1168 854
1918 865 4065
3273 1592 6694
333 217 955
4094 2806 6100
3783 1485 2831
2280 79 1468
4336 2860 646
2578 1305 7163
652 435 6560
3783 2538 1155
2507 1808 5986
121 3617 3967
3465 2024 7145
2622 3451 3160
203 531 6377
3434 2515 3292
3548 1518 1794
1740 497 9003
1964 2615 2004
3865 1158 2689
3599 3558 4497
1198 4309 9767
1296 96 858
138 3866 7134
484 4282 1248
3254 2113 4167
866 3132 8138
4140 603 1576
3445 926 6543
3227 4128 9912
4361 2966 8644
4232 1870 2187
3794 1588 5137
4397 1063 129
246 2413 8071
2281 823 698
3736 3342 3057
3029 2959 4037
1857 4180 8632
3306 2570 1619
2955 463 6186
908 3271 1591
1484 2790 6146
2874 3168 8935
292 1855 9581
75 3459 6986
343 4080 5537
1690 1472 1349
555 2399 8187
1967 3559 1671
3646 3047 4886
1452 2319 113
516 746 1566
2736 2968 2578
2681 4019 3646
4319 371 1313
4308 2900 1527
2711 3659 6213
2240 344 9829
904 2732 4585
3066 2418 5291
43 3643 9330
1873 443 7167
2217 3796 151
3960 1597 5426
3473 923 2546
4303 2689 5610
986 2858 5795
1016 104 5032
357 2765 863
2846 2125 6575
401 3431 9947
2960 3532 874
4033 3839 5374
969 3205 202
1840 19 791
3240 1958 791
1790 564 4755
171 2359 6551
1112 1121 6465
2661 1329 2179
3222 3109 7834
4385 3177 8154
2308 2142 1375
720 2262 3220
3176 1117 8233
1709 1683 3956
2538 1855 3051
967 1082 3670
1616 3300 2248
1654 348 1806
4101 279 4887
2681 1044 9552
405 1178 7950
1866 2877 7086
3537 2536 6325
2608 906 1539
2944 2997 5087
210 418 5167
3356 983 734
4308 4103 185
3901 1799 3966
267 2114 5258
1634 697 5198
3509 1444 2278
79 3960 3850
2383 2664 459
3554 2497 4343
303 1693 7163
4269 1676 5962
2100 623 5829
2826 3342 7950
2333 4152 2662
4320 1756 7690
3660 3588 7887
1724 2028 6220
816 1797 5484
3067 1381 8243
642 941 9842
208 3895 4717
2624 794 2512
2443 1706 64
2207 170 4293
881 756 6078
131 2817 8768
2108 604 7550
2276 122 8278
3963 4274 8764
873 1944 9199
2145 1438 1987
660 33 8667
1112 2709 5931
3709 1499 5540
1231 17 3387
2559 1417 1752
8 4098 9626
150 2819 4655
1426 2810 8908
1153 520 3704
3053 917 4001
423 2673 5583
2242 2890 9456
2491 408 619
3201 402 810
1708 2622 8456
2934 2411 8982
1725 2083 9575
1021 541 7422
1564 4353 4556
996 3300 267
3317 553 502
2601 1055 2966
431 2185 7404
2381 3778 8785
437 1815 6179
4068 1030 4515
3418 1493 8413
3268 3365 5357
247 53 6878
1744 2563 5610
2754 2222 2873
991 1602 7157
2446 3847 235
1115 2508 6167
2398 3739 1346
2763 3185 8847
1808 4328 4765
4111 4333 8663
2525 3251 3508
2521 4011 2869
4086 3881 5357
804 1702 7864
2940 3697 8348
3524 1826 2905
1873 2712 3839
4381 1865 9556
3159 3794 5634
2106 2326 9357
61 3172 519
2391 3549 5168
1350 775 4448
771 96 1914
1398 2094 3524
443 4229 6956
2521 641 5879
2462 1863 6879
2430 1936 7711
1262 486 334
701 2491 3669
1423 3527 5744
4197 1765 8847
2979 2276 953
3207 3220 2544
3983 4009 7821
3528 2712 3651
262 1792 4306
3925 2584 9612
2412 1339 8134
2041 3946 2790
3086 764 1412
3824 2542 4435
271 292 5295
3689 1833 3964
2005 753 3197
2046 2020 7545
3008 2217 9959
1917 1735 769
264 661 4856
1117 2444 2760
3672 4114 9318
877 3652 2738
3001 2939 8253
763 2801 4020
867 1668 3245
2424 217 6713
3133 2947 5051
3126 978 8437
3267 1712 2102
1159 3254 2525
1720 2908 7570
784 2822 5230
4077 2186 6942
4078 3658 4911
602 1744 5178
1617 453 8765
2180 1739 5093
1070 3992 5871
1142 3002 4524
622 2875 7566
244 863 6884
1931 826 5862
3497 1142 996
3913 3533 9802
890 2666 5197
2143 2229 6131
583 628 7945
1421 4310 3139
1004 3223 7879
133 3188 3887
3742 857 2690
3267 3107 6954
1999 2172 5420
3242 1544 3868
293 2517 1895
311 4090 704
617 880 6422
2965 487 5092
533 1707 5962
540 1561 8973
2641 1193 1145
4050 2329 7019
870 4019 4787
1408 4053 1439
3096 1559 8223
2209 2937 8555
2002 1281 7085
852 1562 2264
3796 1250 4051
2034 1461 4005
1865 2929 2861
3760 293 1346
173 1819 7881
1237 3679 8958
1306 3096 3374
4339 3456 8919
2949 3619 8600
2857 4340 6124
1270 3229 1073
3440 3260 8465
1144 1710 1512
1658 973 6898
2522 117 8104
586 4277 9759
3442 3507 6838
4219 1136 5993
939 3041 2745
1192 1846 7818
1929 868 3129
3569 393 6703
2110 3238 7544
4330 4030 5839
1142 1052 931
2765 674 903
4300 3776 2790
2352 2977 8672
1469 2580 7861
2265 3845 1927
3861 2745 8915
696 4093 5149
4101 1540 7885
4332 1434 1571
2510 2165 5033
446 2390 7999
708 2035 5823
466 1449 5335
2372 620 516
4164 2351 9926
3215 2211 2760
2288 3062 5858
3890 3317 786
3347 875 3581
1851 130 6298
295 2811 128
3303 3208 898
1583 877 9690
2306 2349 9095
3106 2681 5504
1884 169 494
4266 2764 6669
810 2679 4740
3422 460 6534
2000 2043 3960
4091 1693 9112
3464 1229 8800
2767 2887 5425
3580 838 4623
1981 2208 6522
4323 1677 8463
2888 1277 3676
4228 4121 2210
3910 4316 4030
4315 2163 2299
3457 698 6736
1537 868 8979
1947 3251 2622
1707 209 4021
1407 382 3632
3241 2607 9451
118 3112 9524
2983 3234 801
1297 140 5553
1045 1370 4781
898 109 3637
973 1112 3796
4038 855 795
3624 4151 2263
799 3898 7578
299 3959 2149
2886 1002 9077
1436 3560 2427
609 966 3473
2644 4204 7460
117 2765 6826
1277 1346 4166
2982 592 8598
915 1444 2511
1666 2476 619
2945 1418 6329
3676 155 2792
2381 1836 201
2810 1092 4129
465 140 5573
3672 2972 7032
2767 3640 7116
2607 4053 2772
545 3654 766
1114 695 5627
1560 718 420
2646 518 1626
3405 1739 882
253 3839 4342
2023 1782 1333
3524 4355 7684
222 2939 4995
4146 122 3227
1600 1403 8731
930 1502 394
859 4367 6036
2835 816 1948
2405 3738 9523
2813 152 2880
1678 2711 5018
1806 3869 7926
3455 2027 569
3967 993 2169
759 947 8284
2786 4099 6798
4294 1619 9145
2304 172 9173
1310 3825 8617
2307 60 8308
1091 2731 9123
563 3293 4809
1300 3817 7139
85 2478 2728
4285 924 3526
3206 1053 3786
2211 718 9855
2893 785 9581
4065 1016 7349
753 2076 4219
2132 1586 4759
227 112 8781
3954 1414 1125
1086 3106 153
3436 2173 7780
195 613 7775
2296 324 5018
2569 3008 6539
1700 3273 9784
2671 3752 8102
2546 2030 2681
4244 3284 7817
2367 3828 5581
1360 3927 8726
455 542 6877
1170 1065 5263
500 3217 4589
4268 1258 7480
2231 4316 1597
4192 3431 4848
1343 2142 6788
2262 1719 7210
1557 735 9423
124 678 7096
1328 2616 5837
2152 346 3945
3250 1795 1953
3907 982 7203
2368 2606 8500
4387 3314 1978
2911 2216 4223
1070 3979 1878
160 4107 9343
3704 1480 3159
149 2684 7420
3672 3456 4642
30 2466 9159
1362 1817 1104
1387 2796 963
2059 2682 2855
662 1884 2640
3581 3056 2876
683 188 2772
4185 2429 2826
3195 4390 9884
2930 2408 932
2296 1387 8422
46 178 4849
3780 3165 7444
1845 2844 6097
700 3944 9976
3560 1274 9353
3336 4170 6022
376 1617 7149
2774 625 3959
3360 928 8431
2303 1864 6023
2577 2163 8661
3936 3356 878
692 4030 6162
3347 2430 5945
2747 2401 8647
1679 3469 3235
382 700 669
3931 4089 474
4134 1689 447
542 1542 7786
3018 600 5878
3292 2351 2455
701 2169 335
2158 3069 1328
2989 2689 9386
2585 4165 7091
3084 1812 2098
1367 2989 6160
63 3781 67
2171 3699 4322
260 3814 7817
519 3796 9238
1339 4096 4199
2931 4210 9565
2489 3658 33
684 2046 8743
282 2730 7076
2740 1402 7277
4258 3742 164
2032 1234 1825
701 3295 3046
3860 2853 3319
843 777 6805
3930 3200 9073
1092 1775 125
3260 473 5257
1306 2325 9128
2861 1981 5750
3931 2247 2464
3415 4296 9670
663 2395 4805
4049 855 7908
3666 1134 8125
2292 2054 3817
2866 2045 1835
1584 3351 8158
4332 218 1136
258 3283 5354
4388 12 5242
3353 2582 7731
3933 930 7018
1477 920 2749
4291 3510 5999
968 2141 4467
3672 396 5673
3286 2163 4888
1494 4259 3130
4394 1973 9435
1775 3763 970
798 4317 8011
2310 4105 7827
1496 2766 5586
2423 3889 8361
1052 4037 3841
4325 1329 12
1437 1555 126
2637 930 2366
1755 1067 6053
4336 1433 9661
4077 2374 4240
102 941 8350
2495 1353 9360
118 3992 2868
2560 4123 5414
2514 4142 4308
785 204 5726
3030 4302 6196
3192 2668 602
3410 3091 3410
57 1385 6681
881 4395 7437
970 1722 6001
30 3380 6869
3891 3252 6962
3464 250 6589
4141 1289 6897
655 3099 8832
481 97 5476
2974 456 5200
1222 1426 1866
3238 3884 6820
1833 3884 4976
1580 1510 3421
2400 169 4771
3328 3713 8462
1449 3632 9203
1200 937 9721
326 1079 5839
307 640 6317
3923 4185 9792
1242 4107 4598
2622 2951 8064
1805 2021 9505
29 3343 4444
4020 3196 1552
1314 4355 658
2490 2297 1427
3469 416 32
1611 33 3835
4155 4121 7678
2965 3024 5335
1493 2773 8930
3421 1542 180
2336 2390 4063
2077 139 6183
684 3988 5862
2041 2786 2667
3631 1095 6034
3580 1369 8833
914 2334 3024
2074 2813 8398
4327 1910 1104
3593 4117 8781
2194 3787 4624
244 4315 2062
422 3667 8746
1252 3212 5364
802 583 5865
1626 3304 9235
3612 3563 7550
1414 1962 2438
1668 3805 3541
4137 1387 9777
3994 3705 936
822 3858 3347
749 4033 9194
3646 1991 2011
841 799 5391
799 1733 1495
3138 2916 7465
1697 2429 664
1397 1033 9007
21 2926 8984
736 1732 4419
3971 1694 7183
2825 498 6260
168 688 9404
3119 3998 3169
3224 2255 6112
2650 2269 3337
2843 1473 2485
13 2111 7062
2081 1930 8549
342 2764 5340
753 916 8969
3031 2604 3021
1107 1509 7167
1033 3929 7294
2619 2873 454
1682 1174 32
2174 3472 3067
2144 120 8477
2332 1893 8420
119 3652 4339
1728 1987 5326
1376 4188 9897
1691 1340 7983
3508 1175 5234
1240 1157 8019
4326 362 198
261 3899 7068
2752 666 6256
1521 2698 8520
1702 1078 6466
1762 4372 7145
3825 2024 9781
3477 2855 820
1457 1976 9814
2606 3470 6068
2782 135 1529
912 3180 6927
660 1901 3572
2073 4005 5146
881 1102 196
3814 2377 3152
219 729 7400
2436 2617 6631
395 3951 751
702 869 822
2173 1017 4203
965 2074 3131
1143 343 827
3544 3690 6219
4014 2469 9470
4323 3533 7716
592 484 3326
3941 596 8952
439 4244 9656
3885 3917 9582
4283 3735 5081
2440 4033 4192
87 2869 6158
3050 2846 2162
2997 3998 4685
2315 2456 1756
2637 2488 4758
2779 2634 8918
1869 2505 343
2769 1876 6700
348 668 3064
1932 875 3603
2312 3482 3351
3100 1129 8097
1894 3402 2485
966 1016 1998
4060 1193 7561
1868 2219 2899
153 504 2514
2019 2200 7499
2454 780 7495
778 2857 3712
408 2930 9281
258 1331 1449
4004 1857 5599
706 1207 7411
1084 1188 1957
3892 1771 4469
3530 1971 6675
1667 3188 2717
3176 1133 3535
1000 634 2304
3230 313 2042
843 3313 4222
3200 2912 9995
1832 2102 2215
2943 1222 9097
2848 1073 6665
3663 1101 5980
145 2791 7611
3242 3773 7561
3025 3769 613
3242 3372 4023
4387 1761 7983
2969 3772 2397
2704 1865 1775
1342 106 1591
1404 3329 4891
3881 550 8027
340 2321 32
1972 1072 8772
1004 4020 7415
406 3530 407
573 690 3995
3557 2734 2098
2009 3248 5488
1271 1988 9742
375 2779 6649
4136 582 3030
2880 598 845
4189 1584 6470
387 166 9903
2940 1021 141
3171 3770 8540
263 2389 3831
3475 1575 2611
4148 3579 2944
2345 1133 4575
1209 174 342
2343 2645 6694
356 3341 139
4261 2999 644
3471 3206 7688
2933 4209 2926
2904 2140 7124
4092 1695 529
4075 604 5264
733 1726 5674
3636 2106 3811
2771 2302 2597
3428 1171 3695
1951 84 8704
582 2562 5442
793 3434 8648
3207 77 804
3644 1072 5093
4256 2883 6629
265 4313 3173
734 1220 8269
2978 521 9222
3740 1427 3940
2810 3965 7038
2285 827 8069
245 1847 4720
3645 3887 5590
2465 1982 7729
3729 3769 7218
1334 1928 9518
190 1646 288
1471 1852 8801
3824 1144 9183
1755 945 3874
4006 2304 2404
2899 3087 7690
2378 2292 8399
2398 1983 1667
1572 229 6691
411 1394 9745
1976 431 8925
1240 1430 2802
1158 777 1568
3762 2067 5478
2483 1811 9180
2942 1488 2560
515 2968 4081
122 1213 4716
3933 727 7898
3815 1547 6078
101 1403 3719
4054 2657 2921
2425 1350 1119
1809 1894 4345
1122 3035 1805
1630 2245 9716
3096 2499 6231
1112 535 7009
3774 2266 2330
2727 34 7249
2721 3356 5650
3987 944 7810
750 1347 9066
2690 1458 6646
1387 3331 9321
1881 68 3469
1117 3838 919
3657 302 5869
2316 841 7400
219 456 4358
2121 490 7026
2224 850 9051
3946 1185 6843
4233 2520 9661
4191 353 6216
1786 4373 8791
1321 78 2423
3935 3201 2774
4275 4187 7077
1754 757 8715
4369 3380 5432
1738 1289 6250
3271 2575 5844
1804 3332 6931
1380 1134 2687
1614 15 2699
1360 4233 4365
2204 3484 2865
1726 2799 2901
262 630 7830
3069 1864 8986
3578 563 2402
177 961 9129
2723 1307 2896
603 2709 9656
2507 1377 3909
2483 3267 108
4010 3719 6080
2921 4277 1325
4059 1811 460
1967 1294 1595
1016 2973 1206
2838 2686 8670
1681 349 9958
1450 1432 982
496 1497 4744
3940 2204 9257
1440 29 4278
2536 2636 9015
1683 1686 9948
2816 3377 8999
2085 3464 4749
4088 3806 1262
1103 1812 1339
3309 1430 5118
410 2529 8073
2992 2186 4534
1607 85 6556
1362 1694 5084
3143 2070 9419
2217 3426 7929
1634 260 5827
866 1019 4164
999 2363 6222
44 3111 892
2606 1200 3402
318 722 3074
83 3669 9538
2406 1553 4138
702 402 7581
2500 2221 6860
3 467 5363
3568 673 6497
3239 2174 3774
1301 695 3811
2108 2683 3419
2870 2235 9886
3616 4018 7498
2625 814 7780
3038 2845 1245
3485 2973 4633
1604 739 322
679 2805 7554
557 2969 2254
3198 2446 1299
1495 3273 4677
4393 2164 3076
2921 1933 2931
601 2372 4473
949 3137 4228
3937 3305 4389
4073 1757 748
1617 985 7265
1465 4041 8457
4390 3797 1148
299 2244 9422
234 144 6129
3717 2959 924
3123 231 1961
4378 3428 7391
1839 404 7292
2407 2016 2372
4 2673 4014
2882 751 7378
2741 878 12
3537 3213 9091
1657 2210 162
1656 410 3495
1844 802 3190
2791 2474 6331
2421 2740 7557
3369 442 5006
4329 1999 9460
253 3339 9505
989 1869 8836
836 2850 2368
3946 866 9728
3911 50 1049
420 2916 529
2661 3811 1795
315 3001 8006
97 3840 9503
1979 2824 7772
3833 431 9448
2547 2100 6566
3935 4044 9494
2962 3384 4628
2834 505 1577
523 2370 8470
4312 2644 1066
3185 2240 9973
1026 185 9687
3387 4281 7856
3708 2736 8556
1299 2631 4650
1906 3966 3999
2848 2620 8403
1173 675 7311
2645 2310 6248
3727 164 6153
3079 4262 7414
297 1585 9120
3017 847 9314
3515 1376 4124
2383 1296 443
740 2883 8294
3852 9 4114
3831 1402 3009
4224 4370 6266
182 2265 9193
955 823 2488
3831 2485 9393
1576 2232 3931
2938 3140 247
84 2031 6562
2440 2079 6513
1123 2785 7452
2517 1847 4850
3783 1465 6786
3532 2746 3954
65 241 3974
1678 487 3782
2606 311 4807
169 911 5532
1071 2170 1697
3408 1631 9267
240 3095 8414
3517 2664 687
425 2777 1415
1422 3307 5190
4055 892 5705
2688 2563 3411
25 2715 6349
588 228 8423
2369 871 1720
1447 3674 8234
34 1992 8098
1594 688 6102
841 3663 8542
1035 4397 3944
2517 476 2561
118 136 462
481 614 5755
2730 3106 5771
670 2645 5032
2356 3941 9112
2473 2182 9257
2541 2200 7271
1535 2094 7318
2896 1357 2095
3822 196 4823
814 2385 4741
3261 2464 739
3357 1045 584
4387 1803 8347
277 1511 6335
2468 788 7760
876 2170 7396
2616 596 8104
4365 3742 5163
1816 46 614
574 495 4438
3256 1436 190
809 3512 2307
4375 1549 1988
3734 3973 784
1929 1042 3730
2407 3620 3318
2750 2881 3653
4390 3496 7803
3391 4183 3016
1117 3899 441
583 802 5160
302 3742 7803
1764 4012 4295
1652 669 2726
2762 3066 5291
2309 1188 2751
1585 1951 4150
2683 2566 7350
1270 3380 1382
835 3264 498
2934 2744 6456
2026 3720 7652
381 652 3626
2669 2735 9420
2092 1947 3615
2302 4342 7739
2865 2186 4587
1860 2749 5439
3023 3223 4470
725 2395 5877
3466 3469 8922
3285 194 2529
3593 4134 6677
4265 1205 1076
705 1680 2304
3332 3541 1290
1471 2674 4951
4065 2877 4648
4245 1826 9566
2259 1443 4649
1346 2320 8502
2957 1683 399
1118 3030 5476
4361 3554 4975
1015 1997 4088
1458 992 2089
3401 2778 9041
802 4334 3686
2717 316 135
2901 1758 7407
1109 199 4372
251 134 5407
4103 400 1381
3490 4068 9403
3148 3861 9431
2967 818 3603
4016 4017 3305
1399 2917 6619
3760 1499 7369
2197 782 6368
322 3181 4373
4390 2739 1415
4378 776 6291
3860 2659 6479
10 2347 7492
2297 2234 7107
3327 3778 9837
360 2303 9537
2740 4202 4869
1289 553 1831
4288 1278 2891
1735 1400 6325
1555 2568 4990
2471 45 4345
559 3469 1956
3052 1481 9864
3935 1267 1549
3157 1315 7436
3996 4057 2543
2649 1345 8070
1079 2167 3908
3857 2707 7891
2186 3544 2514
393 135 4583
1281 3750 1602
412 3331 9117
2678 636 5252
1237 4189 4206
1496 319 7381
2669 428 1843
4151 4274 4335
2847 3435 3962
1051 2315 1529
319 1723 1938
2588 4 2047
1580 845 8246
1251 861 6437
3527 3483 9719
1566 3025 9746
1102 2267 5099
3705 574 7811
3233 679 8494
529 4283 5109
4070 1469 485
3383 3814 4410
353 2541 6269
3888 3054 6778
3051 4232 6400
525 1406 7482
739 2273 6604
3661 1863 4939
1571 3746 3927
454 304 3750
1250 844 5934
45 1171 6556
1228 391 504
3590 2764 560
2446 355 771
2384 2323 2522
1101 7 4065
949 3338 575
2659 2060 6776
3152 1568 3492
40 2501 4826
2353 3721 8831
2858 2973 7550
4030 342 2116
3354 3872 9732
3259 2554 1791
3063 3111 6039
2844 1935 1740
3455 3888 3272
3949 217 2488
3963 1533 3682
2657 1779 8095
2323 1714 3802
4133 1380 1347
3282 1510 6350
2213 466 7912
3273 1504 9710
3847 3146 7658
3530 1558 8513
445 853 7467
2129 714 69
2885 2412 2895
2640 3070 1322
2985 1015 9738
833 1927 5656
3771 3716 265
960 1582 1409
3691 774 8970
3623 1632 6493
63 577 9323
3752 2863 3681
2677 3470 6259
3488 2070 1687
2972 3073 1621
2961 407 2966
3528 2181 5601
2613 2683 9021
804 2773 3380
3785 335 483
4222 1242 2706
3286 2873 8741
3501 1900 4873
3171 1091 9677
3300 1607 2332
2523 2762 5015
1022 1651 566
93 2830 4005
695 3591 8815
1498 2952 2172
677 560 2434
1115 4079 8721
3716 499 1364
1136 2700 7600
3231 3248 8149
119 2589 2661
1039 2580 4226
2194 1753 3465
432 3412 7217
139 2822 3140
1837 619 2458
975 3230 8869
1590 2463 101
1695 1378 9012
2061 287 6160
734 3726 2742
573 1710 6636
3796 1598 6442
3680 1673 570
3073 2909 6234
979 2099 3961
2304 3053 2079
2965 1626 3509
1204 1832 4360
3381 3445 3844
2371 3630 1988
1806 937 8252
2131 848 363
351 1760 3440
1746 340 5200
3980 1063 2542
339 2398 3384
2449 4370 7325
3111 1874 4990
2290 2093 4403
2 2393 2765
1129 3775 3130
2798 3091 4153
3211 2711 4588
3865 3218 102
2914 352 8002
147 3004 6164
2769 2435 4808
2147 312 5605
986 608 4977
2815 951 5595
3069 1918 9647
237 1589 5730
979 3977 7650
3169 506 4174
1827 3418 945
3735 234 2772
3152 550 7292
288 951 3961
426 195 6406
2699 1735 4975
589 2543 6977
1109 551 6089
3537 2019 2270
76 2578 9478
1294 1645 9816
2059 1804 5547
1135 2303 2985
1832 1602 718
1699 1870 5793
3337 3475 3265
3711 3094 8218
3607 1667 6867
3815 2995 6814
3909 3915 7167
3519 3658 4259
4377 1923 694
3413 2436 1740
4001 2961 2745
416 2821 9762
3063 1576 3315
166 158 6664
3360 1130 9503
1914 2366 3150
2494 4327 8427
3900 4060 4974
2539 1208 6550
2032 2352 8064
2699 1619 1477
1066 2951 8261
1406 1701 8442
1084 2117 4584
3387 2381 4482
1398 3800 7702
1765 307 697
1903 870 2574
2937 3557 6019
2077 4264 2340
2342 2161 8234
4217 3937 2935
3209 1924 4244
247 3149 8137
3481 4127 605
1625 2629 8452
2325 41 7141
3918 1874 1177
326 479 2554
3981 1867 1552
2860 504 786
3270 4220 92
177 61 3966
4227 2676 3020
3544 787 6699
1769 3481 4860
2710 1618 2233
728 4068 2282
1192 1312 7372
1482 3555 6549
1383 2429 6804
3896 1588 6911
3056 3086 4132
1180 4278 7406
2684 675 5102
2608 4285 1514
2597 2420 4076
2134 3759 6220
3179 2595 6976
256 2850 3358
3737 3892 2913
14 1230 6109
2854 1888 2952
3233 1296 9025
1977 2905 1633
3903 1007 3590
2545 307 6804
3788 2660 2116
2571 1196 4176
2951 1979 5394
2617 2436 3079
2861 2365 4958
1660 3961 6229
2703 191 5202
1145 2744 4787
2478 1464 1633
3786 739 3819
2748 1132 6725
1582 4366 77
1080 289 2880
2902 645 5182
3816 161 1765
2932 1391 4499
3458 1667 6232
3642 3760 6258
1786 3270 4673
1248 1488 8465
892 773 7413
2704 3533 9267
1888 1010 6461
1251 437 3159
4047 1398 1253
3773 4216 1695
3439 3861 3667
306 627 5733
2693 3391 2269
4205 191 9034
2167 2333 5708
1527 210 9573
2545 2774 3889
650 3791 3765
596 1989 8768
3829 2459 9145
640 787 73
1893 1129 1708
1615 4334 8384
2391 3983 4333
1580 1564 2057
3293 3986 1867
2556 3215 7498
4043 754 9273
1341 3875 7424
2375 3795 6643
3082 2623 9322
1269 523 8885
2676 2458 6028
1229 3310 145
1252 2438 8017
2399 2374 7796
3996 2015 94
2630 3060 3053
864 141 7554
3540 266 8936
1112 2369 8268
643 3062 9637
3435 504 6471
1031 503 710
2066 1632 9612
3855 2964 5854
1476 1523 5118
2122 3982 8504
1250 2760 7697
3340 564 587
3430 1917 9781
4135 3248 2444
1281 1870 5203
593 841 4239
3935 1288 7575
548 3332 1481
1521 2515 164
17 1265 1015
655 4092 2496
1375 3046 2582
2510 2108 723
2446 188 6353
4194 915 565
3711 1393 5417
2536 4081 3884
2969 3479 2140
1783 890 5375
2774 1498 78
1345 2228 4973
3490 236 7904
510 2055 6774
49 2611 7980
851 2599 3871
2528 1123 6398
3997 686 4859
167 3624 9708
3833 3907 7171
1838 2159 6375
1436 3395 540
3408 27 9752
4357 2661 5557
2293 2742 3179
1310 2147 9269
262 924 1610
708 1959 8215
143 1070 4661
467 3156 6755
2997 4108 6476
1170 3290 9213
4038 886 7494
3274 2309 6811
3510 3257 5499
701 2698 6414
850 4156 7755
4279 314 2345
332 4321 7855
3600 1200 8617
674 153 2198
112 2690 9519
3928 3800 5203
4147 462 4885
1862 3259 7343
4106 3179 7407
743 1141 4282
112 1837 9474
3943 4181 4723
3855 2877 9224
716 3239 5311
3268 1564 1729
738 2901 1448
2858 430 7423
2803 2047 9510
3081 2871 8402
91 1665 3238
1366 2336 6722
2663 1705 7823
2912 596 511
4100 4313 4808
4050 3264 2318
1999 2841 139
4089 306 3585
137 776 3101
1973 959 3513
555 4103 7686
2842 749 8863
1961 2482 1865
1996 2531 2150
2599 535 5589
3628 933 6633
2468 2661 9854
3807 4232 3214
1857 2640 249
3465 3765 6580
198 3228 4981
2281 3821 362
1903 2910 871
3530 1234 7689
1977 1531 9854
4276 1912 5306
1942 4213 8260
2634 1350 2797
449 2183 1049
632 3988 9062
215 3618 8263
1415 1591 7461
1034 4213 8988
1503 3340 6983
3127 895 9500
1868 1254 6642
590 2453 9144
1185 3509 1344
301 3681 2102
1920 2814 7519
528 1025 9240
235 202 6772
2413 3616 898
991 3583 8223
3529 2725 1901
2023 508 8077
3259 3746 263
1854 1580 9891
1703 3032 7002
3273 1707 6773
3059 3440 6354
129 2834 2991
2849 2592 3975
2457 1963 146
3514 1215 3287
2592 641 8809
1548 1245 3626
1992 741 2678
2042 3712 6527
595 2058 2776
3707 2749 5671
505 3205 9828
1376 3016 37
2916 3322 3294
821 3024 7530
3174 1713 8837
3612 2154 9121
2986 4281 8071
1943 2568 8413
2507 3571 4746
3504 938 7143
4262 4088 1228
4257 2712 27
3485 1003 7690
1541 2448 5302
2624 2628 2206
1861 2949 8253
718 4364 5525
196 1934 8731
3894 3453 4018
3398 533 4582
3160 187 8235
1628 3044 6792
1995 513 5828
713 753 1336
4253 589 480
2944 2991 1846
1711 4074 1596
4141 3015 9955
1471 556 38
4220 2609 1992
2776 2667 9829
1713 571 1558
3610 3200 2013
1489 4397 5384
2180 907 3321
797 3318 4185
1343 3936 1345
3049 575 9276
1164 2717 869
4233 1517 5199
4358 3598 4534
4151 3248 4789
3741 4346 8117
2061 1102 3979
527 515 2625
3266 4203 4886
4292 3329 1186
560 2208 5130
1543 3375 7348
921 263 5616
4039 716 7388
905 3643 6017
3606 601 8460
2654 1047 571
2040 1666 1481
3396 222 9559
3311 4040 822
3252 4058 7867
2903 2044 8139
2257 2512 903
2275 2440 5590
3140 364 9537
2591 3458 3492
1137 50 4887
3222 3344 2827
2193 874 3952
3002 2407 4948
3360 1836 5351
3096 3327 2705
3213 16 2828
2393 2842 8916
3201 166 7622
3636 3144 4503
950 2437 5927
2699 2448 9842
1302 2825 6540
3700 2602 928
721 4117 9936
3754 2441 5195
2834 4321 1531
3091 1463 6744
1026 2497 6292
2678 1904 5862
2675 2400 5556
2217 3336 6551
538 1919 6716
4264 894 4534
1045 3529 9098
3746 3030 2675
378 2547 7714
1872 173 5901
3637 1573 9921
997 1259 920
1418 668 3722
115 4064 3024
3269 1592 1614
2241 1162 808
1950 1782 8810
1766 3960 4023
3074 2293 3013
2062 397 2689
3561 2354 381
1686 2012 2119
3216 817 6525
3317 2431 2263
2189 2339 3605
3882 2542 3883
4146 1943 1058
3548 698 4427
2837 1378 4972
326 3300 1505
903 821 5779
2027 188 1130
1861 2900 2437
2612 3423 7255
720 3970 2778
3444 2588 7410
3647 833 4198
1435 89 6970
245 293 5327
2989 2283 7265
587 271 278
803 126 263
3321 2159 3950
1053 2116 4990
3759 1504 6941
1872 2948 1069
3919 1974 1266
647 2155 1562
811 3681 2014
924 1164 4865
2551 1052 3299
2630 2191 6034
2172 3086 5832
174 2261 8136
2595 4391 4960
3750 1449 5303
3249 2967 2344
3559 2921 9672
3270 3217 8997
4368 1968 1869
2351 201 2407
1072 2625 7949
1354 519 3130
961 2699 3128
2844 2598 9443
4313 3043 4298
2896 1143 1278
3255 3675 5991
2101 2096 1797
2494 3406 7394
1462 651 5143
1835 780 6985
2110 2541 3984
1191 1480 6515
991 3685 3250
3098 282 2503
252 727 8261
4231 3537 1168
3469 2909 68
246 535 3534
518 789 9507
1220 1215 9472
2232 3891 74
795 425 1832
2117 816 6244
867 1151 6624
309 3886 5701
4197 294 7416
3638 726 4274
1225 341 7683
1434 334 8827
802 1122 2097
69 657 7513
146 504 5191
1500 2420 3513
3431 1829 3738
977 3790 3095
3567 3095 2980
2230 2374 8534
4046 4347 7861
4011 1378 8685
4077 1886 7789
3826 4341 8771
4085 649 96
1038 2361 520
3530 1467 8064
2972 949 5018
1368 3842 3793
1796 223 6942
1870 2144 9842
3194 297 8796
552 882 4718
3134 2612 6639
3363 4008 9986
1844 2768 2433
1933 2980 6667
171 1540 3825
4173 4230 7355
3370 741 9771
521 4140 210
605 4302 4369
1037 65 2422
2331 1811 4707
4003 3136 9547
4009 1579 8269
2930 3156 2799
3201 2276 8473
1488 4283 7994
1416 1011 9753
833 818 2253
3869 3444 5724
2691 390 2167
3121 593 6743
3378 980 1335
1268 3900 8435
1274 2781 1161
978 154 4569
580 2205 7091
294 329 7679
2084 3820 425
2125 4003 1078
3483 3149 6019
2768 1757 2168
1279 745 1221
2646 3380 4966
419 2486 8609
3467 1471 6573
1066 2407 6753
767 2170 6358
1375 1069 3261
3821 2944 3771
3843 2730 5394
2438 1663 4744
2159 4385 9792
1221 4322 3375
2017 2299 6127
1439 2142 6767
1006 4335 1320
1520 1077 1630
3466 4385 1961
2022 1785 6344
3499 3557 2013
753 4246 8842
656 4171 3262
4231 3769 3644
333 4233 4645
3128 4101 7495
1122 1014 9111
2852 3250 9693
3983 2688 7353
3110 628 7561
3748 2562 1550
3594 3874 1981
1369 3935 2088
4173 161 7047
2659 325 9163
4061 3357 4354
1300 2492 9743
540 4257 4576
134 3478 3466
846 3716 6401
707 2244 8104
251 938 2814
4353 4243 2289
359 4048 486
3548 1974 315
4197 1784 174
4138 650 7956
3689 3643 2019
2957 2909 2361
1986 706 5717
666 3941 5874
3277 2429 3960
1724 3920 5112
522 2439 1169
2765 479 2846
4153 3671 2671
1534 4033 1058
1912 3031 6804
2491 830 8857
86 3604 4546
2181 3604 7531
2647 3651 9027
1540 3276 6549
1616 3854 1959
1496 3595 2177
3400 342 7232
3312 315 909
3188 2388 2988
2226 2882 6513
533 1463 65
890 1271 3820
2268 1201 5112
730 3133 3088
2133 1227 9760
638 2608 6418
2656 1898 1479
1983 562 3447
47 1968 534
2722 1920 4492
1123 1359 4619
4162 3424 2142
271 1635 3968
2743 1748 9424
1349 1923 1242
4099 1878 3880
1290 60 1823
3568 1905 1440
542 866 4182
2965 797 7011
2380 3515 3031
363 935 3254
429 266 76
734 3983 8805
24 3753 8806
727 1906 1180
1870 3357 8988
3829 3060 8942
2415 261 9701
1174 1850 4608
3800 2669 3352
689 2727 2651
3885 1090 6869
1627 294 8731
3988 4268 4105
1649 1765 7687
3414 2765 7485
493 2198 6977
847 2876 6043
876 2509 6747
4087 3981 4866
1397 3200 8208
1696 2259 8824
3723 204 7866
2228 452 9283
4213 114 4922
446 3126 4942
59 3328 4841
1303 2395 7393
2310 324 6613
4224 2302 4674
527 532 2953
2893 229 3575
921 2555 2510
3070 224 4498
2012 380 6114
2270 81 934
2288 3948 5574
944 4202 246
3498 1013 9763
632 211 5458
3584 1812 7950
1271 1510 9851
821 1946 1114
3464 2619 693
3872 2814 563
1791 3660 1165
1472 430 7558
752 671 3853
1688 3369 399
2513 2939 4367
840 3202 1839
3430 4254 2302
4010 986 2234
1052 4217 1864
294 1899 2956
815 1968 3696
1708 2831 6523
2945 948 839
3655 2609 8291
2844 2031 751
3186 2173 1135
304 1938 9969
3233 309 8423
4289 4352 1554
1802 919 2530
97 2054 6002
1321 83 5458
2798 2882 5902
3185 3690 9485
69 1197 6434
392 1239 5439
3870 3643 9556
145 3144 4501
2345 3792 7837
123 3426 8572
927 4303 8643
86 4267 5171
4074 611 6688
1779 135 1164
3698 2694 764
3313 2217 9624
2915 4170 4607
2213 2109 3736
1509 1114 1580
404 1578 4187
1823 3745 9946
797 3737 69
2053 3471 5275
423 4064 4665
946 3303 8484
105 552 4962
1439 828 3329
3904 1074 6854
985 2168 5689
3893 534 5342
2424 1455 3939
1087 1060 7980
504 1436 2373
499 3029 7181
1978 1445 3631
3599 2752 5758
3137 607 9078
3269 1243 237
3466 3384 761
1849 1532 4177
3764 3632 4990
3126 2949 2258
238 382 4461
1910 2559 9360
540 3992 8182
647 2855 151
2486 2930 3339
3667 2017 5515
1602 2129 413
2966 1466 8667
2461 4245 2222
4357 2196 1609
1057 694 4393
1317 2494 7561
4316 2047 8299
1218 2144 8004
1694 3498 9928
2975 442 6152
3371 2282 288
3387 528 6511
3245 3850 2574
4005 3568 4892
1414 1215 9887
2191 4226 2876
2021 2841 2152
4333 3188 4660
2674 2284 579
1575 3319 5009
3051 3591 6526
3999 1499 7564
4096 1893 2327
2138 711 8762
2930 3434 1823
3546 923 3674
2071 3184 4549
4246 528 8557
4344 2575 292
2391 3939 9364
508 3153 3852
1163 932 5706
2130 3194 6584
1096 4377 7055
2987 3935 2499
4146 3506 5095
1146 1858 8429
593 3929 9940
4139 2879 1810
1183 2956 2903
3369 163 6793
557 1297 7032
1795 3769 8480
605 795 8559
3712 1856 5129
1164 429 8249
2110 328 6402
1630 2584 269
3096 219 2488
3933 3633 1302
3160 4104 1473
1515 3708 9885
2818 3099 2731
3580 3031 7425
3536 1640 8442
3545 4134 9643
3907 4327 3135
2380 1526 5763
1454 3314 1584
0 442
0 338
0 118
0 324
0 267
1 389 4056 9224 195
0 423
0 384
0 364
1 4365 3758 4311 164
1 4022 404 6684 300
0 212
1 738 2712 7991 492
1 1489 443 1012 475
1 2804 337 9400 22
0 276
0 102
0 451
0 376
0 515
0 242
1 3803 3221 6198 21
0 518
1 3284 2932 8206 275
0 517
0 471
0 449
1 1134 1796 6506 342
1 120 84 9517 365
0 88
0 499
1 1625 551 6825 225
0 190
1 3996 4165 6150 314
1 1648 2758 9845 397
0 78
1 2036 583 5404 253
0 40
0 220
0 392
0 386
0 529
0 252
0 141
0 334
0 14
0 206
0 273
0 76
1 2281 2733 4872 63
0 106
0 232
0 193
1 548 3271 3160 54
0 366
0 467
1 1478 4087 1416 59
0 210
1 236 3371 5397 82
0 294
0 137
1 667 4045 1177 525
1 2630 12 6604 179
1 716 824 6298 95
1 879 398 2580 313
0 117
0 389
0 317
0 142
0 325
0 461
0 286
0 482
0 178
1 2240 1950 8509 521
0 266
0 155
0 293
0 281
0 510
1 356 3129 4165 468
1 3041 1250 9791 23
1 2587 3519 8560 353
0 489
1 3930 1949 409 231
0 122
1 2929 44 2190 373
1 2248 4163 3959 441
0 159
0 257
1 2027 4043 8277 476
0 288
1 3298 4302 7425 36
1 473 4321 5486 426
0 374
0 167
0 536
0 311
0 92
0 15
0 361
0 114
1 478 1602 508 246
1 108 4040 7724 53
0 501
1 2491 3089 588 271
1 4244 2589 4168 279
0 302
0 71
0 13
0 327
0 234
0 480
0 42
0 512
0 462
0 237
0 25
0 192
1 4105 3706 4689 198
0 417
0 248
0 533
0 221
0 154
1 1121 2625 5509 269
0 438
0 522
0 528
0 147
0 203
0 403
0 388
0 464
1 2640 2416 3344 363
0 149
0 208
1 4349 2513 854 10
0 420
0 69
0 328
0 233
0 268
0 296
1 259 2566 2842 143
0 485
1 1419 2496 8625 250
1 858 560 8506 463
1 2927 2753 7269 414
1 2334 3644 8173 70
0 262
0 379
0 387
1 3241 1601 7544 60
0 391
0 545
0 77
0 214
0 421
1 2166 1851 6977 455
1 3867 123 6429 307
1 2362 1571 7337 408
1 326 2552 533 534
0 103
0 357
1 2854 3848 2878 223
0 45
0 173
1 2590 4043 5824 385
0 80
1 766 3873 8098 406
0 136
0 422
1 2378 3549 7860 236
0 546
0 282
0 540
1 135 4173 8812 319
1 394 1616 5732 85
0 440
0 443
0 176
0 523
1 2666 277 5456 196
0 73
0 456
1 2842 4329 8172 513
0 411
0 158
0 109
0 263
0 312
0 377
1 1447 228 4447 303
0 496
0 191
0 383
0 79
0 543
0 398
0 51
0 74
0 148
0 315
0 64
0 390
1 2674 2057 1013 67
1 3640 3706 975 330
0 407
0 115
1 2373 2632 683 61
0 505
0 284
1 931 2836 3756 72
0 180
0 5
1 482 2671 8242 332
1 4256 1831 5434 238
0 265
0 57
1 1408 3439 4203 35
1 4181 3769 8747 254
1 1167 194 7839 116
0 28
0 306
1 2017 1587 2298 326
0 249
0 445
0 177
0 344
0 55
0 466
1 624 3289 8069 211
0 520
0 162
0 99
1 3691 2918 2559 125
0 295
0 479
0 362
0 216
1 2308 2182 7547 369
0 163
1 4389 970 2382 478
0 333
1 3343 380 7399 473
0 359
0 297
1 2947 2842 8686 65
0 541
0 331
0 498
0 97
0 351
0 123
0 52
1 1338 4216 410 41
0 349
1 472 199 7984 354
0 189
0 128
1 434 2173 5979 168
0 153
1 1391 2015 9938 453
0 539
1 1545 3057 7208 450
0 188
0 151
1 3733 1637 9592 285
0 337
1 4276 1519 9583 345
0 526
0 323
0 272
0 316
0 486
0 277
1 913 1286 5219 474
0 83
0 469
0 465
0 519
0 215
1 1929 1343 1158 472
0 372
0 133
0 46
1 2778 30 5598 367
0 335
1 3526 1219 8972 495
0 350
0 381
0 58
1 2299 3674 6654 66
1 847 4186 1065 169
0 304
0 174
1 2969 3909 5891 243
0 434
0 86
0 185
1 4069 2206 6801 235
0 507
1 4035 2427 1692 432
0 256
0 542
1 3410 3542 9380 94
0 218
0 182
0 287
1 2203 633 4358 360
0 126
0 104
0 431
0 487
1 3195 1213 5811 490
0 39
0 255
0 375
0 298
0 400
0 439
0 264
0 447
0 96
1 1752 2571 5759 444
1 990 1672 2282 43
0 247
0 415
0 405
0 343
0 278
0 402
0 356
0 87
0 132
0 437
0 124
1 1016 2631 5206 209
1 3390 3311 1254 261
1 2666 2021 5852 416
0 497
0 230
0 308
0 493
0 181
0 129
0 100
1 4065 2732 3625 336
0 93
0 44
0 204
0 113
1 3549 1411 9322 283
0 150
0 81
0 9
1 2194 2071 5631 427
1 2978 2031 864 371
1 2498 3158 6558 240
1 3047 4027 726 535
0 175
0 544
1 2737 549 416 110
0 156
0 368
0 491
0 409
0 200
0 457
0 121
1 1522 4167 1984 157
0 130
1 4113 2820 306 410
0 424
0 245
1 3567 4178 2001 184
1 779 3665 3210 3
0 199
0 352
0 7
1 1106 2219 929 393
0 394
0 227
0 292
0 37
1 1553 4202 212 305
0 8
1 4049 3795 8544 2
1 2604 475 3710 483
0 395
0 120
1 2435 2265 1896 134
0 18
0 34
0 502
0 301
0 29
0 470
0 202
1 3369 197 3045 49
0 458
1 2940 4024 240 183
1 4304 1010 6667 217
1 153 404 6832 547
0 68
0 161
0 506
0 425
1 1242 2724 4262 509
1 2643 520 2205 380
0 413
0 139
0 428
1 4359 1506 9768 418
0 98
0 11
1 3315 4136 1546 358
1 3911 223 4973 524
1 1734 3078 7883 62
1 1935 610 7512 446
0 205
0 291
1 1462 924 9170 454
0 127
1 83 816 8732 504
0 219
1 3370 4311 6743 309
0 26
1 1677 3300 6109 56
0 355
1 4273 852 1336 378
0 500
1 3658 929 8713 207
0 89
0 322
0 339
0 111
1 3053 4396 6757 144
0 320
0 172
0 108
0 274
0 514
1 3425 2707 3608 33
1 2721 1852 3087 101
1 1688 1926 9803 531
1 160 988 6620 38
0 107
1 2831 2408 3985 346
1 1695 1009 6762 340
1 3945 1781 2565 226
0 160
1 3019 916 2284 239
1 3953 2809 7057 436
0 20
0 289
0 145
1 3504 3191 8266 1
1 3557 1598 1933 382
1 991 3545 5725 228
1 185 1894 1115 459
1 1543 3573 391 530
0 481
1 173 3640 8363 47
0 321
0 532
0 165
0 213
0 329
0 140
0 527
0 508
1 213 3520 2316 430
0 258
0 112
0 119
0 348
0 105
0 197
0 260
0 290
0 259
1 2541 4174 1438 244
1 1599 1416 715 171
0 31
0 48
0 429
0 433
1 147 3248 7814 241
0 186
1 1417 4254 9113 488
0 412
0 448
1 777 4247 4790 251
0 537
1 3301 3020 3318 84
1 3037 2989 2814 435
0 187
0 170
0 30
0 511
1 2381 2915 59 32
0 131
0 152
0 166
0 135
1 3678 1178 553 538
0 27
1 1552 3945 5275 229
0 318
0 347
0 75
0 12
0 396
1 2098 539 2911 138
0 24
0 460
0 90
1 462 3763 8250 341
1 496 525 5009 452
0 401
0 201
1 4384 412 8125 477
0 399
1 519 3720 7923 224
0 503
1 722 1818 3255 50
1 3539 2527 1425 299
0 4
1 2985 3844 5491 270
0 310
0 222
0 370
0 494
0 19
1 222 834 2872 146
0 91
0 404
0 280
1 1177 2357 8911 516
0 484
0 17
0 194
0 6
0 16
0 419
