6200 6200 312
2360 3499 2068
1997 739 7993
1124 1522 2081
3563 1808 6113
5172 3183 6098
3802 1686 661
4735 347 8927
3283 1895 2530
970 2124 5355
4125 2044 1140
1170 967 425
2908 3572 6780
5642 4087 2562
1887 5119 5782
1933 62 6098
2022 4169 1980
4885 5870 9476
3477 4134 8449
552 5185 6056
5734 746 5614
3143 524 1162
2906 6144 9558
4689 4047 7873
2160 3136 1626
4939 3013 1760
4013 752 2973
4803 2438 2759
738 4701 606
4628 1132 5812
6168 4334 1768
5422 2936 2527
6123 209 8908
2311 5364 1168
1367 3813 5684
3131 3620 9498
5418 2724 7420
1124 2807 6985
1162 6174 3682
2386 1788 9818
556 1331 8384
17 5857 5177
3812 5747 8883
642 1601 2083
3070 4668 4571
4051 5391 2571
6132 5996 2227
5237 5713 1419
4081 694 3407
5567 3663 6408
3612 3446 708
5021 5585 487
6195 3208 4973
1405 2364 8854
3796 3885 5399
4596 2273 8654
4341 4086 1225
1879 29 6653
6168 4372 239
3418 5216 5658
4553 1516 3290
3358 4623 6975
6041 5740 6489
4703 5587 5062
163 3462 2374
2848 2356 684
3057 3261 5624
1428 5525 6325
2662 4245 7867
4706 2419 7062
5256 38 5125
5004 3670 5380
1123 4088 3963
6042 5705 3572
163 5375 7247
2605 1385 4911
3206 535 7769
2449 2795 1138
4641 1651 5436
1370 3946 903
4056 847 8338
3308 6168 1352
741 2080 9173
4676 3814 5229
4422 3045 4532
3214 100 1589
3787 1977 1793
4167 4758 6216
3756 3702 8157
2392 4484 7555
459 44 1878
5740 5860 5071
3567 721 1112
250 859 6468
3124 851 6090
3008 5150 1615
5480 2028 4661
2431 448 9085
4459 6005 372
3632 1004 7585
2686 3536 9786
2885 5729 8288
4933 5543 9327
4006 2954 6796
292 3773 6031
4038 5127 3446
4956 6021 6423
2192 2526 4048
5852 3185 2198
5441 3583 2834
801 2980 8062
3909 2384 8635
3955 1104 3986
1586 1007 155
5454 4529 5127
3045 1586 6610
4480 2260 79
1102 209 1113
3595 3535 9104
5741 4186 405
4686 772 5183
3024 5757 3421
2862 5587 9107
1292 1088 2700
450 5262 7534
1249 3858 7727
2245 1316 7408
3575 1039 3155
82 5880 3792
1540 6170 2644
4360 2787 932
3969 2903 5114
399 4269 9522
872 2878 2320
4849 1738 3549
1430 373 9483
5398 3011 9904
2906 911 4652
1250 4537 3817
3492 2357 5400
3902 6197 4060
3185 993 409
830 4245 4499
1696 4033 2161
5424 2906 7141
1554 5124 3436
3515 2673 1435
2155 2131 810
4209 1435 8127
4919 2374 6040
3845 1591 8925
5082 6058 9889
1378 2499 9634
4583 2047 7751
2831 1560 3521
6088 5080 2213
1240 2012 5823
1975 6179 9942
5563 1952 1086
721 385 6604
2169 973 6123
5570 5749 3966
6026 658 949
2214 5539 9799
2776 854 3951
4098 5891 9717
6010 132 3770
3391 1918 9268
4465 5017 8855
3480 1652 2170
117 112 6346
5180 4051 1334
2081 5474 8368
3839 1076 2964
232 3088 6536
390 207 570
5613 184 478
3536 4801 89
4232 822 9030
3230 1045 2461
2543 2428 8161
4610 432 6084
2497 5657 1474
5532 3088 5363
5676 5534 8771
4128 2906 7213
4176 5499 1642
2789 5422 9916
2134 5079 7365
6122 4513 7334
2660 2914 8508
5521 2768 133
4322 3607 5012
1960 2782 1751
5619 5211 4660
1269 5129 4041
722 2536 2827
559 3796 6113
5991 1373 2565
5379 2092 8689
4544 2607 233
3979 1588 86
933 5602 5190
629 2815 4142
2325 3314 622
4184 3431 9039
5966 2455 3005
5729 2865 9982
3639 3009 6561
4631 2006 6380
4810 1919 382
2751 4026 5414
2746 3306 2333
1767 5506 9563
1613 1331 4773
5230 4709 1268
5316 5904 4369
6006 2251 2691
503 1426 4762
3306 2797 9044
6083 3159 7776
2115 5024 7863
539 1520 5802
83 5293 845
4750 3027 7447
4201 309 6139
4383 3604 4719
2736 4439 9577
486 679 1843
1685 2317 4122
3570 31 8385
1296 3547 557
1242 5382 346
2429 3633 4063
3212 721 427
2645 1692 1937
5018 1159 9761
1431 3745 2074
4425 4582 5733
1129 4267 6550
2539 1776 1100
4577 4533 5431
3371 2099 1446
3435 279 3678
4790 4173 9636
1899 4683 7949
4778 6097 3909
2663 5806 2649
5201 1172 2987
5530 3076 5746
2557 3175 1157
4348 3188 3254
6080 4894 4499
3902 370 3796
5319 5962 2270
2447 5782 1266
4391 3050 2517
4162 5985 4027
5372 4500 6653
1098 5793 2103
103 6059 9917
4464 2930 9037
3966 4468 7022
4739 1654 2129
3226 138 6861
1797 1220 4279
1432 3111 8360
1466 5477 5938
1343 3926 1104
45 508 8485
1606 322 7962
3529 6005 5764
3481 5826 5128
4087 6064 4537
1196 1590 4634
3964 5184 4360
3057 5898 4064
4112 5922 1179
3923 2878 776
2547 1816 4186
6097 512 126
3111 3710 9334
456 3026 6429
2987 860 7968
1189 1771 6883
5445 2881 2047
1314 1790 4322
1893 5527 354
370 4769 4528
319 4948 8520
4983 2011 4039
4121 5461 910
907 5683 4373
6172 4611 8207
206 2300 5871
2110 3744 9142
297 3221 4099
6183 3471 3540
4502 5901 1780
34 5745 8169
1687 4903 2621
919 3861 618
3630 1956 8116
6012 3905 5026
1498 2486 5971
1596 481 5936
2398 2280 7730
5373 1484 3576
2073 4505 2940
5396 1897 5406
3982 1786 9534
1984 1161 2911
5687 4719 6055
3538 5901 6945
2890 2390 2644
5102 3609 7598
4142 5501 4630
5335 566 982
5397 3371 8885
5759 3378 2635
3905 5893 5213
2789 3919 9747
5160 2195 6848
6081 2021 9678
190 5310 3354
5176 1325 1832
1622 520 9350
1501 557 7840
1687 3671 3326
5103 4954 8420
1615 4716 2772
5650 5697 5650
5377 3563 8543
5370 3917 4783
4267 5633 8880
4080 4598 1314
5736 4610 7506
370 5783 526
2069 4237 5122
1656 1059 5254
3493 2087 3362
5335 1505 6222
1284 4599 2588
4456 6182 6754
5100 4664 7947
2401 1436 1663
307 839 4998
1128 3301 7007
5993 5258 4590
718 3422 331
278 3352 9006
4395 447 7250
760 337 3576
4100 242 9207
4971 4134 5483
4573 5198 9762
4669 853 6840
2095 4307 9697
3038 738 2800
496 226 3182
4955 4833 5847
5663 2665 6156
2736 4604 3099
2684 3265 2845
4094 4574 3190
4622 1657 9580
117 3992 9782
3726 5999 3377
5133 3653 6478
355 4236 4834
5373 5591 8215
3207 188 5116
104 1199 2167
1967 169 5908
3879 1261 5166
3488 5096 8150
689 5167 7909
5575 2898 7101
394 6008 7997
583 1614 9052
3764 2349 8014
2762 934 7919
2849 5557 4908
1569 3196 5078
875 5011 9054
2531 4432 9613
1160 3104 4052
5543 2607 365
6197 5417 9117
786 5863 3059
1951 912 3771
1098 1375 3999
846 826 4821
3159 2039 1490
1003 5164 3284
3148 5054 5351
3988 1323 3344
3217 631 9853
1578 2039 1496
5513 3797 3441
5857 4041 8719
5093 5478 1744
2549 4662 4666
3725 1077 6475
4210 4705 5257
732 5117 8285
2577 2878 1797
4323 3925 7387
4684 1195 3093
727 2870 3312
1298 4518 7038
5190 5987 2432
5314 1815 2896
98 5007 1946
1409 4083 5149
3626 31 9411
2615 4960 6806
1584 2139 9178
4295 175 4439
5740 1828 4436
4567 2859 6840
2775 2022 2321
3897 4607 4077
1903 3730 9202
2438 318 2084
4731 5273 7091
1688 4560 9385
1036 5321 8746
4463 4188 4219
2448 5293 6301
4825 1881 9183
2618 4405 7529
4230 4214 1624
3409 3242 9010
5574 5784 8397
4713 1730 4365
5380 1612 6817
1213 4916 1114
1812 2680 1511
7 1023 5449
4256 3363 3265
3646 3026 2870
903 3582 4145
5526 2986 573
5748 1811 8319
4222 975 1028
300 1691 9681
5915 3954 5048
770 4226 3216
4100 2811 5355
880 4449 5894
4781 2486 5690
4149 725 3674
4065 4249 7418
4774 5399 3795
3368 5734 7350
992 1010 3191
2534 2837 2677
2548 538 4381
5334 1636 6213
498 3987 2674
1396 2732 2573
5916 2756 7251
2840 3487 4963
4170 2826 32
4733 948 3356
2701 5274 3046
3841 5541 9789
4264 5396 7583
4697 435 5934
5464 621 4201
2700 4321 4660
485 4073 3228
3172 2481 3697
5148 4150 4886
3280 5943 5764
2196 5672 5929
2490 3303 8630
811 6017 712
1241 2256 6103
349 3128 9928
3992 6123 1073
4035 4092 3430
2539 4753 3545
4879 3951 2389
4485 2815 826
2952 4913 9848
1389 3447 9433
3178 448 5749
2010 3160 163
910 1131 7235
1931 5638 3168
3668 3895 5683
4127 1397 4410
2815 3836 5986
3177 829 131
500 1344 98
6169 4069 9680
3638 3641 9294
3275 5948 8857
455 5057 5738
6147 4098 8093
906 4129 5627
879 74 848
3060 207 5433
3799 4780 1394
4038 531 6307
4118 5419 2058
2494 3985 5900
4608 4789 3899
4196 2299 9996
1965 5544 2926
1437 5677 8196
283 4386 5566
5846 3832 5274
196 3191 9154
3283 5992 9340
1154 433 3804
3786 2332 5873
2497 5249 3100
5284 5081 2354
2061 492 4077
1621 475 1464
3464 2742 7463
4016 2113 5923
5414 2951 1791
5260 1443 949
2699 2480 2550
3767 4664 5916
2734 2117 3274
3970 3343 4489
1696 3128 5448
1073 1229 6985
2747 4946 4656
4311 941 1819
2951 4904 1418
2050 5053 4244
3509 3134 9964
4568 5070 5455
1291 4786 1745
1538 5174 8587
547 183 8596
3029 5939 2915
2943 882 6469
5772 23 4861
3942 1885 3509
2712 582 5429
104 1248 3016
3306 2104 1945
4580 2271 3224
3113 1035 9055
3085 1785 9346
672 1734 1433
581 427 5588
5307 3567 119
1464 1108 6389
4578 5202 5176
4782 288 3791
1840 747 4972
1774 356 3025
3058 4122 6749
5106 3054 3439
438 1751 3999
4672 318 6567
3803 5909 8045
5672 5861 9993
5910 5989 7797
1467 5252 5520
1402 3680 578
741 1010 3401
5735 1920 4057
5718 4606 5777
5786 2519 4802
4562 3800 8621
477 4540 5215
2198 1350 3375
1126 6157 4275
4760 3518 7128
1493 878 314
370 5480 3823
4747 3854 9530
2814 5958 9544
1079 803 1509
3397 1217 135
4665 4659 3219
629 587 8501
5093 4335 1454
3722 4446 7943
5936 3719 4152
1609 82 7881
1194 899 3700
997 3700 3816
1250 5592 2978
6120 2066 7073
5828 3698 7818
5700 4862 2510
388 1468 6299
1782 1967 5914
4418 3922 2934
2441 1929 4897
2735 4638 5076
2792 512 9754
440 4318 6599
3491 4769 4474
3150 1570 2913
4245 997 7058
544 5443 1319
2438 5763 3838
2170 618 7929
27 4556 6900
5909 6114 9040
2807 763 4140
4795 4068 5328
1526 2047 8259
824 521 5093
2489 3179 3800
4075 5571 1873
2426 865 3236
3880 3452 1767
2389 2749 7925
6016 2369 6382
3262 1063 3145
2333 3196 6049
4086 5801 6673
509 4879 1329
3129 2563 8298
2460 1948 6090
4928 2813 2383
3461 4318 2611
1276 4617 6652
622 5473 7390
3709 98 6816
2275 4939 1878
2732 5908 9307
4118 6066 1143
3757 1075 3047
3187 1822 2979
2451 6180 5140
3365 1366 9503
1647 4951 6437
1226 1754 4375
608 5951 7615
1458 4737 2630
2153 254 3445
276 3339 9522
525 1562 9021
3894 1935 6604
3550 1572 8014
2273 3932 5376
3053 3142 3612
3349 1105 5226
594 1444 1829
1025 6023 5341
3025 802 2426
6043 6078 8194
4110 5965 8330
184 5449 4615
5431 1518 4189
4667 5494 8403
1012 2128 2391
1364 6174 1522
4220 4927 3423
1753 4938 7748
5063 2504 1851
2520 4743 1523
607 3120 5762
3110 5844 7233
6134 685 8551
3554 2961 1993
5745 4217 9771
1811 5481 129
3214 5543 4281
3765 5770 9835
2423 2146 7474
3588 6034 7853
2381 2620 6043
1895 4682 1603
2260 3039 9804
2880 1411 880
4219 4884 5717
3287 1468 4477
95 3860 2385
5882 5093 2907
5225 1422 6531
4031 2078 9893
3365 5224 8508
5012 4097 7345
899 4621 7160
699 1312 8869
5667 2922 8396
6025 627 6345
4451 4527 8672
192 2552 7313
5174 5813 760
6068 943 4911
5110 5025 5838
4226 827 6128
2662 5472 8581
561 2102 571
5093 5567 7518
2676 4450 9194
1543 2717 7631
2119 3583 1722
1041 3244 2031
220 4260 9176
407 5641 2581
4444 1578 7536
4134 2406 1047
5054 3266 5738
1580 2033 3905
3966 368 7532
511 1369 6347
4545 2929 6498
3313 4309 6107
3478 2132 1690
5728 5496 3583
1635 2386 6666
534 1300 629
5418 5337 5605
5559 5888 7792
6120 4404 8560
4990 3008 8028
420 4178 1420
4519 6123 186
457 1129 9145
6094 1791 3147
4840 2511 9088
767 4700 5452
5285 2371 8536
3931 835 9743
1051 2781 6852
754 2964 2759
1529 4937 2018
4656 4954 2771
2843 3257 7096
3783 436 570
3873 2869 9918
5272 2695 8223
1381 5425 9387
175 868 2101
3595 2042 2276
2610 2255 7688
2654 1805 7625
2563 1032 2783
4120 3780 4930
4728 1949 5283
1370 5975 9789
1442 4249 2937
3517 5534 5062
336 2624 4686
9 5893 6591
2548 5467 6958
5196 4431 1486
4909 4414 6972
5841 1930 1429
4159 1418 2288
2383 2294 2555
5952 6102 1096
2878 1967 1427
5454 4691 1807
2211 904 314
3316 4099 7619
390 160 6884
2504 2079 1006
3087 3076 2899
4560 838 6407
2999 4115 8173
4519 2151 5119
940 335 223
1305 1580 5834
1341 4588 1626
1611 1565 1326
4266 2995 5399
4672 3180 3368
2609 3290 7955
2505 55 6216
1090 6008 256
619 5646 1673
5213 5526 7509
381 1078 234
1325 5582 9325
825 905 420
5179 4649 1730
6176 4240 9507
4249 2650 4979
5417 4478 7520
3518 1238 1593
2108 83 2433
1918 4634 4374
5046 3175 1567
1735 3102 7330
2026 5756 1717
2682 4657 1688
4703 4682 9732
96 134 7804
3307 3730 892
3568 1 7430
949 2352 2421
3909 4740 5571
860 2583 9044
5028 980 5078
3649 4790 8542
1678 3506 9982
2542 1249 2927
1996 1190 2616
2030 1188 1189
4242 2988 8974
4880 4497 9696
3585 5836 8457
1939 3950 968
1197 774 3688
3543 1515 136
241 819 814
348 194 8940
2043 5654 7222
3244 188 8446
4319 5534 1365
5493 3080 4283
2634 2423 6060
2411 3832 1359
5731 5695 6536
5917 5911 6062
2821 5802 2277
1313 2649 2703
3174 3283 6302
456 1014 7079
3495 6111 5235
3899 5082 9898
1004 4617 6660
5089 4815 7911
3191 293 6223
982 5901 9105
2162 1181 4412
1374 1281 4957
2329 4348 2747
3488 3176 9204
4960 5173 3538
5459 348 8384
2637 120 6605
2280 4831 6409
3495 26 8463
1139 1222 6489
1738 4192 7322
5070 2567 907
5434 5777 627
5729 5082 8898
5422 4413 9985
322 752 8402
65 556 8921
383 1750 1110
3447 3718 4755
243 474 9320
4523 2945 2826
1640 1431 9689
3939 4896 2565
3663 2277 3720
5290 5735 6080
3455 2555 8932
3652 1689 3779
4495 3644 8387
4979 2647 6793
449 5134 3129
3381 6056 5311
2560 4692 7751
4668 73 8517
2179 439 7701
5662 4199 461
2516 244 9076
5860 4379 7759
5671 4275 6185
285 2146 7140
3890 4455 9008
6004 2810 6332
3143 931 8509
5279 87 4401
1223 3902 4190
2344 1954 3504
795 5705 6538
5796 2634 5374
859 811 4638
3750 1102 8926
968 4487 6410
4549 5447 5187
4627 4654 3480
3694 686 1047
2708 3913 3539
5892 4904 8914
3378 1465 3327
2933 5297 4324
3879 2261 9992
723 2540 7657
1198 4708 3124
4606 367 4500
1190 3641 9408
6101 3641 1539
2513 4992 1896
2625 4898 1010
6137 3235 1218
439 3296 627
1790 5723 2808
3734 1866 6653
1312 2117 1065
5950 1722 4619
5262 2862 4447
433 532 331
3442 6013 9271
4361 5095 2117
2811 2432 4717
4653 19 4178
5889 2567 1470
4004 883 9262
5777 3767 5041
5708 3384 5256
364 4634 3654
5441 3391 2982
4326 2189 9227
5396 5463 8382
3598 3811 2451
6021 1929 1116
4304 4142 8884
4776 1540 3758
1061 1008 7675
5931 6009 9259
4974 3627 5464
3556 913 8502
149 3979 1247
5925 5155 9758
1445 1488 442
172 2835 6459
5723 3191 1172
2705 1215 5800
360 4023 3942
5708 526 4782
6192 5080 203
1624 3635 9934
400 5888 9138
3486 98 7827
4698 790 2820
4199 409 5527
442 1360 170
1104 3670 6870
1203 3065 438
109 1811 3199
4072 1224 5202
399 732 8071
3034 6113 7582
3007 2580 4713
5399 5360 7125
2817 3748 9197
2280 2620 3073
5431 2313 8685
5578 541 1346
3143 4275 5617
5462 1939 6737
4253 5242 4742
4678 2537 7496
3342 5046 4767
2365 4117 2149
598 885 616
5495 5542 8621
105 22 8314
4916 5761 3658
373 1346 925
3061 5484 9928
1132 4020 9335
740 2388 2275
80 2909 4454
5321 5517 401
4166 1927 8291
2168 4151 6367
4649 3679 9272
5211 1201 7055
210 3396 1071
3822 464 2533
2175 2395 7486
2173 5996 9449
24 893 9194
635 3267 8984
3931 1519 8445
4575 4054 6244
366 27 339
4031 5698 3169
6195 1092 306
33 4944 803
2833 2214 3301
4687 5953 7445
1680 5933 4439
3327 2473 197
1613 3653 3866
4478 147 1612
4896 4641 7360
2773 321 6489
4419 135 9939
5432 5335 6309
4852 1694 3033
1596 700 1799
212 1176 3849
4048 1083 2965
2994 2774 9623
5124 2978 9283
535 2457 9924
5798 5448 3918
3157 1904 8846
3940 2467 7341
1303 248 9268
6149 4824 9893
3426 1184 3903
1043 2218 5185
230 1122 8430
473 581 1920
1338 749 2593
4641 898 5208
535 3848 2380
5220 1531 3838
1436 2555 7100
1625 6028 3467
2469 4069 2671
534 2884 3994
1648 5489 8354
3769 2418 7931
3789 3099 5092
3059 4523 8518
148 5345 3599
4735 3179 7003
5295 3824 4125
5288 4639 4162
2512 2297 3570
757 418 3968
2919 5711 4039
3194 2539 9728
1167 3074 8452
3298 5497 371
490 5185 2595
3780 187 9165
4064 5640 4905
2107 5142 6147
4928 1944 4453
2420 4344 3525
4670 291 6488
5201 1549 779
2038 1751 3480
2936 1518 9677
5224 4876 5868
3968 2065 2789
1441 2205 244
1769 5412 6840
1591 217 8909
3849 909 4256
805 3938 9939
4156 3186 8883
3180 5942 3053
3700 4395 3326
1211 224 2610
2590 3551 9392
4577 5419 688
4925 4719 2557
4476 6017 1498
2494 2994 442
3145 2243 7760
3490 987 1689
2999 1192 2348
6028 4385 1240
1432 4768 3253
2149 404 1392
6025 4928 5636
4029 973 7927
190 2837 3657
4622 1141 7950
5469 5532 6001
504 1151 4008
5839 372 7377
4374 131 1714
500 3183 483
4442 3152 8781
3967 347 1467
5047 1189 6835
3443 4914 4204
2747 5006 9060
5777 2277 8908
4668 5564 4163
986 5817 4858
1176 3337 1560
5303 1881 2011
5728 4850 809
2805 3267 5338
1184 3378 2668
3094 3959 4017
335 4693 3585
7 5368 4143
197 4317 1777
5404 1720 7723
1337 1419 6331
1653 1397 4259
3646 3958 3229
6086 5804 8650
4594 5178 1330
1895 3018 423
4447 6004 164
4586 3112 7819
3320 2947 6697
5180 1210 671
5509 4871 8126
4078 5968 8178
1723 6097 8482
4060 5352 3689
697 2170 7579
2791 6074 5535
5368 71 4582
6171 721 7894
4773 3525 7454
3618 5729 3518
5145 1322 7455
2433 5295 401
5061 541 6286
4836 1809 5010
2715 3208 4282
2204 710 112
607 2551 9324
5280 6054 460
2429 436 4155
3385 2222 7810
3328 626 7526
1955 1772 1830
3292 487 7976
3126 1990 2679
3894 4207 4208
2999 4736 635
951 2232 2228
1513 5975 4858
3842 3997 4198
2058 2265 3743
245 1046 2632
1806 5674 3626
5125 822 5943
552 7 6180
1357 4914 701
3023 4208 3498
1980 2493 4741
1440 3044 1935
2039 480 6585
477 864 4746
1194 2362 7521
1874 5809 9847
50 2613 2744
2981 1378 6409
2410 1243 7392
2818 2915 4766
1559 5543 4179
4991 1759 9833
3373 4958 9586
5327 112 8299
4806 364 6682
5777 322 2718
4598 932 2374
859 4051 37
2746 4920 1224
1832 4933 3973
1950 3729 8835
1837 2721 4101
3354 4467 4902
3291 3033 566
5611 3031 6110
3832 3391 2110
3485 2919 5432
5048 5237 4983
3178 373 1846
1442 577 6878
4778 515 1792
1672 932 4194
339 5194 3768
2920 5415 67
4836 4248 8499
2201 1254 3775
2560 4403 4692
2782 5357 574
1734 5399 8544
5648 2204 5762
5763 6089 8668
1345 3420 4333
1942 3800 7116
3238 3561 1943
3636 3781 6032
3342 2298 4520
6012 3315 9918
4650 1537 8825
5429 3240 145
1021 38 3442
3740 1971 1352
1232 532 9236
1628 2061 1544
2050 6001 5065
2223 3559 6109
1898 3851 2227
293 4137 5165
101 70 3387
6124 5491 919
2342 3343 7304
3290 5504 4740
2063 3255 8611
1478 2656 440
546 5954 6832
2452 1327 7919
780 626 3675
2212 3298 1572
2766 633 9219
696 301 8408
3566 2188 6437
6082 3926 7579
809 695 5479
642 600 7954
1944 1267 793
613 3691 6757
105 1354 1489
1036 1312 8321
3804 2016 4156
1214 819 1979
1794 4904 1400
5938 3098 5630
3394 2534 5277
4937 3502 7177
3128 4965 6546
2772 5924 1315
3522 732 7442
5340 5760 5531
3642 4579 8128
4607 1781 6964
1711 3345 741
4381 4138 3645
3691 3345 3140
5905 4558 2348
220 4741 5778
203 4258 8225
5735 360 4211
2628 5398 3860
2380 1274 691
4054 2050 8737
1008 1314 7854
4333 5979 1393
690 636 4115
4975 4381 984
1184 2382 379
25 4637 5674
711 5854 1104
4935 3308 5699
3909 134 8615
1578 482 1094
3563 4972 6531
329 797 4439
2419 5830 7588
646 3006 8194
4402 4464 1662
2510 999 579
1002 1927 6004
5639 141 422
3351 2272 1892
4517 5370 1243
5673 1559 3107
4645 3198 9878
755 2356 8306
892 2120 25
5734 4327 3360
2100 3830 1390
489 4703 2428
4158 2418 3774
2585 4318 8360
3790 18 7326
452 969 1205
5204 2335 1833
4597 387 3502
1886 1919 1582
1414 4311 5853
3267 307 5932
5611 3002 286
5101 1564 1372
3891 4939 4931
3411 5286 2770
2679 734 7048
5142 5525 8863
6075 568 9883
5988 3922 5464
5285 4588 4448
315 5437 470
125 1126 634
3297 4691 4601
4147 722 3930
387 4774 3019
1403 2755 4186
3135 3225 3125
5327 1837 9349
1470 4024 1418
1273 931 5058
4127 4347 4999
5827 5337 3220
3766 5783 7627
1908 2092 1043
3876 5671 4833
5928 922 5716
35 5668 1666
4498 3395 1098
329 3321 2347
3188 2911 6397
5763 3368 4225
5252 1794 2757
456 3455 7308
822 5290 9867
5786 3592 1725
3910 1727 5818
433 977 4164
5736 1264 9588
5587 5581 9851
532 1469 1411
347 2655 5239
2958 345 3873
209 3320 4316
1369 2658 3954
359 1788 6714
5584 3764 6594
4301 1038 6401
577 662 4575
5427 3162 1391
3227 462 3624
4714 3882 8660
1273 5602 6756
6042 2016 238
2024 1142 7831
3274 423 4165
4377 4481 7810
2942 1683 4460
3914 2888 5664
2659 2790 204
4498 4009 9081
5756 2018 3144
1336 3603 8800
5940 3709 6376
1596 3299 7623
3761 1652 260
325 5908 7800
5071 2121 367
1731 5361 491
399 4948 7810
2484 5160 5537
5176 3179 8921
2265 2039 9247
25 1300 5365
1507 4355 1806
968 5053 1838
2637 1336 2372
5024 4926 4453
4880 3655 6892
1884 5084 4858
2081 4403 8243
2930 3331 1017
2420 2113 4096
4390 5179 982
3405 4258 1894
3690 3965 9387
5588 6045 7700
4999 3126 5855
5265 6074 3256
3930 2730 5206
2079 3747 2186
5333 624 905
4909 1117 270
1841 3284 7930
2677 6144 5306
3384 4782 6175
1564 3740 8280
2841 4186 4835
3743 551 5139
196 2548 7446
3945 1005 3391
1731 3219 4257
2745 496 8854
3182 4639 1662
2784 1751 1223
5024 2856 8580
6069 4322 6326
3601 5490 6868
3128 4971 1739
6102 4263 5753
5701 4240 2167
3138 3781 2582
3060 5463 9424
4012 779 9816
4253 5917 308
4234 372 5155
6128 1139 4132
4431 5058 564
3081 2497 9598
4440 4656 9041
122 5542 3140
2105 4880 5622
87 5154 7115
813 4605 7094
4285 2524 713
4963 43 605
5333 6151 3084
5029 2148 6984
1993 466 844
731 615 4220
317 155 1843
5003 2334 874
2788 3925 7337
328 1884 6708
3179 1563 8708
203 4438 9833
173 3996 9075
3975 5210 6977
3248 498 5990
1912 6138 1194
1558 1593 625
5537 5560 5677
4303 267 1629
4293 3525 3347
3298 3465 6272
3529 5836 5744
6159 4111 2541
324 3777 2721
4945 1370 2546
5165 4183 693
4899 425 7772
1 5875 8354
1377 1098 2143
1925 3896 1063
3467 3151 3176
3148 51 8697
5555 5722 5894
4008 5022 8773
4551 6112 1973
64 4127 9327
40 915 152
1677 159 4769
2349 1172 137
2593 2032 8149
177 3173 330
270 144 2659
2008 5817 4871
3080 3449 1156
6068 2942 5045
3124 669 450
2045 1065 3829
949 66 7760
940 5562 8270
5903 3368 3207
297 5872 8041
299 4498 5465
1704 3601 5954
1512 5236 9517
4759 3164 8901
2273 4213 6935
1127 5235 6442
1269 3720 895
4807 2987 5774
4659 2723 6905
4588 1362 3530
3285 3595 8829
458 6014 6372
2329 1863 8708
1610 5615 2877
4019 2939 2640
5308 82 9291
1383 21 4268
5243 333 8826
2022 4313 4631
3634 5389 9095
15 1562 4091
4796 1397 1140
419 4611 2098
3401 4951 6840
1620 1830 2266
5326 749 7630
1412 175 8804
2457 2567 884
103 2630 8613
2158 5765 5150
5015 2698 5566
4754 5337 381
1130 2257 7794
3674 5482 9463
3992 597 4147
610 3416 469
721 1048 4134
2638 2478 3304
1112 4593 554
3872 2682 9710
2436 2294 304
4454 4859 6103
4973 966 1810
3311 4177 1119
3869 1436 2357
130 2767 9577
6160 2968 77
2027 2313 2033
5386 5522 5741
4000 391 8916
3925 2358 9876
4123 1252 2404
3575 3050 8407
5329 3432 5401
3610 132 6191
4708 4439 8203
292 1853 7381
4232 2941 7600
5447 1602 4093
5348 1439 7028
5071 84 8585
2330 1503 7391
5468 4081 8718
4011 1301 1580
1183 3180 7037
809 750 5019
612 2415 5278
668 1787 2712
1409 4096 4774
5093 4228 8932
2717 1576 5849
2093 1982 3542
739 1726 2441
3161 5973 9901
511 1566 371
1446 1765 791
4863 3427 969
4768 4530 4989
1458 6083 2133
4768 4690 8126
5677 1777 7568
2862 224 5065
5775 5857 4683
2479 2330 9254
3046 4428 1425
1045 4200 27
5500 1322 3716
4230 1633 9632
5947 5170 4337
2553 5896 4899
3535 1271 4722
5594 817 6967
5476 5645 2479
853 2952 1369
2625 2086 9029
671 2451 7120
2918 4729 4045
969 604 1683
2476 3648 2431
4635 91 1032
5455 5661 8620
1404 6154 9835
5251 5371 9030
4787 4842 7796
3220 5309 1781
2292 4119 3290
1437 1336 2143
1607 107 7083
5284 1513 7917
4935 3477 5896
5374 2303 6329
4507 2109 379
3726 4724 9358
1715 3970 2666
1046 1937 3169
1890 1017 8301
1087 467 1207
1180 4950 4735
1538 5516 8964
1937 5835 6547
3831 1499 9768
260 2830 4025
1843 5277 2702
6095 1083 3017
1509 4859 650
5322 5684 7831
5866 4913 3828
2030 380 6405
694 4289 5120
5692 6087 4043
2648 1234 7471
5433 723 5575
1064 5167 6170
5482 6095 2223
6019 2485 7082
6193 416 8447
757 6104 9855
5205 5881 2887
4996 6135 9129
6057 2999 9234
5912 6192 195
1597 1566 902
4093 2264 5894
3967 263 4721
1406 4210 5727
1842 785 8935
180 1314 5223
3383 5858 9145
2695 381 3892
5671 852 428
376 114 3254
6073 5107 4742
2089 133 8633
1180 99 5271
4940 4238 7114
4741 4887 4348
6038 3087 3951
2673 1792 8627
4065 5855 1905
2937 3063 7262
5506 3352 7136
1393 297 748
3082 4758 7905
569 868 7717
2681 1786 6875
950 2273 519
4563 910 387
802 5743 4066
1315 4661 6966
2173 2669 9752
4469 3849 4781
2494 219 9314
1894 4580 322
1591 4115 9311
3495 4369 7420
427 2696 2747
5770 3439 9841
12 4703 8189
5368 6054 3684
3930 5276 2896
5454 4060 1140
3359 4828 2285
2582 4465 3307
3843 548 766
3278 1116 4180
4927 2254 4684
3258 2964 1938
2788 3959 9071
743 2897 7571
6075 1136 9519
2354 1214 2375
2972 5928 8109
4709 939 904
10 4678 5714
5287 4084 4250
6110 4332 5500
323 3849 1181
3878 2167 1840
2000 4634 5924
4475 3853 8561
3167 206 1961
3746 2509 2283
5309 2071 5801
769 3089 2522
3583 5998 9161
2122 3332 1273
736 3986 4400
2556 3552 132
4425 3727 8695
1855 5966 1826
4969 4059 1494
2145 295 5266
757 1909 9596
4040 776 9557
4117 2287 3900
3004 4944 7362
1385 3631 7873
4102 3824 9126
818 1386 1797
3727 4180 5745
5600 2945 7018
1902 2710 1429
5303 1505 7088
1422 3723 3042
3571 358 6616
1043 5271 6273
2969 1131 620
3391 3519 2868
1051 2579 5063
4006 971 597
1480 508 7448
2082 5051 6533
2689 2990 7651
221 4411 6558
1287 2201 5439
3299 3801 1303
5971 2508 2202
2878 5943 6675
2771 3376 868
5853 1383 7136
2154 1708 5822
780 184 2592
3998 2027 6005
3493 4890 2755
4606 493 7067
3102 3084 4090
1371 2659 6299
3577 3485 2329
462 5475 2383
3722 5527 7464
5432 4098 1996
3291 6034 8121
5301 4456 913
3714 3679 703
21 4116 913
3306 3490 8032
3686 1676 815
486 403 4194
2203 5627 9406
61 4540 1175
467 4938 5311
6052 501 8908
2977 780 9460
4574 3509 4755
2704 2336 7974
1008 4766 5604
2226 2887 7916
2419 1758 5266
245 3152 7958
4954 1571 4921
4419 1214 5371
3255 1919 3198
3994 3093 8544
966 5565 1652
5933 675 7275
1171 1634 7508
3242 2124 8508
6034 2346 8826
1522 4212 2570
5801 5233 6300
14 1398 4099
3255 5409 9808
682 4249 4626
4766 5428 5336
1543 2116 4104
4170 2609 9404
357 3485 7621
1297 546 2425
1880 171 8405
5158 5017 6112
1882 2189 3795
1222 4422 6226
390 32 4080
5000 4598 2867
4973 6100 2973
2805 3241 9676
129 90 255
1049 130 7830
1874 3735 7303
4768 4041 3772
4620 3298 33
3925 1064 4647
4284 1905 3647
3227 5820 6978
2021 2701 1519
5761 1240 2000
5006 537 1339
3253 5214 3644
4475 3793 9340
4158 2672 5959
2634 4162 8803
615 4784 6159
4908 5857 9027
788 3489 9247
5381 4475 3522
2753 1254 9896
3086 6156 6869
4606 3900 5342
883 5079 3860
5772 5135 3725
5467 1069 1523
3468 3266 6253
2298 64 9318
654 678 7937
4512 3823 483
4700 1125 3611
2765 6101 9624
925 2160 2561
683 5707 4954
1916 4758 8515
5197 2054 4601
3220 565 4971
4473 1106 2711
263 2254 8659
3780 3466 1132
3760 73 1497
369 4325 3751
2153 4870 2885
1244 2441 6880
4242 169 2728
4842 287 1636
6144 4116 172
3131 3374 1980
2554 2819 3066
4159 5110 8431
4292 4548 197
3395 4497 9786
5282 4426 4008
1843 380 2449
1070 570 613
4566 4868 7114
2621 276 4759
2017 957 1645
6173 283 9979
1113 2250 3289
1511 2130 8698
434 350 3249
3898 1217 8521
1098 294 4715
4927 2444 6427
3691 4095 4551
4923 3685 1989
2936 543 4656
2941 5516 8953
829 2506 5915
1743 4031 2495
4466 5425 2720
3652 5433 4385
1914 3369 900
3060 4776 6978
88 3515 1577
3157 3709 1121
3641 4199 6701
5570 846 1907
6131 666 5349
5623 4689 3602
3981 1028 6994
4807 2079 9915
2118 3924 1182
3235 2806 5849
5070 3442 8288
3402 3012 4405
5502 2058 6819
4460 4796 3136
2547 4530 3645
2989 1809 4008
2540 4535 2561
5543 369 1097
585 5378 6721
785 3330 6010
3926 5427 6514
4287 237 8580
4708 1315 6472
4323 2153 2906
5718 5167 1777
5318 1444 471
4993 4179 8262
1768 886 1860
5018 859 9808
449 4597 5756
4779 4417 5414
472 1170 3328
2948 1085 5852
827 1254 1348
3732 1783 5223
631 5533 7750
4461 3603 146
2424 3340 3209
134 1493 990
1226 2476 6635
3506 1660 2727
3294 4277 4655
1808 2775 2930
2005 496 9998
5369 831 755
4385 5666 3569
2798 143 590
2221 1080 9788
1968 430 1505
2064 4331 1628
4107 3598 3625
5811 1722 3235
327 3684 462
2922 5730 3825
5377 1266 1004
170 4742 9043
4704 839 2455
5088 2822 9532
2005 3895 5342
5366 247 2949
4292 5320 8634
5673 4420 2315
4014 848 3826
2371 1341 6618
1891 560 4859
3374 4466 295
2747 3861 5977
275 3105 48
5094 4544 8382
5878 3653 2768
5919 5059 513
5613 815 3513
3286 1947 2635
2991 104 5891
5363 5368 1037
4406 5829 5250
1145 1476 4029
703 3654 142
2813 2510 5442
778 2126 8160
5841 1644 7994
2593 5903 9421
2433 5554 2050
1469 4539 2050
3348 1111 5251
900 4130 6303
2514 554 8304
1464 2345 5199
1192 5212 7801
1892 98 5441
353 2967 7759
1410 6118 2407
619 4368 5847
2967 5891 5220
2941 4377 2526
837 3054 3853
3854 1596 2532
896 144 4752
1707 781 3698
1879 2234 2275
5893 1858 1082
1561 2897 79
3874 5798 8235
2984 727 5669
1668 4541 9104
377 645 2155
723 4418 8383
4335 3794 2708
3483 2984 405
740 749 1291
1012 5972 3193
3434 273 2198
5565 4155 3731
5530 4495 6577
4145 1545 7679
3919 3309 1282
6151 2134 3177
4683 2322 3754
2405 2147 9124
6198 1039 6883
2966 81 1098
5069 4394 5330
906 679 9896
1485 699 4198
2089 3556 9913
154 4885 3164
3689 6115 6754
351 2931 3350
1721 4702 4482
3251 174 2495
4234 793 3573
2527 6181 9708
5566 5299 8840
251 4512 4741
1383 4738 7094
1349 2804 336
1810 623 244
505 3686 9964
5782 43 980
5790 4697 2592
1079 1575 5808
1989 2043 1586
3303 2914 6515
5059 4359 8715
2583 4802 4671
3932 3884 3610
4618 5255 8627
56 4957 2854
5482 5117 8890
1370 2467 8054
5610 1777 1140
211 5583 7963
2074 5285 6950
3574 3364 8445
6001 6007 4998
1391 2742 4666
4898 433 4079
4381 2658 175
615 869 25
3646 638 1595
6028 2609 531
685 4092 1066
4725 2773 7174
6124 1492 215
2407 5899 9611
1431 4382 9823
411 4500 4525
5242 5108 8484
3858 3999 9130
485 3690 5540
1807 4671 7289
4100 5204 560
2329 5832 7189
2614 283 9653
5409 3760 9347
5159 2345 5085
1857 5999 3900
2228 2453 6947
452 1922 4293
293 685 3045
2791 2426 3359
5575 5398 1848
4492 2515 5150
2976 4464 7900
1870 3714 9239
487 101 727
2 5159 5829
5143 4526 7449
2908 5485 9240
324 5367 7157
4620 2682 4016
1055 5589 3159
2874 4201 1585
11 4968 3485
4272 3050 5750
4546 124 9554
2033 2476 1151
661 3434 1238
2262 1479 8252
568 5083 4982
4812 5546 8644
3580 5238 6096
2207 5734 9639
476 1796 3424
1395 1435 594
1313 5553 4926
5775 91 741
2026 1313 5241
1764 164 6178
2010 5411 8298
4634 4209 288
3091 1458 6560
3726 251 7483
571 598 5365
68 5254 1473
1610 2995 3423
1667 5888 4633
2994 897 960
3164 1705 5714
3204 2922 7553
732 456 3876
4096 3637 3786
5575 5633 3802
1218 941 6270
5150 3719 8927
5310 737 485
4369 5151 4591
4041 4631 1930
2474 1655 5376
5736 4618 9091
2093 4680 1291
5097 5736 2615
1125 2198 4402
5570 127 9959
1169 3106 3890
5404 1066 353
845 3396 5746
3385 5296 7140
1579 4898 6639
2717 4366 3681
1440 5251 6014
1172 3160 445
4782 4290 9913
962 3191 1255
458 4962 3881
4135 2805 6518
2126 5242 9011
1505 2401 292
2434 3519 5311
287 2874 3614
1729 1217 7920
524 1606 6909
3403 4117 6134
1003 4551 6851
4961 4839 9970
6051 2455 4148
3738 5389 6724
2698 5756 2394
2000 4648 1240
308 2350 194
4970 2448 6639
29 1108 7413
1464 234 4516
1439 2422 1864
1920 5496 1357
2028 137 3579
6010 1358 7051
2741 5402 5614
3596 2981 4135
2177 2536 4963
1673 1929 1962
1055 2433 5879
5916 4083 550
2163 5079 7215
1318 4179 299
5577 2608 4883
4839 5922 3628
5920 3385 2229
2474 5293 6301
3141 3330 6275
3924 5924 2426
1843 1666 1141
4946 1580 5565
4789 2871 7972
5722 3441 641
4309 300 9906
3410 2842 2037
2677 4671 6117
1514 1301 3193
5778 318 1400
649 2914 1642
2200 3842 4431
497 3937 5876
2402 1453 2736
2346 1317 7328
5519 2822 6111
3483 5284 9359
1522 4494 789
5556 2367 1261
6095 2308 4599
337 1937 4562
1462 4363 2102
67 2103 8569
5470 1997 2186
1611 4453 6914
5698 4111 6655
297 3586 9232
4507 303 4866
5363 2649 3158
5798 4861 1795
6072 532 8322
482 38 6914
3367 1931 5868
5602 989 8784
171 4772 4375
774 4668 8500
3231 4267 3937
4855 3910 7715
776 422 7125
2636 4843 6213
5060 4341 7151
1999 5458 2253
275 3462 9347
4074 618 8506
6001 2871 8473
3618 1797 4371
5275 3416 4370
5533 2512 4098
1465 588 5173
2870 5525 4806
1220 168 7812
3602 2517 1195
3411 3472 3652
2964 1196 7772
4651 677 498
5863 2346 4157
704 2516 3195
5912 4108 2562
6 2906 399
2186 3381 8711
1151 1591 4089
304 3063 6708
5974 505 9600
4653 2627 4637
6033 3686 9002
1947 145 198
22 2616 1982
3986 5873 2950
5609 5061 8575
2162 4501 2854
494 27 1383
3044 1227 151
4783 684 4285
438 2659 5802
4527 3752 2635
5939 1785 3496
2437 1361 3337
2159 1455 9765
703 3593 220
636 1683 9084
6179 4307 4947
2303 1756 544
422 3908 6282
3136 5481 1920
2167 2953 7865
4094 3059 6999
3350 2158 3219
6196 2662 6125
1482 5234 5363
5630 1078 8990
5761 3556 2268
3731 1842 2032
2136 4630 216
5554 3923 6242
1513 350 239
5882 597 6217
1070 5443 577
5617 4294 3754
3030 4794 298
5903 998 9238
2522 4641 6794
6079 4998 5266
580 2751 1699
2239 1084 8068
93 3649 6893
2642 2935 7143
946 1086 8624
2250 3376 2207
5397 5280 5950
4641 2226 9472
2323 3331 5980
3528 3700 4538
2874 4006 7778
4270 293 9176
6102 1702 7617
655 303 8568
1714 2846 6471
285 4720 5979
2030 4473 9087
2244 3480 658
3263 1715 3057
4650 2698 2264
4774 463 7830
3463 3957 5164
4155 3308 1237
33 1457 3491
2812 496 507
1072 3805 7
221 5652 1984
4552 2956 2267
4633 9 5154
5674 5843 3307
1548 2168 7146
3281 3447 6629
2480 5967 1048
3153 3854 6608
4095 2782 9422
1105 584 4654
3847 2500 5097
2051 2029 49
30 4251 9737
4797 1599 5932
2028 1750 7716
3595 5774 1519
3626 6023 9985
5713 1335 7846
2701 5716 1488
3148 1476 2061
2779 2565 2285
4769 2491 7766
5340 6013 2419
1323 4965 4241
6074 3141 2010
1834 4860 6899
1905 3885 273
4503 4700 6218
149 4732 3975
4635 1995 9772
1447 167 7060
493 519 4651
857 5337 3830
4589 941 5929
5007 5794 1393
6050 2856 9209
3590 5311 8292
3371 2618 7602
5574 1716 9924
3596 1442 5153
391 3749 9156
1057 1185 1879
5880 165 6815
4621 1820 3049
1486 2922 1936
1303 5800 8715
3287 4795 2414
5781 912 3533
5875 5170 8658
2111 2522 32
5100 4409 3480
270 3100 404
1093 1115 1025
2469 1879 1313
1290 3725 3275
6115 3329 7658
5996 5101 4403
4877 1960 2098
3013 3047 2432
4441 1730 4835
6024 707 7509
5403 4203 6037
5154 3438 4406
5546 5498 3327
2815 344 3447
3191 3789 553
4340 5691 5881
1808 4859 7847
3942 968 8598
5684 6172 4297
6100 3601 3019
3495 1983 5802
3387 3520 5488
5279 1348 6060
1211 2234 727
4031 3546 9374
735 2568 5341
2611 5876 7121
1333 877 7999
5063 3026 8849
3254 170 8660
3707 3579 8609
2786 1151 3749
2819 557 4563
215 1036 9434
3780 922 2088
20 5471 2189
5829 3637 4705
3305 3448 5808
4960 3242 3823
5910 5646 5251
2502 362 5623
2066 3674 2788
482 2160 6988
2029 5206 694
3015 3183 6578
723 4218 6363
4830 6036 6043
270 1223 1382
1185 6013 8870
349 3220 9012
2362 2501 3387
5085 1331 6749
3193 372 6901
5833 637 960
796 2866 5215
2460 3971 4720
4317 4921 7132
6042 534 9461
1248 5213 201
5454 3794 8876
3854 4123 1189
341 5363 9704
265 654 5443
2878 2084 7647
2485 4007 8091
1358 2011 2055
1110 1146 8679
670 4429 9015
6198 5008 8816
3718 2739 8514
4231 3564 2404
481 3901 5407
4975 1554 9574
2354 2448 4945
5000 5889 3949
1889 848 5461
487 5780 9804
5198 2736 8453
4027 1300 41
3579 5068 4278
5782 494 5107
5143 5918 6215
977 2577 6224
4285 4392 8310
4681 5444 6338
2028 5755 4223
1974 5813 753
3336 1826 209
6006 4748 7999
3139 3266 6335
5984 85 9093
3129 2802 1703
4189 4825 6609
1978 421 1458
5612 840 1839
1028 6104 6905
4221 3307 2692
5891 4272 4109
5807 2405 4023
3723 5752 4830
3978 4185 8663
2780 577 1362
2285 4954 6983
6146 5520 4930
2178 487 7756
1736 2447 445
5744 5611 4605
3504 4252 5147
2612 3458 5649
1337 4535 4032
6089 3628 3534
1194 1025 780
3316 6132 3733
1162 4697 6910
2885 3600 239
6043 661 6276
146 1494 1630
3839 4924 5210
400 5233 220
2656 232 6033
2677 21 6344
2194 2555 3851
35 4507 365
240 5374 5421
2411 525 5178
4486 2503 8542
4161 5751 8725
2985 2196 7411
3820 4452 1007
4851 2047 2044
3450 1441 8026
4326 2788 3376
303 5561 8119
2746 4631 1639
105 2809 1886
4173 6123 3774
3913 2331 3324
1144 5253 1664
596 4407 5927
3773 5616 6260
158 635 5142
848 4081 8324
3527 4358 4202
5460 1941 651
765 400 3885
3706 3442 1353
6113 631 398
2099 3146 1026
1920 4223 257
1367 2345 9610
3670 5924 3618
3361 2878 2395
3160 5530 7285
1343 4981 1946
1871 1329 2021
5507 1044 3958
4073 3867 3601
3732 794 2499
3935 5195 1051
1384 2104 5463
3330 692 9516
184 1201 1610
1562 5138 4277
1842 1061 3324
3715 3991 8788
5212 3173 8090
3349 74 5456
3947 3744 2114
4355 295 6216
2320 4208 9836
1973 1152 2669
1563 3819 355
2595 1844 9990
2765 4454 7485
2724 4470 3599
450 3598 430
3843 345 9448
2788 423 6759
4622 5656 8872
4633 4490 9958
30 11 7865
6031 1628 7007
268 613 97
540 5983 6733
4864 1691 7640
2697 589 6720
257 476 6155
83 1940 1235
2359 5794 4548
1048 2577 5565
2841 4047 4536
3968 894 3439
3210 3245 8621
5603 3139 6831
1025 3508 564
3185 390 6289
767 4564 9479
126 2138 8657
1952 2728 5526
1818 4781 4021
2958 1334 8207
448 3900 6026
1640 2770 2171
3254 2698 6082
3820 710 766
3384 4878 4740
3999 1834 2599
5688 5855 8512
5936 1771 4507
343 4901 2305
536 3512 444
5495 2519 4588
1790 1702 3413
2836 5797 6486
5226 3252 103
1379 2860 2627
5157 1697 8109
4803 3338 2590
2436 5723 3391
538 4771 9541
2049 2429 5634
3139 255 4975
2258 895 6347
4364 1525 2178
2451 3232 9184
5793 5218 2948
2171 3093 6832
5930 2601 895
2858 6097 1663
4630 4758 8653
1932 773 568
4715 5429 2937
3787 360 9372
5549 4911 6190
632 5061 6345
5753 1021 84
4884 60 7668
2751 1430 6818
5603 1522 7983
97 5436 5860
333 3880 4515
3787 4218 1540
4872 4122 3006
5634 1292 4407
97 904 3106
5210 340 3228
1687 5246 1194
320 4422 4443
6073 3405 7182
5662 691 307
943 6 9280
6023 2699 919
1870 5140 2702
2565 3702 321
4945 4154 6908
1652 2939 2763
5966 6063 6977
4315 2512 8938
2642 2718 2130
3080 2982 8426
2955 796 6
2334 6123 1319
5150 1931 5669
925 4180 863
64 3540 6266
2606 4098 1637
2305 288 9906
2413 182 2866
2895 1334 1188
5317 3537 2184
3261 910 3913
4614 5581 4271
1102 4691 4064
98 3219 6324
2318 193 6947
5308 1298 5066
5197 4583 779
4743 4180 9974
3167 5577 8436
781 2619 6909
1732 550 1718
1796 3899 6601
125 568 4032
6133 3029 223
4825 4175 3199
4877 706 9610
4819 5135 8819
2653 1234 7714
5678 1279 8982
3182 6023 3427
2646 2216 9839
5158 5233 2822
551 5169 3046
3013 3137 6589
951 5755 5030
4585 4450 8174
6070 1007 9465
5611 2717 9599
2054 1869 3954
2161 3081 2505
2788 2370 5191
6189 470 4443
846 134 6226
2214 1784 7232
3649 4789 6281
483 5967 5155
1105 2211 7318
4763 894 278
850 1330 6049
1248 6141 7545
569 2042 61
2032 4608 6114
1983 2888 4954
5226 824 9896
4492 4000 4738
2438 1279 417
2649 2338 2318
3817 3309 7211
1809 2483 5583
5479 2676 6089
4725 5699 3078
535 2975 6482
869 715 4954
211 5347 8289
1666 5522 9998
1664 2565 807
2247 434 1271
265 1755 5662
1478 3241 9915
4094 2551 5285
1768 2384 7836
4100 5077 8689
860 3197 4793
968 1107 3866
4159 4265 2828
3851 4663 8561
2440 4622 9962
5958 3109 8768
3008 3105 4375
3053 1552 2867
1464 488 4789
132 3443 7083
1259 5661 4461
3846 877 2370
965 366 4443
1097 5455 1888
2251 648 8632
3144 5155 5011
6104 4173 5457
5503 916 5018
2512 1762 4129
3984 5910 7467
4914 4737 9567
1320 2512 9296
3003 6110 7489
1260 4067 969
3373 5740 4970
5366 4679 5216
4657 5142 9318
2434 2896 5923
1374 4458 4178
276 5120 4575
2065 4114 7569
199 3215 7409
4955 1715 5432
5843 6127 10000
4012 5196 9747
6145 19 8782
5711 2298 7609
1756 5191 1983
5077 5832 3213
5146 4953 6673
871 308 1929
3857 942 9710
688 5138 9709
6126 841 3207
2423 4123 8591
932 4442 7071
1012 5558 910
2494 1314 7539
2132 5134 2061
4843 655 8760
527 1079 961
3501 619 6779
2643 3697 26
2217 1090 7608
5861 3821 4198
717 5630 4832
4415 3696 6119
5368 1783 1741
4330 1630 7251
3793 3127 5972
4088 3456 4800
1193 2926 6624
3904 4610 5713
613 4131 1630
1153 1471 6383
3386 1112 4961
747 2631 8760
1519 1296 8831
3994 4764 1525
5018 1087 2603
2760 3606 4612
365 3020 7653
4851 3857 8640
1708 5154 9230
4474 839 2231
2792 1722 2719
4295 6178 4538
879 2464 1426
1022 2838 2877
2237 3320 8701
1177 821 9247
2436 2788 4284
2604 731 3571
6185 2588 4379
985 5922 4002
1917 2856 833
506 1664 9300
278 5827 7041
2375 5053 9387
6142 3668 934
3320 297 4887
1414 2973 4643
2812 4189 5474
4935 2126 7304
3386 5991 5583
52 578 8033
3668 2350 8161
4 2260 6632
5982 2526 9055
366 758 9211
5114 2272 1669
717 4461 3302
380 5713 4430
3344 277 8883
1698 2212 6383
3362 2316 7386
5616 4244 8358
5818 4292 5189
5177 3493 9463
4285 1828 9320
4541 1658 3679
5300 5389 3553
5444 2660 5032
23 3502 8981
1753 2690 7352
4081 271 8436
4951 2362 4624
2930 5409 3128
3575 872 4032
32 2141 1013
3647 5418 3098
5865 5660 5657
1063 744 963
5703 5843 6536
741 964 6089
157 5751 5147
6153 5976 8462
3647 323 224
2773 4893 8147
4906 626 4314
1607 5676 50
3083 5944 9270
225 296 4988
1738 4559 9416
3538 5630 6142
208 1539 1185
2278 4438 4492
2513 587 1346
4575 2934 8221
4553 1353 6479
2562 3920 1871
862 4028 6703
4115 3586 8485
4022 2502 5887
3234 3901 4423
3950 5081 1500
5450 266 4939
1841 3853 2604
2646 91 8912
5414 2135 4281
4445 1183 398
1387 5792 8237
3488 147 4828
2748 285 9000
5506 3180 6703
5422 3527 9120
2492 152 1621
47 2746 3882
2894 4070 8349
589 737 7426
2970 807 4971
266 3330 7342
3831 2994 3588
4275 1209 3569
4504 2759 6840
5194 603 5201
5695 5172 256
1708 3749 6908
3955 1731 2916
3210 2873 5942
3900 3902 2620
5852 511 2440
2925 1587 1372
3167 1389 4626
5834 3843 2799
1727 2018 4699
5027 6077 7466
2614 3373 1261
3934 1191 1803
62 3890 8666
6038 4649 3389
4306 1216 3875
3919 2863 9979
4514 2773 108
2925 3201 8359
2966 3791 1478
4221 229 960
1979 5534 6006
5963 1490 1178
1549 5932 5855
5778 2471 7264
1712 3431 9393
6014 1389 2955
4644 2122 87
6159 1926 4089
3986 3374 3729
960 3230 6423
1603 2691 6656
3888 4950 9774
2419 3899 7780
535 2302 648
256 1373 2730
5801 2854 5568
3915 6110 2191
4564 835 1106
3097 4592 8926
5678 1258 6864
4699 2974 5384
3679 1733 6322
2530 4547 1636
4617 1412 3838
3489 4843 2886
5087 309 9938
4141 878 8609
4416 5363 2636
5230 3644 8052
1943 4083 9499
4253 1594 9185
4357 3368 3157
4120 2815 7684
3145 266 9195
604 1262 9577
4048 5927 4854
61 6007 5743
1083 1559 7387
2253 1236 5641
1174 2584 680
2554 4309 4351
2806 1843 1406
5829 5980 4810
1692 1866 5209
2490 6074 1954
3522 4025 8091
2445 1001 1410
4559 3973 5028
6151 344 4613
322 4038 3910
857 548 5057
1075 4439 2164
5420 4344 3164
6126 1640 3245
3800 4956 7867
4112 4158 4634
803 3260 965
659 6021 5154
1128 4343 8997
385 3184 3311
6166 653 9602
5016 2361 1989
545 3909 9632
3282 4366 7140
1266 2035 8785
1877 5828 9828
1158 708 775
4017 5089 5358
5930 4685 3210
5558 3312 1636
573 3253 7962
1429 4628 1952
5068 3672 990
3397 1104 1859
1596 3462 2432
4819 654 1127
4536 5665 9849
1114 4194 2487
3687 3958 3405
4213 5944 2432
2045 1546 4831
5461 4572 6695
1388 880 1026
3464 4033 5939
4784 5604 6602
3994 960 4678
2253 5278 2866
366 567 9457
2656 399 596
285 2656 6307
3558 2027 1539
1384 108 2443
2942 3881 8602
403 6056 2799
5053 5613 2964
3485 721 7387
503 3401 7403
3049 4706 7659
2146 5702 8673
5833 4359 2760
5928 3152 7209
5950 2232 2314
4737 3072 3235
4331 1107 2283
1459 3378 2254
5391 1635 9802
5136 1493 7006
1333 1218 3892
1257 3581 757
3372 5378 2922
6092 1755 8071
2424 1582 8997
515 3437 2668
2295 5297 1487
2960 4495 2880
4779 3197 9106
3414 2664 8684
2800 3516 2570
2901 1095 4774
6121 1940 8674
2005 5448 8739
5439 6026 7359
3308 5901 9853
4602 4479 1509
4418 4104 631
602 1803 2050
4829 3076 8357
2441 3547 8987
2631 4403 7654
2474 4443 4346
2916 521 5611
5658 2216 7623
1355 3698 7108
4748 892 3791
6141 5197 1123
4125 5819 9228
5846 5040 7957
4947 1573 822
1964 3772 7426
852 3235 1529
306 1950 481
4378 4598 1440
3176 5315 7804
5854 5081 8095
2066 1330 9590
4295 3525 1464
5909 2201 765
1202 3598 8687
4983 863 5680
4385 765 6199
394 5919 9599
2728 6132 8974
5234 3999 1784
6113 2843 1994
286 4269 5400
5024 5755 6522
161 2859 8033
627 1221 1713
3557 3295 7988
2179 2613 2727
5669 4138 2496
3196 164 8555
2772 3244 2041
1201 4472 5420
6126 3040 6070
4766 43 4151
2576 1932 2871
1852 5045 3507
5248 4847 9093
4619 4668 3923
515 3851 2027
4440 5588 9018
4845 5880 778
1235 1814 593
5350 2391 5095
5458 1575 6887
4096 3024 446
2160 4580 4292
3631 1476 8800
424 2321 8416
2454 2265 1886
1073 526 1307
4435 55 6757
5188 3911 2276
3647 1059 1139
6078 4630 3074
5200 1971 233
1636 208 2962
4534 1152 3094
1026 4263 4155
5613 6165 1966
4348 2883 8584
2534 3262 3642
1879 4469 8909
4178 1820 7621
980 2923 8610
3844 4641 1670
1727 6002 6849
4050 2166 7061
845 2021 5491
2881 3009 8977
1375 4596 7580
4968 5061 472
1974 3460 3850
2532 4119 8304
1696 3690 7224
2409 3374 437
3552 5688 8993
1312 1208 704
3236 864 7048
4108 3879 8818
1970 5834 3253
2169 3481 5115
1262 5414 4929
4966 1495 7473
5538 5162 9406
4062 1582 7636
4056 3565 3305
569 4403 6156
3977 2993 7236
4061 501 2173
673 841 1932
3164 4669 6268
6023 1266 9472
2355 1550 9256
2990 4196 6828
1513 5767 2811
272 3588 242
1490 307 6160
887 3641 1037
1306 4178 7063
1041 1518 7656
5515 5150 4440
4205 3078 6239
5201 391 4352
1662 2682 3889
310 5204 7668
1643 4052 3643
5639 5892 5643
2893 4220 6394
413 5817 6004
437 3784 9133
5352 3464 2666
4314 3651 5320
4314 1648 8881
3293 10 8735
2485 361 8440
3240 2208 2135
1999 609 7592
4690 4624 1987
703 5558 8571
1844 5999 4753
583 5930 37
6065 3045 2195
4744 2844 1966
2858 2316 3706
2518 4974 573
5838 1254 937
4342 3900 6401
1733 378 3959
2233 515 8674
1885 5160 6662
1620 103 6842
2298 3443 3672
2066 1268 1843
3856 5506 6340
4270 5479 920
4601 2492 6989
2157 3542 3618
473 4767 7332
5626 2670 4696
3171 5291 4772
5500 2858 5916
4748 4129 3474
4269 2357 7062
2134 4804 1242
4337 3292 4454
1783 4101 734
5690 2852 9498
6014 2175 6961
4041 5095 5215
5374 1576 8692
2363 992 5745
4825 4947 12
2986 3450 7332
162 884 4139
639 1567 5539
6099 5675 3522
6146 4613 4102
508 2964 5069
4297 1360 4213
4820 5323 257
5275 3190 9822
2767 3093 6006
5334 6047 5873
5901 48 4635
1357 4174 2695
1673 6016 4553
235 823 7138
3252 4110 4456
2094 796 5392
1374 1285 9209
4975 2699 1219
6113 3434 3139
2832 3633 3446
592 4002 4032
4981 1724 8048
5474 3299 6673
5733 5765 1954
4882 1083 6581
656 1570 5531
1649 1604 2071
3900 1841 2490
2567 5898 2753
1454 1632 7639
4845 3792 978
739 3858 3470
3607 1676 2959
730 5648 3445
3401 75 7294
1674 5677 4264
3432 2300 7072
3534 1009 3781
5237 4253 2654
111 2162 2100
3556 2849 1333
2549 2982 6486
202 847 6202
4132 5570 3330
970 5913 4703
1552 1568 2913
3311 3617 9837
856 5864 2286
5423 3045 4406
3753 2901 7580
3180 3286 6948
2054 2631 4028
11 2386 8647
1881 2750 8936
522 4182 8778
7 431 3059
3726 1158 5345
5542 3554 347
2188 134 55
6145 1789 7053
1081 1153 5671
4825 1137 4399
3966 5554 9534
2468 564 5929
4916 4571 6980
1941 5904 3757
5018 723 9586
2930 1948 7574
4332 4922 650
4286 1234 544
117 5341 7585
5821 5101 3171
1775 6031 5573
5702 2422 4763
1425 4003 1950
4944 924 8021
3227 1685 6055
1275 1026 1180
5384 5836 6858
5042 3727 7605
3742 973 171
1804 2777 4036
4332 5599 8726
759 5483 2087
3415 4098 7552
3167 4103 1923
2674 4484 9969
3219 5672 4660
1513 4107 5805
4350 891 7350
2957 4938 1598
1549 2561 9567
3651 5302 3429
603 3285 8687
3812 4826 2152
4586 1066 5883
407 6100 5753
3126 3634 1388
3129 1993 9677
660 2998 7926
258 3598 3049
2259 3607 4388
4098 5777 3641
1815 4892 3261
2391 4126 560
228 3570 7132
2137 6051 5642
3406 3937 5805
4317 1009 6103
2812 2784 3728
4567 693 7949
1110 1144 7309
2752 3159 1970
1489 2455 1142
4444 5485 4251
2231 4064 1771
2960 1395 7426
5726 2753 1175
1309 2124 7467
963 2721 8721
4342 1679 6819
4415 1460 7604
3110 2980 9963
2383 2176 8156
5060 1320 4315
4924 4788 5679
3662 2727 6325
2837 5137 4063
3209 305 6415
3134 740 9598
3145 4573 8136
5637 1219 8863
1503 2043 4751
3649 279 7127
4751 3873 2112
5391 538 6608
4126 841 5699
4127 953 4423
2711 4628 1520
4525 1687 1657
5070 1552 7633
2193 3214 2030
639 3097 8785
864 876 8159
5088 3106 2093
5131 5138 5610
2160 5868 2170
5054 5020 6524
5021 4525 5821
716 1487 2333
6010 216 9396
2878 572 9463
5805 530 7516
5097 5326 7047
3252 5998 6364
6148 3885 8503
3147 740 5531
1086 3292 9193
1466 3566 5452
1916 4749 1123
5079 5598 4343
271 1659 1695
2328 1144 3653
4619 321 512
3495 820 2908
3606 5468 6198
3250 4104 8894
1855 578 5041
685 567 4218
354 5922 6138
515 3182 1607
311 4541 4875
5510 1412 7704
3522 342 2955
863 802 1558
1475 1817 7028
832 3110 2472
1460 3611 8890
3337 4091 7407
1079 5133 516
2557 5024 780
2706 2036 9787
4213 5773 8054
4342 1193 6394
488 3333 7853
4902 733 9132
6085 403 3135
1730 1052 2731
5635 1015 2491
5631 3563 6672
4868 438 3148
392 1093 3157
4117 1223 5523
930 3886 6930
1242 6187 8808
2729 3164 6755
4781 2131 8228
2189 5188 9873
3387 4575 1361
4875 6198 7198
4601 4650 6664
4357 4317 4202
3860 3569 5956
5635 394 1895
2560 2736 8197
3426 270 129
6062 5598 7158
2898 4324 4337
1744 3734 3263
3427 2348 5749
5504 2597 7968
4536 320 645
3683 4901 8244
4804 1892 3116
2782 1223 8217
2961 2875 6228
3528 2225 3956
4160 2464 7260
1914 3798 4774
2539 5044 2406
4624 6079 2081
4621 5347 3709
4905 2617 273
3879 1217 5102
6200 3496 9685
1864 305 8693
1822 1522 9620
3014 4187 1087
1232 908 3441
4416 1053 7205
5084 5085 204
1188 5091 9782
1813 734 9349
345 3013 8602
4565 4102 6672
4218 1036 8800
5592 5907 6077
2481 2673 6530
4968 1695 3894
3352 4457 537
2709 444 8802
1908 5199 2970
2870 98 4435
4555 1672 6902
1823 4035 7572
452 6134 792
797 2424 263
2500 2034 5644
3886 979 9645
1548 3079 8882
6154 3374 898
1696 1493 2643
1351 4255 7581
915 5383 3935
1221 2543 4859
4870 2487 4382
457 5327 853
1283 3985 5816
5838 5870 2998
3716 1261 9604
5335 5976 6743
1306 2601 5047
2092 2687 6040
3792 5883 6891
5199 1984 2183
4456 5824 4351
5209 2694 7535
133 2691 9804
3776 4952 2174
2241 3450 5300
4425 3856 6512
632 2181 2402
2883 2084 3438
2598 5240 9502
3357 6039 2244
4399 3075 6910
2183 5480 4547
921 2641 9025
4129 3553 4163
4902 4394 6833
3114 47 9750
2430 4676 2350
6145 209 9230
2789 1717 8357
5514 596 3298
3637 21 6347
2991 4582 762
1198 3425 1375
412 5991 7123
5189 2910 8146
3219 3867 9860
3757 1425 8350
1228 4692 8517
1947 2085 414
855 3770 2849
962 3306 984
5986 5045 3007
4422 2176 6638
3149 936 8553
4049 4026 865
604 2977 6245
4773 3859 3968
4482 3404 330
3440 195 4839
260 181 7666
2319 5013 8277
3554 4730 2034
5912 666 3239
6096 3000 4480
1606 5053 9032
2763 755 8420
2397 2725 5282
2096 3049 191
325 204 1187
6199 4744 2478
5499 2892 5903
3277 2001 1756
5630 4674 1872
21 4404 9863
5008 378 1371
2652 2329 1487
2034 3672 1907
1930 558 9388
4037 788 957
5915 5444 2832
111 5619 9472
3753 5451 1428
4569 3317 6060
4773 1012 5416
3897 3855 4092
994 5223 6664
2197 5912 8140
4796 2202 4457
2865 2117 7519
5868 244 9171
3535 584 6938
5343 2110 6048
3427 952 4918
4025 5288 9601
3447 181 9618
160 5747 3321
5269 4101 2004
2131 1835 3683
4658 583 6098
3035 6094 4521
5018 667 9644
5604 2241 4747
4825 4955 3565
1913 4531 5023
5885 2599 1143
4240 2018 853
2815 1720 5454
999 1829 6111
857 2967 7090
5653 3281 7680
4658 3019 5933
1132 213 6497
1334 3100 6026
55 2602 5274
781 1403 3995
2051 6139 8776
5870 2501 5608
5752 1754 8161
718 482 999
4412 738 7955
1495 881 212
1515 4166 5321
4976 3356 2210
1374 146 7794
2503 5330 2862
4485 2563 4255
444 2045 8752
5114 5285 3709
4189 4027 2611
2492 5876 1644
35 641 6492
5649 1499 5501
5210 5600 9780
557 4755 3950
2969 3838 6937
3795 2982 6228
3217 3859 7800
4101 4702 1178
5264 2334 8122
2939 2765 8526
5687 1419 8624
2691 945 4404
3640 3570 1852
191 4758 8153
414 1515 2560
5796 1463 9032
1340 925 9280
3918 5618 4372
3133 3773 8141
1917 1183 7475
1270 3630 5819
2499 228 4038
5902 4347 204
5179 832 7840
2530 203 690
4859 5178 4980
823 5482 4086
3501 864 5556
3341 206 1655
856 174 7429
4163 2275 9916
3756 751 404
326 1927 8783
5295 3579 2110
4259 4240 9187
241 3054 9790
177 2491 637
3921 101 1811
3074 397 3909
1028 1939 2654
4224 5397 3205
4749 1738 9661
398 1663 4792
2819 5868 7637
2960 545 2982
5965 3652 9257
3425 5893 9564
3723 3246 8824
4354 2997 73
305 3283 1498
4075 2365 2758
4841 3803 4012
5446 181 4366
3323 4156 8828
1205 4362 4110
3419 3798 6757
4281 5769 5211
5560 4867 3855
4976 4554 7022
4527 4444 8495
3682 4821 3002
4249 4607 2280
922 2968 1758
4505 3711 5472
1281 4396 4045
957 1810 9574
747 5339 7573
1153 4456 7145
1930 5447 8315
6025 5971 8220
985 3322 3742
2512 4387 7254
4372 4683 5117
5893 3216 881
903 5428 2107
5436 5863 5506
3822 1915 5014
5079 4605 4480
6055 2855 1428
775 5265 1215
4735 1900 4572
5359 939 6055
3233 3714 9673
5900 507 2125
1932 2964 6373
744 4652 5455
1414 774 3984
973 4900 7414
4858 5504 8554
4600 6043 7782
2999 5473 7484
3831 5492 7610
3587 3318 6187
1225 2812 1668
4772 859 9938
1460 3719 8530
4718 889 6409
1309 5171 176
2861 2153 6785
4603 3969 8041
5817 5560 2287
1664 46 8685
1648 286 4611
3253 5182 3153
153 3042 2763
4855 838 8653
3515 3001 1529
850 3404 438
5890 5803 5215
5388 1469 1384
1321 6200 4964
4419 4453 5489
5995 3052 1127
2805 5956 7618
1072 3899 9183
4245 4779 3522
5461 597 5804
445 3702 3976
2069 4893 3211
5028 4376 7413
1993 6125 8178
4223 2953 1246
2303 4930 4633
2773 5589 9399
4158 552 7759
3814 3435 9142
574 1889 5315
4446 4651 4625
1940 153 3869
4406 2491 6882
1424 5890 2606
5108 5660 7329
904 5863 1385
2048 3250 227
756 3966 8188
2085 1456 9122
1080 4242 8579
3149 172 8441
3761 3948 6979
4686 5550 1740
4915 2809 5631
5175 6188 5908
2790 819 3646
1897 1842 2316
3171 5651 1995
2711 5589 1180
5096 3306 1908
3860 3179 2127
5920 4483 1186
58 3165 9963
2170 4550 318
3715 337 5563
117 892 1255
394 5721 2930
3849 5893 6730
5682 1733 1741
1550 3253 9912
1571 5990 828
2431 827 8218
439 2882 8317
27 2602 1108
1168 316 7860
5309 5162 9803
1348 5389 1393
2436 195 5298
5389 42 2408
5708 3210 7512
4432 5741 9286
3623 2633 4122
5114 5007 2934
1095 1162 9448
5860 5237 9001
478 2511 4723
4250 3844 6932
936 2709 2610
4312 2492 1880
1529 1197 1084
5090 5168 3173
654 4099 7751
4553 4946 1482
1864 558 4174
2558 4972 6378
6091 4324 8127
4144 5832 4345
938 2366 4404
5731 235 7738
70 1876 996
5662 256 9850
4516 5920 4923
1593 1826 5085
3858 494 7557
5446 379 6173
3153 961 9486
2282 2795 546
4028 5758 5623
846 3085 5815
1154 431 1480
5805 5944 9449
854 1089 7724
3474 5787 7534
5035 2168 5302
86 5529 3040
1110 5983 8618
5605 1257 5213
2559 1659 9873
5482 5132 3024
863 4513 9392
1258 3027 2427
2147 5996 4874
1946 5364 6844
4049 1389 1842
710 4595 4149
5741 4025 6284
3906 3552 7578
947 2638 1451
721 4784 6211
5108 3119 6405
3472 1292 6279
5570 5228 723
5038 1354 806
670 5798 7793
4164 1516 3802
1668 2999 205
1594 2259 2185
66 2249 302
854 2432 9533
3610 908 5736
91 3351 8850
4055 2305 11
4762 4300 1801
5782 2131 8031
2894 4310 3275
5263 3900 8826
4877 2558 1589
4932 5218 1803
4034 1039 2808
2504 2963 7776
930 2654 148
5870 4887 6910
5639 2094 8302
2413 1022 3865
2496 218 9371
2039 1262 8597
3823 3948 3547
3859 1372 5704
2679 3297 6814
2313 6169 1096
361 501 714
2296 771 4344
2254 4737 8323
1109 3455 4201
2902 1638 1042
1362 1704 8038
1670 4988 8024
1885 4702 7721
1197 5857 4248
2375 2937 3998
5880 5514 447
2166 5539 4582
3316 1573 1204
5031 2480 9235
2915 2953 7513
747 5974 2081
3415 3474 8844
2303 3242 5356
4051 5245 2523
4528 4968 392
2701 2075 3142
3611 3756 3363
5889 2899 8019
5807 4597 3297
2204 682 2022
3334 1653 7248
5464 4580 7868
2013 3586 111
795 192 65
3170 2884 4639
3608 5732 7816
5868 6023 6133
4010 5921 9688
4506 2597 1745
4843 8 5722
3572 5138 6748
489 3570 282
787 3479 6176
616 1115 802
2752 534 7368
2867 5423 5525
3081 908 8875
3851 5364 2000
282 2431 2531
3551 4925 563
4098 1659 4225
3721 2283 1512
473 4780 2589
5584 5374 3795
484 2047 2163
4518 2455 4579
2291 5330 2415
6012 5841 2560
4706 4732 3652
842 2300 743
1338 5624 5468
5316 3247 5534
6172 3519 8703
993 4226 4555
4273 3959 8052
5115 3801 1864
2280 325 1468
899 5477 189
359 4049 5545
4026 4300 6999
5448 2560 4989
4155 5149 7096
321 1655 9168
5306 111 7872
2992 788 664
422 2107 587
3543 4924 8416
6118 5042 701
3486 5182 3487
4769 4062 9120
5980 819 5225
3372 2784 3009
160 169 5010
5537 5448 6519
474 1261 9659
4070 5658 1155
3697 4500 8455
2023 4257 2049
960 2803 2557
4425 4774 7051
706 350 5334
4122 3098 4461
1272 2590 6267
118 2444 7281
240 2766 5591
2264 3570 6992
753 1038 5699
3854 2745 4245
1250 2533 5249
616 2886 9344
2193 3627 3091
970 4176 2556
2536 4173 1422
3423 657 3320
780 1748 1556
845 489 4439
3497 228 4898
5858 1594 2089
4015 731 9032
2385 37 2686
1806 3451 504
6104 5130 6298
4534 3026 4358
907 3925 2516
2482 4447 6823
1926 1841 5361
5263 3482 2541
4107 4279 1161
6157 2393 1989
264 5143 9091
5856 4768 6968
2130 2783 2751
6152 5022 1232
3575 201 6932
2278 1568 5836
1648 4248 8785
3054 1448 3871
3695 2819 3017
4440 3267 5957
3779 1244 2237
814 600 2240
5280 4449 8634
2462 2788 9662
2088 1936 6191
6057 5981 3928
797 2318 5433
4479 5547 5963
766 5436 9200
416 870 8929
562 4518 2653
2428 3909 3678
4029 4510 976
1631 198 914
3341 1958 7940
194 5436 4381
3395 2162 8539
2655 770 8094
5132 1861 7804
4430 1007 3282
5500 3056 7915
4363 84 5679
2657 264 2878
4880 3381 3009
3639 3019 4523
928 5152 5345
3652 5400 6772
4360 1382 4396
5469 2054 2608
744 3390 7872
6057 3411 8233
1553 2983 69
5413 2005 7982
3790 2295 1615
785 5805 3409
173 5110 7690
819 647 1441
1660 2929 2190
2552 1961 7854
2535 5979 9210
734 3151 8644
196 5981 5002
1229 2321 1756
284 5 2124
4622 2382 6526
87 3738 1003
1227 58 9731
1594 4725 8161
2340 3005 4699
1986 4445 1408
6198 220 7374
2075 1451 6829
1526 5653 2813
840 4962 8600
2354 4057 6713
3534 1843 5187
4615 3927 3995
1656 1266 3118
5728 2311 4653
894 768 7359
2947 1235 9925
3180 4944 1759
2771 2517 6888
169 5577 5582
1229 50 2554
3845 3682 6734
1739 5170 1614
3461 4302 3560
5714 475 9036
4806 4335 5100
767 239 1662
633 3064 5839
2961 2468 4119
1558 5755 9752
4845 5732 5748
4409 3093 6385
4195 2844 352
1886 5708 8902
6119 3036 2114
4941 6023 8626
605 1943 3373
4224 1883 2918
1541 2250 7189
3116 714 6890
5477 1585 6238
293 3252 9082
1016 2723 1779
3814 5088 4837
86 3047 2787
2401 5860 8435
5767 5461 2794
188 5042 7026
3118 4410 5574
1545 4935 8523
3398 3688 3578
2653 2025 3520
983 1885 2681
3151 3465 3674
4563 1398 3308
5445 2472 9033
1360 3770 4765
772 2244 7081
3812 307 6062
1031 5366 3680
3203 5464 5840
2057 3686 3419
799 3342 4428
1165 4451 2390
1314 1607 1871
1890 4432 1276
4619 2048 9232
3778 4058 7217
3169 743 9619
3655 1047 147
4247 4369 7793
4266 2357 706
3620 4278 4054
4500 4151 6925
1892 489 7431
3693 4133 3340
2047 4631 6669
1739 4974 4138
573 3531 8089
156 1993 6917
3803 5804 2878
4608 584 7115
3877 1255 3330
1298 1547 1395
1776 5448 7721
2311 5245 4147
4800 4186 2828
2075 2096 2951
2878 5058 9910
2081 4569 1291
2806 6113 3906
3552 6196 5347
2514 4699 3078
5291 694 7131
3284 5882 6942
6014 1773 8040
3994 5298 4028
1056 6002 6338
4092 1264 5028
4467 750 6916
21 4211 9194
399 758 4505
1855 2786 6811
4986 4772 6994
2661 3573 9516
5817 2982 3419
5278 4753 2075
4084 4767 2365
1615 3556 6887
2584 2817 7628
1173 4240 6713
4240 442 1922
1610 3021 6716
6161 4949 88
1911 3517 5274
2053 4176 7389
4909 3231 2859
972 5318 9077
1890 2987 8025
852 125 8526
6024 3532 4573
6097 6086 1759
1742 1804 1373
444 6005 7406
218 350 511
4483 1407 7248
3862 3248 8655
5988 4937 840
1969 4487 9449
786 5878 3259
2046 2817 9035
762 2017 3684
1789 4371 6516
5680 3447 3449
2153 3528 5127
5788 1430 2420
3198 1839 194
4061 5619 7634
4505 116 294
3005 4648 9872
1217 258 766
5096 1640 5983
1286 4308 890
4835 5104 5794
4467 1621 6971
3798 2548 2374
4169 6152 7813
3152 809 6089
694 4963 1651
6047 2853 3891
798 3537 5060
3246 4225 5748
4951 6020 6874
629 5971 6297
1257 5290 9954
5282 5353 6494
3525 5643 2573
504 837 3475
937 4434 7036
395 3788 9166
1543 706 7167
2214 4173 9276
5764 1962 8857
1263 5937 8599
961 1932 4053
5217 4912 890
3972 1603 1798
1059 4344 7495
3398 419 6393
3809 2140 6405
1415 1078 7311
5850 4164 9916
5991 3288 8770
1897 3762 3346
2886 4035 1406
1235 1444 7776
3175 1815 3194
6041 3646 2947
5497 4193 9810
1830 3063 5780
2638 1849 4266
1826 3651 479
2895 1140 652
5912 689 7320
5457 1839 832
2840 2854 904
5847 3192 7384
201 3973 6384
5533 4848 9917
2824 2921 1237
1610 3528 4859
2431 3300 238
5631 1710 993
2945 2696 4706
6174 5922 5955
5413 5319 8702
5521 1433 355
2694 2715 2544
4109 4616 2131
2609 434 6089
2991 1763 7024
705 6139 5041
5655 4801 8908
4158 3611 4212
2287 696 2375
4195 5534 2149
1096 1040 4118
558 5 4636
2254 5151 7521
3959 3454 2735
3628 169 5304
59 3664 647
1397 200 9187
1272 1166 7852
4300 1866 5529
5148 5663 3427
3591 5630 832
4843 5662 5380
2552 3284 7139
2969 41 9487
1764 2039 808
1470 1024 9440
5705 6113 8647
1140 2293 2812
1643 3780 6742
1034 4004 4853
4015 2747 91
2894 310 8850
3054 849 8307
4486 753 2957
5595 4605 5610
143 1640 8931
5775 1468 48
5330 3964 3766
4876 3794 3649
64 815 2510
1964 4731 4107
401 5797 2296
2057 5608 2865
5627 2229 9968
1729 704 5378
1679 4109 1231
1034 4247 9319
1263 4853 4539
5984 2658 4392
200 5397 7105
5114 2986 4059
2812 4459 7957
2224 670 3880
3352 5655 4284
5624 552 9615
4034 656 3752
5787 4020 3983
5984 2065 8689
1555 4059 736
5596 4321 8661
4684 3063 3328
1391 950 4518
3281 1537 7050
3507 5256 6494
3088 2436 4636
149 61 1726
32 5175 2259
2059 2702 2152
5708 4454 950
2833 3160 9569
2860 3135 5600
4148 1699 3959
2699 3382 3580
4851 934 2125
6045 2531 8250
3372 4437 9727
3208 885 522
2099 5740 9824
322 5348 3861
5011 3686 997
929 520 3730
4584 5064 6978
5679 882 8248
2449 5960 8904
2962 220 5797
4538 2116 2065
5215 1796 8877
1914 5151 7125
3665 6014 4810
123 5809 1172
3774 5336 2048
3213 4568 4252
5955 5465 7323
2858 2449 9782
1992 4451 8149
1235 3988 2808
1489 5288 8689
1130 4126 7708
5510 5592 4840
2116 4772 4613
3943 2166 8618
969 3500 1669
4775 96 5182
2842 6128 4963
4564 3350 5739
5941 2573 9912
5884 4473 6658
798 5762 5544
4568 3280 3977
3373 5355 9209
2605 3461 7581
5367 6014 8114
2175 4381 6018
3301 4540 3213
1073 3220 8167
4051 2185 1402
4775 5007 7893
1697 4773 7273
191 3632 8815
6035 4214 5380
3140 4485 9951
2416 5192 6863
794 6164 6862
5617 768 6511
2603 4991 9870
5118 493 2848
524 5276 3609
4634 6000 9467
3416 5522 9370
3598 2102 7306
193 716 7877
635 3012 8861
2215 3812 5668
4614 713 1507
1822 4942 2042
3577 4158 1948
503 4226 7236
5198 455 7393
4018 4352 3580
152 5227 7673
4510 2000 4237
5657 1384 6292
1278 3929 783
179 3436 8569
2683 2321 5458
5880 4760 6224
5996 4528 8039
2730 2140 6704
3201 1383 2158
5043 402 3406
928 1489 3221
4700 4623 1783
4731 3194 7908
1400 5193 3987
4758 5399 4938
5665 3992 3779
2209 710 9794
4420 906 3970
3136 3950 206
1826 3403 7193
5721 5804 7009
5044 5805 7928
157 1338 3878
2525 4576 6104
3983 4223 381
4279 2259 1925
6194 1656 7585
202 1690 7135
5985 2453 1482
5813 4203 2722
3842 5117 730
914 5537 4860
2438 2749 4195
485 5391 9148
5710 4175 3787
5652 1914 3925
3098 833 9602
4712 555 3837
542 508 25
3697 3147 3095
3388 949 3001
2789 4796 8006
5945 5532 1635
843 5073 1159
2625 1670 3013
3280 1311 7699
2509 4704 3522
1933 4938 6606
1777 5624 6435
5666 1571 668
6156 3773 1042
5800 6083 1558
54 1564 2722
205 475 3889
6089 4268 6769
6170 765 632
1273 1738 4884
1861 4640 3920
862 2857 8999
6063 1219 2936
416 1754 7025
3008 1342 5562
155 788 1189
2685 3509 168
1484 2295 2434
6154 2799 5553
384 3899 888
2710 4513 626
3152 6141 9665
3654 1844 1452
2489 1159 3225
1813 573 3255
6113 3672 1986
1884 6182 660
1592 2059 76
4142 3075 7789
3721 3521 3390
2856 528 7772
2075 3560 2781
3975 4643 4130
4660 1264 4905
5529 5230 9725
5199 2574 505
2691 4501 3138
223 534 738
2025 5535 6245
2295 5128 4332
1573 2256 1448
244 3782 7962
6089 1984 442
2824 4723 7663
782 3197 2533
1735 2252 4047
5290 6167 6550
381 919 215
5038 1078 8439
4714 3209 9165
5645 2238 2256
386 5293 6880
5734 2569 4222
2886 3006 7242
4664 3907 1870
1631 1265 8866
2415 4892 6043
1569 397 7563
2931 2050 5940
351 1215 4798
4682 1205 5367
1015 1921 5658
2110 1714 6217
1959 4323 2817
4900 1746 8864
1437 5363 9008
2839 5816 57
3330 6016 4698
2052 5959 749
6003 4041 8577
1208 4960 7750
1237 4138 5383
4908 1917 8634
365 4972 4386
2913 5908 5341
6153 3049 9762
1470 882 5879
3214 1968 3334
365 3609 9844
6100 633 8955
2852 91 8515
1522 1865 7057
2774 2490 7846
412 45 5890
2230 2352 4244
2009 4884 8943
3150 4662 1630
1512 2465 2008
6190 1086 826
1771 4554 9191
5467 2718 6456
1348 6065 7341
5270 1858 1325
799 1987 5779
2135 5116 5391
5290 2594 7824
5970 2056 2452
1669 4951 7375
2340 465 771
4567 1224 862
550 468 6364
4626 1069 6077
1371 3089 5373
1432 152 6157
3072 4284 5885
672 971 6253
3701 5549 6084
441 4721 6491
59 2493 6369
5127 1908 5804
928 2770 7517
3098 5243 4505
4140 5038 5809
1156 3760 5381
2121 4835 5215
1862 4176 953
2934 5164 6642
28 573 3071
1411 526 6884
5179 4488 9304
1076 3494 3376
4392 4774 8457
5900 2721 87
6055 817 8283
5520 2006 2225
3727 4048 8234
1852 5655 6047
5459 2677 1320
1778 2347 9344
6050 6026 9012
1666 5488 8019
706 1018 9538
4467 565 4503
5869 2396 3890
6108 1801 9646
3248 6109 1430
3282 1351 4613
4006 3544 5013
2691 1422 6327
6138 3552 110
2620 2430 7473
3400 1332 7210
3042 2454 1496
1461 154 8394
3081 4672 6989
839 1245 5813
2001 1036 3293
2983 1149 7236
1265 1417 6312
6154 1877 4257
1358 3947 7788
4141 974 7856
1442 3149 8650
2303 963 5112
6121 2425 9235
5806 933 1380
3139 5179 1286
1978 1974 6683
3781 2948 2542
4723 2761 9913
4373 3225 4428
296 3184 2037
686 1069 9790
4109 2536 9468
5713 3355 913
2574 3029 1773
2266 2821 9502
3671 4096 9379
3904 6051 7880
1124 4492 9985
873 897 6770
1663 2201 8616
6125 5344 7902
6100 58 6958
2998 1259 3346
4021 2096 9488
2697 503 1921
3948 4498 4840
1100 74 2732
1734 4997 7142
2930 5402 9806
2882 4653 821
5530 3104 7211
776 4854 6761
3005 3134 4085
1132 5658 3772
1580 2276 4121
2933 3276 2531
5022 5357 4472
6 3072 2012
2075 4703 86
2140 2392 7785
3723 1362 6352
3523 117 1059
208 2567 9919
1579 2266 3555
3236 617 6999
5384 5334 527
1358 5326 3749
5477 192 4559
1286 1710 8203
5653 1894 3676
4133 2085 1206
401 281 7197
804 2080 2996
5766 2314 6940
5527 2111 8700
1531 5622 7266
4667 5188 7184
4211 3858 2473
5604 1982 6714
4040 5167 5113
2331 4376 7303
2419 5925 507
3069 1810 3104
4339 4365 8634
2293 5010 429
3038 1556 2568
5385 1570 3928
5521 5900 4662
1450 5246 6356
5864 1935 4704
5716 5432 2583
2042 5251 6991
974 5133 7763
1799 991 9625
3902 3754 6648
2726 3154 3749
4106 228 5746
4565 521 1445
504 5422 7213
4121 5029 945
1701 2672 2476
2046 5729 4159
2443 3638 3178
3250 5622 3474
360 3986 4480
3715 5857 378
5401 338 6599
328 4507 8021
4074 1731 7863
2867 4440 6945
2755 5233 6102
942 5464 9044
89 1706 8533
3246 3241 2147
3186 1695 7069
1686 2434 3297
1270 901 9057
3838 4769 2695
3852 5753 5276
5041 1368 8191
2979 3079 8567
5807 2531 21
4982 75 2090
1763 554 5869
1632 2503 2924
3413 2624 7146
2145 3665 5587
4397 5773 4796
5891 565 1607
2257 2070 7301
1873 3591 6815
401 4707 7598
4358 2157 4609
1097 768 4176
1876 554 7519
3963 4445 2022
6058 767 4399
5456 3794 2510
4556 5108 5543
66 4948 922
1862 4041 873
4889 3430 2104
2863 5500 573
4038 6121 6034
4623 5464 7050
4189 5990 3465
3071 3510 7854
2666 5322 321
5640 3357 6633
1328 4924 7202
2701 5958 9586
5248 2709 1811
1475 4301 3735
2053 259 6277
1790 5147 1298
237 5545 7557
4542 2086 7722
5399 4346 5548
819 4765 6137
181 2748 3404
1504 5520 167
3479 3392 9873
3914 4401 8425
112 5485 9049
100 4521 4319
1445 3763 3165
2882 3759 4647
5181 482 5107
6080 4688 5352
4242 350 5052
1628 5399 9060
5048 4285 7391
4843 3952 2277
6003 5438 6195
1653 4157 9260
4665 444 1452
1001 2494 520
3018 1240 3439
3889 881 1966
3637 830 9969
2059 67 9391
6167 6124 971
5253 2755 1603
4659 1289 6293
5153 867 3792
3969 1335 793
4176 4859 6030
1736 4518 7795
2925 1289 9039
1169 5957 8500
2222 3049 9539
5893 5857 3791
2274 4323 566
1637 5965 9806
1665 3929 1123
839 2424 323
3134 733 632
983 4003 5758
2565 5845 8958
1367 1022 4984
1003 3165 3997
2248 4910 8876
287 4875 7439
3246 1465 2576
897 1819 8829
4149 450 6834
3354 4998 4455
3227 2264 4961
5359 3929 783
2663 3969 3347
5727 2979 376
758 2214 151
5367 3737 2254
2866 631 6290
1239 1508 1765
2748 5758 3097
1449 1710 8927
205 5367 4030
3174 3723 1707
2370 1114 402
3042 2186 9588
107 5937 3815
4574 4276 660
773 1474 4588
1282 1270 5508
2196 3651 6397
1018 3897 5501
4094 4393 9045
5376 5628 1047
6052 4864 5845
143 268 9524
1030 737 1500
3486 357 4250
4218 2314 4184
3534 265 3749
2155 1269 9907
304 2782 4437
4743 992 9303
1181 1662 5277
304 407 8044
4031 461 8038
1005 676 4962
4939 5193 3754
2180 5447 5855
779 3464 7190
4835 5658 3627
5573 1725 8084
979 1259 8873
2493 1625 7592
2277 1659 278
4906 5130 3124
4416 4898 777
5499 5161 9621
4994 4426 398
512 5822 6342
4285 68 2896
3098 3112 1584
374 4712 3856
2582 4964 3772
627 5715 563
1078 1290 1279
5065 807 1618
5239 663 2306
813 3290 3409
5167 5331 6680
88 4260 2413
2052 4209 8444
3801 3036 1001
3988 2507 8526
5015 4665 6908
1407 140 6692
5642 5172 323
1432 4802 8244
6069 2118 3790
73 25 1395
586 3947 8207
5730 3744 6505
1253 1853 6579
4371 6162 1570
2837 959 1115
3368 1886 2181
5431 2713 5931
5870 1513 819
4585 6163 8019
227 4348 6911
4084 1955 4432
5824 2165 7533
5448 4947 2344
2932 6094 9482
1451 4795 1189
3545 3950 6116
3601 2115 5220
2573 1123 1346
4647 5345 9348
4521 3827 482
2064 2153 7376
58 2233 2880
3215 413 9612
5742 2390 4066
5810 3745 9671
5289 4752 1987
3980 5947 6591
4864 1709 3201
486 3826 6006
5584 1321 453
4819 5764 317
3411 841 4782
5783 1808 826
3569 350 8694
3178 5692 2520
5800 3924 2022
3481 5375 6142
165 5454 3325
2486 2398 9342
1346 6017 6913
3534 5682 3867
5422 2066 4813
5700 203 6430
6055 1727 8041
3077 1484 4927
5999 3462 7569
4060 3623 976
79 4587 7275
1391 1944 9370
556 5735 3583
2227 847 9312
1252 1264 6047
6165 5905 4362
389 4511 3625
2575 550 7605
504 480 6767
1814 4543 1450
2335 585 9044
2297 3484 8544
2046 1681 9234
312 4457 5037
4415 3785 6183
1093 5875 8247
5267 2466 1585
1777 3296 6977
767 2875 451
4317 2445 2248
3310 2280 3470
5692 4013 5942
2730 3547 7203
2541 156 9047
2324 5985 4484
2717 4969 9237
6197 1045 3553
2676 2376 5547
619 175 1092
5458 3406 973
3946 2175 4606
5205 5597 473
403 4500 558
2344 1781 7098
1486 3621 3718
921 6200 9465
1809 1366 5855
1769 3622 9283
3092 5640 3047
4596 4853 2417
121 1240 3883
290 739 7654
3154 3038 249
5093 3601 3600
3299 2472 536
5842 2495 5493
3140 3065 4056
5923 5986 596
5555 4980 5084
2461 1967 4872
1561 2592 3207
2070 2985 2434
906 225 2226
5223 1647 7879
512 3405 4682
5981 2364 4750
5726 5915 7759
2988 5201 8009
6041 3828 1728
2892 5698 2118
5383 618 3112
1859 396 6120
1735 6066 9491
4433 5508 7766
4272 2807 2898
585 5574 8283
235 1762 9716
2912 1168 7907
1599 1374 4032
1931 4060 8458
2029 1077 1310
1183 446 9868
1581 901 3232
5869 1873 9389
6157 385 6056
980 1709 902
3383 2384 6072
4791 179 8483
401 4953 976
5617 5355 6797
39 6179 35
5319 424 8272
2766 2804 401
4296 2574 3496
5446 3801 7696
6195 4262 9899
6174 3396 2658
471 5624 741
3775 1889 7738
4561 343 885
5934 1744 4571
3363 2407 7389
2432 1621 9063
243 823 2721
928 6034 7074
470 5917 1471
163 3364 8895
5798 3945 1126
5097 1989 207
1446 236 9836
5595 1389 5389
2971 110 1597
5753 6017 8267
3777 1513 4325
5537 4733 9749
492 1770 9526
1043 4771 8335
5208 4256 8017
21 2751 2661
5994 4615 8259
3651 2070 2772
5222 5083 9381
2511 1328 6076
434 2384 6206
400 3105 7657
691 3178 4125
144 4140 581
1877 5037 8383
4324 786 192
615 5490 7133
5569 1444 4212
1413 2313 3339
3848 528 8776
726 4236 6368
6026 1502 9076
98 2014 8039
605 2993 7383
898 897 5898
3811 235 839
505 5455 1398
31 4465 9676
2298 3352 4148
477 6198 763
503 743 3967
2715 3275 448
35 1155 9143
395 1117 4341
4880 4549 1350
3607 4508 5705
5853 1608 5081
711 2838 6876
3492 1353 4094
2297 1014 95
3784 3310 7021
5358 3824 7670
2603 2556 5082
3907 1101 4176
5800 1512 405
3787 5848 2843
280 2781 8541
3814 6097 4549
2017 3584 1266
5565 3494 6533
3812 5087 3075
5385 4699 1483
2156 5667 3797
5245 1836 2610
3400 2914 4119
1113 5047 1821
3382 2973 1425
2909 3358 9127
3780 4965 1110
1122 1971 4125
2860 1941 6924
217 1893 2785
2587 3898 5182
5092 2168 1251
2728 2931 7702
1144 4565 9556
3205 3179 2112
428 2707 2
2691 5902 3153
195 4117 6735
5066 3588 9333
4244 1491 8538
5858 3870 5955
6146 3203 4703
5293 3494 4613
304 4163 4242
4972 1638 8126
5247 5203 9517
1464 6154 1602
2986 2212 9781
2328 2126 6963
2082 5452 2867
2139 2134 483
4084 251 3225
5374 2123 9242
2610 5009 4708
1487 1179 8160
5437 3127 3887
464 2569 8912
1181 4578 9499
5469 5865 1297
801 2943 6115
5946 5283 931
2963 4370 9449
1984 3599 9735
424 2271 4216
2780 3762 3951
2161 5314 3836
494 871 3192
4046 3291 404
6131 5263 7780
1827 6082 3986
4931 2430 8831
353 962 3908
3957 2568 3105
2483 1601 9471
5483 893 4109
5048 5470 3847
3413 4063 9729
2331 797 4219
5858 387 5280
5029 3393 4594
3573 2384 2932
3041 3269 486
3874 1866 5761
2002 2165 7723
1866 1153 9776
583 498 5279
4498 2967 1789
3752 5470 554
5605 6036 6649
4390 376 3373
5918 5795 5737
5570 160 6499
856 3226 2859
3576 3967 2375
3251 2409 4649
4349 2458 8067
4199 5199 9550
590 2528 1898
5148 3488 5120
969 4727 5326
3684 666 8434
470 606 6670
290 1189 5525
2967 2681 5986
3072 5600 291
3813 1074 6222
546 2218 3018
2031 3811 1947
2969 4832 569
6063 2611 4505
5354 3412 5483
4671 5693 288
5297 5174 2423
2211 2779 9422
4082 700 3520
1040 3099 5012
3633 161 9953
1112 4906 2294
4393 6167 2883
5021 4904 4596
5607 2221 8604
2547 3272 4931
5209 283 3461
3062 4340 603
4452 2218 8504
6116 2505 7904
1936 5116 2964
3333 5817 5527
6060 1104 3824
809 2759 8537
6115 3176 3042
3477 5390 5814
4684 3822 8806
1687 1909 9312
5607 1568 9993
2307 3035 156
4689 3859 6240
2303 4001 1669
5527 3772 832
327 278 4593
5723 150 9758
1504 4863 8034
1321 2728 5066
3532 6076 817
176 1413 9548
4394 4507 5450
3195 6038 2185
3632 5892 4026
4067 4699 8666
343 658 1901
5607 2832 76
6127 1792 7861
6096 3256 7917
1000 3680 7126
1580 4518 6507
6020 5755 1568
5880 5194 6507
5928 2495 902
5430 3299 9104
6010 4551 4543
1829 3610 4851
2531 2984 211
1777 6013 3192
472 761 3372
4691 4881 4905
2612 211 2756
209 5711 391
2381 1804 9149
2079 3289 9204
2028 3176 5802
5003 5901 5836
4392 2121 570
1577 453 7461
4042 2224 833
1772 2701 5594
1558 1317 4351
5970 3875 6586
4329 5082 2276
3478 2958 8873
1024 1087 3348
3236 633 8610
3113 2091 9269
2269 4413 6681
463 5921 2159
5969 5143 7882
1565 5530 3278
2092 966 8194
5099 2140 7023
1621 4085 8402
5517 4767 8201
413 2536 4336
1354 846 4028
849 1581 6788
1150 4710 7796
3319 3663 7956
4124 6131 9546
3901 4306 130
2792 3746 5021
1823 2583 1114
258 2635 6988
2990 1445 9075
1254 2229 9608
2440 4795 4743
2893 3288 3960
1527 1901 4223
4194 4603 2609
113 1398 3447
3553 1954 3118
5018 281 6262
2922 1814 651
69 4730 2887
6196 5004 6899
5785 3128 6586
6095 5188 2828
4369 5350 1572
3436 5346 7241
2445 2372 522
3577 3633 1422
3485 2733 57
3382 2386 2571
1866 5240 7722
2313 4431 7615
2267 2292 468
3337 2191 9520
2500 4139 3751
5475 732 9080
434 6043 4292
4882 1165 4959
5021 1671 8835
5497 4765 9102
6140 4448 1497
1511 5550 4004
3026 5029 3961
845 5753 284
796 5416 9899
2027 3238 3040
3226 894 8558
5447 71 8483
2578 2580 1779
5593 1344 1045
3789 1931 6823
3358 2799 9522
3486 2463 8658
3433 441 53
3410 5336 9214
4212 5295 4978
5193 2148 7028
5448 5982 8888
216 1328 462
3586 5066 2778
1430 3053 9234
2078 2190 5074
3747 1497 8276
1250 3747 3812
6200 3571 245
3772 1893 6202
2989 3784 1053
3399 4510 3966
2684 2879 1936
2398 4646 1848
5572 2304 3970
5637 3304 8724
947 487 5791
4283 4119 6990
4795 3518 3317
5618 436 7835
2181 5425 9027
954 2933 5497
2145 2893 8991
5040 4697 1053
4047 3213 4752
5765 3699 9272
1640 334 5326
4749 1626 1743
6130 947 216
116 282 1486
613 754 566
1330 4599 3663
104 2302 331
3224 4800 4542
1648 4027 2949
1519 416 1110
1433 2730 1851
4953 392 1888
370 902 6537
1349 2366 803
5838 2282 3769
5420 4647 4041
1081 4004 3459
2554 942 776
5832 2965 2297
1618 3488 9141
6164 2985 3893
2777 4522 2272
2315 1995 3632
6197 5765 6799
4104 5675 7228
4382 5359 6175
3411 298 9560
5511 3978 161
1902 2171 9588
3918 4584 6395
5675 506 7020
887 3982 2900
5461 795 6631
5250 4558 1387
1358 2901 139
1804 1062 3249
884 2352 6676
4415 2717 3622
3484 3366 2271
2835 1919 8131
5769 4728 3748
4865 2057 6945
31 896 8092
3794 51 8133
1028 3899 8757
249 2938 8832
587 1415 6624
6193 197 1599
3572 2876 8971
4235 1870 2748
2497 580 8221
5216 2938 6984
3326 5253 8522
4682 1602 1910
2191 5262 1943
522 2162 1285
4767 5436 2762
1600 1328 7741
6044 2180 1026
4721 4931 7256
4098 895 6969
5434 59 9550
6009 5382 7131
2480 2917 8931
406 5181 5771
222 2816 8099
5629 6110 3462
5592 191 7573
3844 3679 5449
4871 658 7572
2441 2083 1558
1135 2875 1195
2764 829 809
1119 5461 5887
4296 951 4554
3943 408 1936
3332 3548 1376
824 3610 8251
2821 314 2480
6197 2471 3380
2434 3073 4647
309 4430 1191
2428 5783 1556
2362 3431 9994
2189 2859 6781
5752 5379 8502
2216 2374 3352
6149 786 3167
132 2764 8729
3408 1877 9523
5097 3773 8097
2150 2754 2592
4709 2767 3307
1921 2220 9718
613 3080 990
4184 3877 9492
1605 3775 7048
5224 4040 8290
1962 4960 2027
5527 2529 7918
5546 2175 5040
4080 4557 9514
774 4243 6519
1071 5323 7303
1258 487 8986
2203 6028 2581
2781 5629 5628
166 3920 9706
1432 3580 9976
2920 667 7127
2568 1109 8914
2404 2443 508
5303 3558 4243
2678 5118 2322
6125 5042 7161
3683 5104 4674
4115 1825 4753
1314 3115 2869
3309 5432 1943
6104 3282 3960
1852 1596 9416
1651 3828 6397
4181 962 2449
1307 6011 1436
2605 2736 9233
1515 3580 7096
5291 158 3621
2821 5086 3663
5957 4289 9418
2151 3297 7161
1196 3814 5386
165 2969 2304
5346 5685 7894
1915 3179 1146
2818 3262 4828
3571 3933 1708
4753 4390 8793
5213 5356 3751
5523 1115 6075
3335 4241 9368
925 873 1635
4855 5605 6700
1626 2318 2257
5901 5444 1018
575 1374 3329
2129 4865 6774
5749 3644 1618
837 1010 7979
3596 1583 373
787 4723 1154
879 2615 6763
4520 5165 6040
2235 685 4836
1558 5013 2533
3113 3929 2773
2557 5310 7121
1867 3118 200
3851 5923 6014
2238 911 7574
2615 562 5168
3125 2544 9270
4493 4530 5125
3243 4039 5286
864 1514 7286
1787 2728 217
777 5830 5438
5744 5883 7304
2905 4762 1816
3546 3737 5543
3533 2791 2885
124 4344 589
6096 5759 8774
3047 3483 3255
3707 6116 251
130 5500 2215
5516 2143 7527
2100 3987 4524
1833 3499 4424
2654 4111 5312
683 1925 2480
2198 3861 5420
2511 3975 2064
616 4310 6556
5164 1505 7703
1942 1844 373
1848 3650 3094
4394 2623 3441
3400 553 2773
1767 1812 1651
4999 3419 3425
5497 5781 4822
4324 5732 6685
2865 5582 262
1812 5142 7687
5181 3237 5574
3196 3877 550
1604 4919 1307
2519 1986 4678
1493 4728 7036
5814 2852 6484
1755 3648 7846
5099 4588 400
4019 826 7817
1114 3486 8853
4763 1928 6253
4486 446 236
2152 4946 8404
5102 2948 6433
4398 4170 5526
4455 1791 1278
2589 5725 2585
6035 2873 2249
5512 5705 2141
2006 1498 5411
2593 1098 9501
5137 66 6267
1655 6104 6772
5183 743 8639
804 4414 2952
2207 1855 6539
476 5652 8309
4757 4522 1242
3419 3579 4760
777 1148 2754
2821 4694 3503
5247 3217 9812
5882 2602 6608
162 4453 8131
2603 5927 9604
4217 2976 8844
2788 2608 7061
1339 2545 9973
594 4989 165
112 1394 8781
780 1778 513
2830 530 8023
3494 4562 1004
4877 4945 390
1257 3230 9031
4001 3812 4256
402 889 8902
6195 1280 1819
3805 1741 2925
2409 1688 1492
2151 2337 3858
792 4301 3696
2236 97 1997
1328 2983 1509
2235 3543 1001
3806 3940 5746
5126 4693 5981
2378 1536 8203
2551 2427 7364
267 3426 8322
5705 1726 1010
3879 5543 6861
2343 117 3783
4705 2427 7776
1834 3223 4017
3969 3898 2915
986 835 4234
1368 3918 2005
2729 122 5822
2554 5851 6005
122 2668 5393
3907 5447 6823
5902 5987 125
2394 6119 1475
2021 4546 7844
23 1636 9436
5688 790 5939
599 201 654
4011 3370 2775
4895 3194 3234
2360 2412 6458
5697 2124 946
4260 2351 7312
4211 1924 5638
3517 3908 6686
1491 2003 1218
5668 4004 4405
2629 1800 760
4470 4946 46
2284 973 110
2289 1949 8023
1999 5047 352
4511 1653 7681
4421 3117 2517
593 5036 3936
3413 3788 9486
526 3875 8694
1731 2239 107
2182 5943 3263
4414 2566 8804
970 3806 3233
1773 4843 4226
4124 2299 3224
3872 2986 4913
1794 5414 4339
2921 2866 2292
3540 4572 5273
4789 4499 2409
1410 6047 743
830 4103 3620
1508 3935 1537
2805 3932 7726
5177 2242 7813
5330 1048 9410
3789 1927 8983
5815 5637 2885
741 5323 1735
4240 1921 6050
4760 4088 8623
231 6165 8625
467 4768 1662
1876 1485 9378
5117 2473 8777
3800 2359 6244
434 3579 6977
5020 2156 4291
488 4769 8780
2546 4459 1821
3853 2918 5690
4490 1056 1523
5941 1374 368
4266 469 3383
301 3938 2823
4906 2432 9689
5009 2224 1226
2445 4124 9307
1265 3760 9250
5805 2689 4173
4403 5777 8261
17 233 5791
906 4031 4956
251 3302 6625
5301 6055 7216
4427 3165 6020
4923 2533 2242
6004 5942 1285
1022 5813 5606
1491 4841 732
3266 478 9280
892 129 5949
527 1313 1008
1000 1705 1376
4227 5811 6939
2427 3655 2569
6136 4763 2163
5599 4291 5180
4058 6062 5828
5763 3383 5569
5874 2590 392
221 2505 4773
3534 1705 3274
6195 5638 4433
596 2157 1840
5401 3959 6277
862 3298 2170
4319 709 6697
1580 2063 3916
3196 5393 1666
4308 145 7678
4263 3333 2764
1440 5770 4457
940 3149 9119
514 4330 6809
5576 4683 3361
2558 1126 6095
4557 3922 1022
4675 4956 8195
1559 5498 9655
282 5902 7464
660 5769 5405
2860 3783 3174
49 4501 7250
3652 2618 3006
3532 5253 2749
6169 3067 4260
1418 4800 9464
3770 3041 7634
2989 1634 8770
1129 6050 4744
2859 2349 2527
5198 2181 8330
4563 3728 9455
3247 2204 8929
1301 1100 878
2099 510 4941
4554 1183 5626
2175 5411 9472
2297 4711 5500
280 844 3231
3235 6025 1159
2229 3741 5074
4632 1291 9534
2122 5359 409
551 1713 7619
187 5055 2765
776 3083 8115
5571 2208 866
3806 1490 8334
2658 1945 7070
535 4452 2890
1192 3249 1374
3091 4277 4050
3394 5500 2518
5180 1942 1679
1063 4306 2109
4930 3437 6201
6050 1033 9869
905 4358 6817
552 888 8505
2170 1460 8449
4326 5372 5559
1641 3893 1172
4834 4872 7791
3528 5580 71
212 5987 5310
2554 1486 5857
895 603 4330
5322 4514 9276
155 3206 6671
740 5937 4462
1378 2920 2928
3800 5889 1953
2158 6100 8127
1890 5006 8782
1975 4548 3250
5457 4246 4259
1042 5821 2594
18 2301 3946
5750 435 6290
4946 1107 1222
68 2143 3428
4756 2217 467
5469 1290 6721
4519 4968 9024
1741 432 4460
3882 1402 9127
3077 4818 9903
5814 2733 9982
2286 6192 6079
2328 4850 1941
1431 5137 3176
6174 4769 7792
4502 2968 353
3589 5730 9446
3085 4802 3310
4764 4180 2491
3047 3954 5705
2364 3807 9437
1539 6029 973
1926 5655 6283
371 2090 5542
3426 1762 4207
2085 1333 9254
1961 2233 1463
4147 791 4279
233 451 6728
4881 3784 8765
2937 2137 6163
4205 4797 4306
1464 5045 8039
4333 4987 7032
4551 3652 2683
2426 538 7303
4028 915 5911
5728 20 2466
4725 5345 1835
5291 2357 2563
3994 2457 1403
1971 3217 2896
6114 2243 1905
5654 1994 1975
1366 1013 4653
3090 2953 8330
5316 2747 554
4373 2579 5121
4953 5055 3031
1042 1920 8780
5013 1967 2253
408 3794 3858
1421 102 5451
3905 5239 6793
5184 5874 5472
4678 2460 6297
4841 2471 2201
689 2236 1480
2498 2778 6595
2407 2533 6544
643 4856 3820
5926 3351 8156
3288 5875 2697
5978 3968 6724
3429 5541 8206
1845 1806 7443
3939 3030 8680
795 1464 5203
2595 154 8331
5167 5277 8402
338 2637 8611
5991 1311 1921
4447 4567 4827
6010 1605 22
1596 4382 5124
2089 5442 4885
1588 2230 7955
1978 2758 7754
5556 4659 5533
4087 5962 6758
976 4110 537
3366 5337 1333
2164 2211 5611
3664 6123 3629
1368 5897 2796
663 1547 4435
2314 5298 5662
3816 5687 7483
1949 426 6216
2100 4177 3929
1409 4359 9463
1220 6043 4677
382 4843 825
5494 1337 4925
16 4161 4352
2432 2525 9531
2732 4967 4900
224 3415 5018
4468 298 2219
2979 5302 3560
4458 2622 5592
2711 871 4735
5379 1336 4767
1970 6083 7466
563 3306 5791
396 2209 3538
4745 2353 7938
4994 766 839
3881 4893 1468
3939 5388 5957
779 914 1747
2629 5052 246
6099 988 1702
2371 4121 2681
3882 1026 9757
3923 3590 3479
4436 4087 1244
1415 878 8916
3202 3647 7077
1430 209 8829
3726 5357 7000
6037 717 3609
2060 1228 7248
3592 3272 8977
6110 860 6121
5843 1214 6269
1733 2581 8323
297 895 4844
910 1749 2238
5574 6017 8283
1345 4757 3242
4933 3601 3861
5958 3466 9779
780 2408 9928
2445 332 4133
1654 2572 7599
4530 5327 4347
5456 3600 4886
3765 5579 5923
971 3956 8786
631 1443 4502
4193 2943 6826
3073 4441 2123
3727 3906 7225
1670 4460 3568
4966 4602 1082
2490 134 834
725 1488 1658
2114 1091 3412
1353 4366 1413
5255 3731 3362
5378 3117 5383
1544 3556 8007
2336 661 3923
5052 1061 271
866 1433 1680
4882 3606 3560
5368 691 1195
5254 535 2352
883 2131 3914
1552 3609 6085
944 917 3345
4499 336 8467
6109 2765 5041
3703 5273 3024
3268 3297 4858
5624 3633 5704
375 2185 88
2995 3496 2397
2272 2246 2033
1538 4109 5014
4412 2692 6599
1813 1803 493
2863 586 9875
4201 5942 9757
5185 3231 1151
4706 5098 87
1411 3197 6644
2801 2573 7696
2146 1642 8022
2992 4986 2622
1695 666 4855
1195 2937 3648
5737 2669 3767
3639 2000 7015
153 6147 6973
3842 4360 9664
3231 2145 3863
4382 3391 6087
4058 5899 1858
4279 4838 9192
2015 1560 3300
5370 2852 4146
5641 1361 4892
1130 4374 5139
1611 4328 4539
4769 1268 5153
274 564 8882
4850 119 8779
6105 737 9298
3232 4218 1290
1985 3327 2920
2152 2835 7662
2299 5387 8255
5065 35 5667
4263 6019 9452
5550 4044 8138
401 179 5254
1061 4991 4921
460 116 4833
5683 4930 1038
2453 4185 7411
4586 5592 5889
1320 4091 4952
2735 4270 6306
1908 3178 7923
1601 6149 8478
1274 1033 8250
5393 231 1134
3607 2945 3740
4278 3758 461
641 1500 6790
4974 2203 1833
924 4521 5277
3633 3750 438
3361 1047 8956
4473 2843 2332
1998 1363 6595
3553 1113 7535
371 11 9966
68 4043 2753
2292 4643 8294
4833 5754 7832
2068 5202 516
2530 4496 8932
3336 1955 803
4892 3114 1826
651 864 1595
5125 2523 6010
5154 514 8507
2246 4663 391
5162 697 6462
5276 3512 1825
1175 3041 3522
3171 829 6206
1284 6074 3536
2565 2458 9710
1525 1006 5315
2089 1938 6583
5995 5068 9687
421 5788 1458
1941 957 3977
164 3691 2634
2488 80 3689
4073 2209 1265
5462 3442 8506
5852 420 8526
318 7 1629
842 2528 9092
3391 4838 607
4493 928 9958
3176 5452 3573
2282 1610 8541
2476 338 9962
1424 548 9163
3132 5989 6457
1981 2637 1196
3387 5273 593
4227 4972 8086
411 1188 1181
2971 2365 1254
2633 3549 9750
1838 5069 2864
3804 3539 6028
4975 4057 330
1656 1999 5153
5794 1084 7765
4572 1083 1401
5061 3278 4896
3556 30 1561
4971 6181 7979
5478 5429 4524
1798 1759 905
4887 3268 7220
5866 1938 6251
5640 5040 5744
5170 727 954
381 5725 1998
2160 1761 5470
5492 2637 7838
3553 2228 4875
4603 4702 4042
794 4785 1813
4746 3649 2748
1901 1573 6898
5836 6055 3002
5019 2530 9966
986 4983 3167
1875 714 1211
4037 414 4491
3793 3328 1260
3582 5435 9486
6060 162 4235
1348 4540 8365
245 3172 4216
5306 4084 5212
2615 5280 6408
2487 4690 6670
4560 4044 8791
6137 4026 611
4750 2154 7710
3277 2357 5482
3070 2655 592
5948 4313 8614
236 6024 7233
508 2961 3058
1676 1309 9977
3548 3406 5307
5335 5124 4190
1504 120 2358
4251 4585 5249
406 3979 7076
4880 1566 8858
1088 5308 3869
878 3986 5953
1954 2411 7580
793 4908 4221
3661 320 6840
2916 6189 8795
5913 5771 9923
229 2426 1837
4760 5825 9879
2470 5674 4939
2569 4537 7253
4271 5232 3029
5958 5844 4495
4267 2093 2521
5512 846 8590
6140 5536 3102
4988 6057 8644
6050 5509 5093
5061 1271 712
3657 5139 7463
464 2403 9968
748 4755 3449
3826 1741 7492
5087 2472 38
2922 5529 7521
5031 3655 5280
4954 5312 7337
5875 5259 5020
4840 50 5715
1463 5850 5450
181 1176 8198
5662 2185 9460
3278 329 4267
211 6130 396
1997 5668 9338
4909 5219 6726
3977 4563 9011
1978 2178 6275
4550 1276 1589
5243 3561 254
1917 1965 1143
1726 3092 5162
3000 2431 5327
3725 5777 8243
1448 1859 2841
4328 5453 4867
1539 5984 2468
4903 1888 8802
6097 3244 6324
155 4659 1933
3522 2208 2320
3694 627 5874
2801 1761 253
5172 4127 1380
98 3921 9696
792 3121 1490
4933 4665 759
3949 6130 5984
1430 2216 3989
720 479 2419
669 3825 9872
92 4506 3083
5252 2396 4947
1878 6136 8732
221 3836 3539
5217 911 9022
3222 335 3414
1510 2430 114
5157 716 72
1076 675 2463
3677 1013 6116
1081 3639 779
2058 5103 5798
586 780 4914
3989 4971 9600
3165 5012 7770
2296 1350 8879
1456 4268 702
1943 1261 5520
2624 4239 902
1929 5405 4016
4506 2141 1453
3583 3217 1990
3678 6047 1287
2191 5779 9151
61 5165 4234
3189 18 1072
2610 671 9455
4179 4056 4835
1722 2973 3773
847 5480 5352
3966 3335 2407
1709 3872 789
4427 3082 3978
3436 5270 9000
3467 3017 9330
5120 5912 2916
621 4483 6775
1204 2509 9552
695 187 2125
4916 2024 9595
200 3510 8011
4198 4103 2203
4214 2281 7171
1677 603 2778
145 3633 4884
3722 517 9252
1474 3831 4805
1876 5081 3418
6197 971 35
5613 4203 6247
4137 1345 3941
2856 4002 6349
3691 324 4027
3069 5977 2048
424 6061 5691
5492 1465 9672
1779 1074 9445
1860 4149 313
264 1716 2899
3738 5052 2690
5797 2241 795
5128 3411 6582
4553 105 6204
4934 349 7796
343 608 6002
5433 197 324
2689 5090 8824
4073 528 668
2625 3977 832
3619 2674 178
2593 575 2143
1416 2119 8425
222 268 977
1623 5238 8981
5154 4 2674
4609 5471 575
4353 1287 7005
1669 4655 432
1997 5755 7836
924 3825 1635
380 2333 7542
2471 5825 1965
2290 270 8179
1525 2190 4948
1806 3483 8271
1409 3975 4437
3483 2683 8652
787 1302 6156
2488 1742 3025
3781 5025 669
875 4761 753
2616 5398 7286
2904 5384 2052
5616 5593 9846
869 4955 8351
5044 1567 1280
2489 4724 3512
770 2136 2058
5408 2086 7606
1231 936 5595
4166 5771 7412
3401 519 5617
4290 2455 4157
1706 3270 1872
5109 3355 8431
1190 1491 5931
4863 2109 6612
5633 3607 7132
1045 5057 3527
1561 4320 3852
958 2449 56
2324 372 261
5679 2644 9778
5016 1041 3334
1618 1545 6060
597 2217 7122
5541 4875 9455
83 4488 5544
2157 6128 7377
2244 5394 9305
1375 1595 6803
181 3424 4586
4398 2932 5313
907 5290 3234
3033 31 98
2197 2037 1028
4394 2157 8221
104 300 108
2653 5551 6612
3619 249 7307
761 6117 9400
5827 2645 7459
1128 3791 3464
5949 224 7162
4515 5198 2013
2773 1299 7985
83 706 2017
1026 99 3656
1953 2781 7837
1656 10 4945
2195 3035 6126
2453 3084 9111
3481 5474 5111
3788 2051 3707
5512 3401 3395
2531 926 7401
319 4376 1919
5830 1469 6840
1334 5370 5410
1902 475 3714
5918 3249 9554
5293 3239 9688
3870 5652 4811
1301 2125 4471
3445 948 2205
2074 6076 773
5026 903 4986
424 3964 535
1433 2106 7385
2248 1730 2657
92 3256 8488
5104 3524 4808
5181 3369 4531
2817 607 3491
584 5330 4324
4346 5304 7982
5086 4328 88
3405 76 4087
492 2930 4815
5753 2019 6442
5416 4775 6570
3565 1642 9831
6179 5662 1014
5176 7 3485
1569 664 5324
4795 2305 8513
2133 5307 1769
5493 3422 8483
2526 886 3184
3762 2742 2145
2355 5156 4742
5960 329 9397
5799 2764 1047
945 6103 8186
1363 208 1028
4341 4789 7278
3971 410 8220
277 4357 1773
3628 2339 5839
1206 6172 1901
3759 3259 1520
4295 3404 6013
956 3074 2817
5936 3344 1169
2557 5141 5808
908 1545 1487
4292 5713 2348
807 1524 9886
357 3535 2618
3616 5224 3435
1534 936 3396
4909 372 2631
5288 62 7470
733 4205 4605
3191 3743 6655
224 3008 7789
3303 821 532
4915 1895 9252
26 3265 7458
5487 3007 9733
3141 2149 8902
5287 3114 8394
2633 5957 7088
5240 5005 1474
2381 1729 9878
1099 1016 9480
5394 3383 9225
807 2343 18
1685 23 2487
62 5716 6641
3914 2715 4778
26 1046 5377
1317 4644 481
5311 128 6358
1194 5112 7889
2022 5182 7461
938 3637 6573
268 1919 7166
5340 2513 5151
1892 5241 1485
4030 5942 9612
5020 3102 632
2019 5203 4535
4053 4011 1843
2186 2167 5911
4390 6163 2301
2926 5813 5989
1309 2290 8078
5740 5377 6356
1943 5353 1392
694 5794 4097
348 5905 7337
6164 5015 8511
5022 1418 5995
6053 5763 331
283 5790 7962
1703 889 3588
5343 565 4074
5523 2852 7188
1188 5868 5859
3673 2823 813
5735 4500 3561
6186 5759 5214
4611 1359 106
3188 2462 4542
3594 5332 1521
3612 3103 468
5509 2204 7784
5514 2759 1362
3222 871 4538
1062 2036 6151
1610 197 8880
4757 5166 6932
3011 4463 8307
3689 4008 8991
1240 666 3092
1853 2544 9040
2744 2548 5369
5155 2538 7464
4148 5568 9824
4318 6049 5962
4799 2952 3742
5701 3817 3005
4393 4598 6474
1 3704 1086 1426 123
0 128
0 257
0 53
0 124
0 169
0 249
0 38
0 275
0 217
1 5158 5605 8970 69
0 21
0 87
1 4729 3018 5922 297
0 195
1 2515 3974 4338 291
0 160
0 100
0 60
0 304
0 231
1 3182 4303 7554 236
1 413 4944 1581 58
1 5207 3748 2314 76
0 81
1 3757 391 8596 67
1 549 1834 9816 4
0 74
1 5049 2154 434 204
1 1136 184 3936 44
1 3133 281 8634 70
0 180
0 182
0 187
1 5890 5753 1025 111
0 179
0 181
1 5030 2619 7255 25
1 1642 1812 5374 234
1 3220 4296 401 258
0 241
0 247
0 307
0 310
0 293
0 129
0 183
0 55
0 273
0 8
1 4720 3170 897 239
1 5886 6035 4835 137
1 2876 3651 1088 83
0 243
0 190
0 218
0 278
1 2798 1273 7789 130
1 2323 2900 6097 40
1 3176 5245 2039 29
1 2720 2528 7466 251
0 64
1 4000 3803 8595 272
1 52 4312 3729 119
0 164
1 401 5898 4404 279
1 3483 4740 4134 3
1 4089 1199 8957 2
0 227
0 26
0 171
0 84
0 72
1 2267 803 308 175
0 5
1 1942 3815 3534 282
1 2176 108 9080 103
0 85
0 223
0 68
1 2829 1889 3764 298
1 80 5316 997 62
0 31
0 19
0 158
0 16
0 312
0 222
0 150
0 151
1 5728 2597 1745 152
0 6
0 18
0 245
0 224
0 135
1 2132 3682 6684 162
0 35
0 197
0 56
0 215
0 104
0 286
1 5989 5387 8123 170
0 253
0 199
1 2705 3750 7595 66
1 361 4857 9255 301
0 48
0 214
0 252
0 50
0 244
0 147
1 477 2667 2846 281
0 54
0 192
0 276
0 20
0 221
0 216
0 106
0 205
0 59
1 2497 1911 3702 110
0 306
0 233
0 131
0 154
0 138
0 132
0 149
1 6060 796 6900 140
0 274
1 3144 3434 1901 161
1 741 6174 740 294
1 3289 5866 6376 288
1 4863 3564 663 309
0 107
0 186
0 102
0 127
0 116
0 230
1 1230 4226 7064 226
1 4553 3102 4053 209
0 268
0 45
1 5162 2715 3045 115
0 95
0 13
0 300
0 11
0 97
0 114
1 3553 1850 7082 229
0 61
1 1823 1522 3445 118
0 311
0 176
1 1641 4124 7019 57
1 1109 607 5357 90
0 120
0 184
1 6103 1333 4337 177
0 256
1 2708 5622 5705 210
0 305
0 155
0 208
0 254
0 250
0 228
0 101
1 3036 549 39 126
1 5078 1593 2263 113
0 285
0 246
0 283
0 141
0 146
0 43
0 145
0 142
0 295
1 1897 4015 2311 143
0 89
0 220
0 207
0 79
0 262
0 34
1 5379 1632 1562 99
1 3409 4445 6842 71
1 3652 1958 9502 39
0 33
0 206
0 125
0 144
0 46
0 213
0 1
1 1262 3586 1853 174
0 28
0 163
0 78
0 88
0 86
0 280
0 299
0 14
0 296
1 517 1247 5034 51
0 148
0 73
1 2604 4786 252 193
0 255
0 235
0 265
0 23
0 219
0 156
0 289
0 75
1 5871 5613 105 267
1 2799 311 1108 185
0 290
0 237
0 136
0 242
0 292
1 4904 2773 4516 201
0 284
0 259
0 303
0 37
0 65
0 260
1 2623 5077 3857 189
1 1188 3736 9295 10
1 5358 44 6170 27
0 240
0 178
0 112
0 12
0 153
0 271
0 165
0 49
0 9
0 63
0 42
0 134
0 92
0 139
0 168
0 17
0 93
0 203
1 1182 5174 6142 7
1 5638 1824 8296 308
0 105
0 122
0 159
0 30
0 15
1 774 804 9878 52
0 264
0 172
1 5692 778 4801 287
0 32
0 238
0 191
1 5266 6192 7167 269
1 2301 59 1803 91
1 2348 6045 4213 248
0 133
0 121
0 80
0 198
1 5609 115 2766 200
0 47
0 166
0 167
0 266
0 232
1 1371 1758 6908 94
0 277
1 4606 3025 4138 202
0 270
0 98
1 613 5945 7705 41
1 1855 5371 4652 173
0 194
0 96
1 2995 762 8843 77
0 36
0 261
0 211
0 117
0 22
0 82
0 157
0 302
0 188
0 196
0 212
1 2714 3195 5517 24
0 263
0 225
1 2683 2642 6069 108
0 109
